1280
640
0
0
9 1 117 1 140 1 218 1 445 1 589 1 640 1 704 1 1280 1280
10 1 118 1 141 1 219 1 446 1 590 1 641 1 705 1 1280 1280
11 1 119 1 142 1 220 1 447 1 591 1 642 1 706 1 1280 1280
12 1 120 1 143 1 221 1 384 1 592 1 643 1 707 1 1280 1280
13 1 121 1 144 1 222 1 385 1 593 1 644 1 708 1 1280 1280
14 1 122 1 145 1 223 1 386 1 594 1 645 1 709 1 1280 1280
15 1 123 1 146 1 224 1 387 1 595 1 646 1 710 1 1280 1280
16 1 124 1 147 1 225 1 388 1 596 1 647 1 711 1 1280 1280
17 1 125 1 148 1 226 1 389 1 597 1 648 1 712 1 1280 1280
18 1 126 1 149 1 227 1 390 1 598 1 649 1 713 1 1280 1280
19 1 127 1 150 1 228 1 391 1 599 1 650 1 714 1 1280 1280
20 1 64 1 151 1 229 1 392 1 600 1 651 1 715 1 1280 1280
21 1 65 1 152 1 230 1 393 1 601 1 652 1 716 1 1280 1280
22 1 66 1 153 1 231 1 394 1 602 1 653 1 717 1 1280 1280
23 1 67 1 154 1 232 1 395 1 603 1 654 1 718 1 1280 1280
24 1 68 1 155 1 233 1 396 1 604 1 655 1 719 1 1280 1280
25 1 69 1 156 1 234 1 397 1 605 1 656 1 720 1 1280 1280
26 1 70 1 157 1 235 1 398 1 606 1 657 1 721 1 1280 1280
27 1 71 1 158 1 236 1 399 1 607 1 658 1 722 1 1280 1280
28 1 72 1 159 1 237 1 400 1 608 1 659 1 723 1 1280 1280
29 1 73 1 160 1 238 1 401 1 609 1 660 1 724 1 1280 1280
30 1 74 1 161 1 239 1 402 1 610 1 661 1 725 1 1280 1280
31 1 75 1 162 1 240 1 403 1 611 1 662 1 726 1 1280 1280
32 1 76 1 163 1 241 1 404 1 612 1 663 1 727 1 1280 1280
33 1 77 1 164 1 242 1 405 1 613 1 664 1 728 1 1280 1280
34 1 78 1 165 1 243 1 406 1 614 1 665 1 729 1 1280 1280
35 1 79 1 166 1 244 1 407 1 615 1 666 1 730 1 1280 1280
36 1 80 1 167 1 245 1 408 1 616 1 667 1 731 1 1280 1280
37 1 81 1 168 1 246 1 409 1 617 1 668 1 732 1 1280 1280
38 1 82 1 169 1 247 1 410 1 618 1 669 1 733 1 1280 1280
39 1 83 1 170 1 248 1 411 1 619 1 670 1 734 1 1280 1280
40 1 84 1 171 1 249 1 412 1 620 1 671 1 735 1 1280 1280
41 1 85 1 172 1 250 1 413 1 621 1 672 1 736 1 1280 1280
42 1 86 1 173 1 251 1 414 1 622 1 673 1 737 1 1280 1280
43 1 87 1 174 1 252 1 415 1 623 1 674 1 738 1 1280 1280
44 1 88 1 175 1 253 1 416 1 624 1 675 1 739 1 1280 1280
45 1 89 1 176 1 254 1 417 1 625 1 676 1 740 1 1280 1280
46 1 90 1 177 1 255 1 418 1 626 1 677 1 741 1 1280 1280
47 1 91 1 178 1 192 1 419 1 627 1 678 1 742 1 1280 1280
48 1 92 1 179 1 193 1 420 1 628 1 679 1 743 1 1280 1280
49 1 93 1 180 1 194 1 421 1 629 1 680 1 744 1 1280 1280
50 1 94 1 181 1 195 1 422 1 630 1 681 1 745 1 1280 1280
51 1 95 1 182 1 196 1 423 1 631 1 682 1 746 1 1280 1280
52 1 96 1 183 1 197 1 424 1 632 1 683 1 747 1 1280 1280
53 1 97 1 184 1 198 1 425 1 633 1 684 1 748 1 1280 1280
54 1 98 1 185 1 199 1 426 1 634 1 685 1 749 1 1280 1280
55 1 99 1 186 1 200 1 427 1 635 1 686 1 750 1 1280 1280
56 1 100 1 187 1 201 1 428 1 636 1 687 1 751 1 1280 1280
57 1 101 1 188 1 202 1 429 1 637 1 688 1 752 1 1280 1280
58 1 102 1 189 1 203 1 430 1 638 1 689 1 753 1 1280 1280
59 1 103 1 190 1 204 1 431 1 639 1 690 1 754 1 1280 1280
60 1 104 1 191 1 205 1 432 1 576 1 691 1 755 1 1280 1280
61 1 105 1 128 1 206 1 433 1 577 1 692 1 756 1 1280 1280
62 1 106 1 129 1 207 1 434 1 578 1 693 1 757 1 1280 1280
63 1 107 1 130 1 208 1 435 1 579 1 694 1 758 1 1280 1280
0 1 108 1 131 1 209 1 436 1 580 1 695 1 759 1 1280 1280
1 1 109 1 132 1 210 1 437 1 581 1 696 1 760 1 1280 1280
2 1 110 1 133 1 211 1 438 1 582 1 697 1 761 1 1280 1280
3 1 111 1 134 1 212 1 439 1 583 1 698 1 762 1 1280 1280
4 1 112 1 135 1 213 1 440 1 584 1 699 1 763 1 1280 1280
5 1 113 1 136 1 214 1 441 1 585 1 700 1 764 1 1280 1280
6 1 114 1 137 1 215 1 442 1 586 1 701 1 765 1 1280 1280
7 1 115 1 138 1 216 1 443 1 587 1 702 1 766 1 1280 1280
8 1 116 1 139 1 217 1 444 1 588 1 703 1 767 1 1280 1280
39 1 230 1 317 1 381 1 418 1 476 1 544 1 636 1 704 1 768 1 1280 1280
40 1 231 1 318 1 382 1 419 1 477 1 545 1 637 1 705 1 769 1 1280 1280
41 1 232 1 319 1 383 1 420 1 478 1 546 1 638 1 706 1 770 1 1280 1280
42 1 233 1 256 1 320 1 421 1 479 1 547 1 639 1 707 1 771 1 1280 1280
43 1 234 1 257 1 321 1 422 1 480 1 548 1 576 1 708 1 772 1 1280 1280
44 1 235 1 258 1 322 1 423 1 481 1 549 1 577 1 709 1 773 1 1280 1280
45 1 236 1 259 1 323 1 424 1 482 1 550 1 578 1 710 1 774 1 1280 1280
46 1 237 1 260 1 324 1 425 1 483 1 551 1 579 1 711 1 775 1 1280 1280
47 1 238 1 261 1 325 1 426 1 484 1 552 1 580 1 712 1 776 1 1280 1280
48 1 239 1 262 1 326 1 427 1 485 1 553 1 581 1 713 1 777 1 1280 1280
49 1 240 1 263 1 327 1 428 1 486 1 554 1 582 1 714 1 778 1 1280 1280
50 1 241 1 264 1 328 1 429 1 487 1 555 1 583 1 715 1 779 1 1280 1280
51 1 242 1 265 1 329 1 430 1 488 1 556 1 584 1 716 1 780 1 1280 1280
52 1 243 1 266 1 330 1 431 1 489 1 557 1 585 1 717 1 781 1 1280 1280
53 1 244 1 267 1 331 1 432 1 490 1 558 1 586 1 718 1 782 1 1280 1280
54 1 245 1 268 1 332 1 433 1 491 1 559 1 587 1 719 1 783 1 1280 1280
55 1 246 1 269 1 333 1 434 1 492 1 560 1 588 1 720 1 784 1 1280 1280
56 1 247 1 270 1 334 1 435 1 493 1 561 1 589 1 721 1 785 1 1280 1280
57 1 248 1 271 1 335 1 436 1 494 1 562 1 590 1 722 1 786 1 1280 1280
58 1 249 1 272 1 336 1 437 1 495 1 563 1 591 1 723 1 787 1 1280 1280
59 1 250 1 273 1 337 1 438 1 496 1 564 1 592 1 724 1 788 1 1280 1280
60 1 251 1 274 1 338 1 439 1 497 1 565 1 593 1 725 1 789 1 1280 1280
61 1 252 1 275 1 339 1 440 1 498 1 566 1 594 1 726 1 790 1 1280 1280
62 1 253 1 276 1 340 1 441 1 499 1 567 1 595 1 727 1 791 1 1280 1280
63 1 254 1 277 1 341 1 442 1 500 1 568 1 596 1 728 1 792 1 1280 1280
0 1 255 1 278 1 342 1 443 1 501 1 569 1 597 1 729 1 793 1 1280 1280
1 1 192 1 279 1 343 1 444 1 502 1 570 1 598 1 730 1 794 1 1280 1280
2 1 193 1 280 1 344 1 445 1 503 1 571 1 599 1 731 1 795 1 1280 1280
3 1 194 1 281 1 345 1 446 1 504 1 572 1 600 1 732 1 796 1 1280 1280
4 1 195 1 282 1 346 1 447 1 505 1 573 1 601 1 733 1 797 1 1280 1280
5 1 196 1 283 1 347 1 384 1 506 1 574 1 602 1 734 1 798 1 1280 1280
6 1 197 1 284 1 348 1 385 1 507 1 575 1 603 1 735 1 799 1 1280 1280
7 1 198 1 285 1 349 1 386 1 508 1 512 1 604 1 736 1 800 1 1280 1280
8 1 199 1 286 1 350 1 387 1 509 1 513 1 605 1 737 1 801 1 1280 1280
9 1 200 1 287 1 351 1 388 1 510 1 514 1 606 1 738 1 802 1 1280 1280
10 1 201 1 288 1 352 1 389 1 511 1 515 1 607 1 739 1 803 1 1280 1280
11 1 202 1 289 1 353 1 390 1 448 1 516 1 608 1 740 1 804 1 1280 1280
12 1 203 1 290 1 354 1 391 1 449 1 517 1 609 1 741 1 805 1 1280 1280
13 1 204 1 291 1 355 1 392 1 450 1 518 1 610 1 742 1 806 1 1280 1280
14 1 205 1 292 1 356 1 393 1 451 1 519 1 611 1 743 1 807 1 1280 1280
15 1 206 1 293 1 357 1 394 1 452 1 520 1 612 1 744 1 808 1 1280 1280
16 1 207 1 294 1 358 1 395 1 453 1 521 1 613 1 745 1 809 1 1280 1280
17 1 208 1 295 1 359 1 396 1 454 1 522 1 614 1 746 1 810 1 1280 1280
18 1 209 1 296 1 360 1 397 1 455 1 523 1 615 1 747 1 811 1 1280 1280
19 1 210 1 297 1 361 1 398 1 456 1 524 1 616 1 748 1 812 1 1280 1280
20 1 211 1 298 1 362 1 399 1 457 1 525 1 617 1 749 1 813 1 1280 1280
21 1 212 1 299 1 363 1 400 1 458 1 526 1 618 1 750 1 814 1 1280 1280
22 1 213 1 300 1 364 1 401 1 459 1 527 1 619 1 751 1 815 1 1280 1280
23 1 214 1 301 1 365 1 402 1 460 1 528 1 620 1 752 1 816 1 1280 1280
24 1 215 1 302 1 366 1 403 1 461 1 529 1 621 1 753 1 817 1 1280 1280
25 1 216 1 303 1 367 1 404 1 462 1 530 1 622 1 754 1 818 1 1280 1280
26 1 217 1 304 1 368 1 405 1 463 1 531 1 623 1 755 1 819 1 1280 1280
27 1 218 1 305 1 369 1 406 1 464 1 532 1 624 1 756 1 820 1 1280 1280
28 1 219 1 306 1 370 1 407 1 465 1 533 1 625 1 757 1 821 1 1280 1280
29 1 220 1 307 1 371 1 408 1 466 1 534 1 626 1 758 1 822 1 1280 1280
30 1 221 1 308 1 372 1 409 1 467 1 535 1 627 1 759 1 823 1 1280 1280
31 1 222 1 309 1 373 1 410 1 468 1 536 1 628 1 760 1 824 1 1280 1280
32 1 223 1 310 1 374 1 411 1 469 1 537 1 629 1 761 1 825 1 1280 1280
33 1 224 1 311 1 375 1 412 1 470 1 538 1 630 1 762 1 826 1 1280 1280
34 1 225 1 312 1 376 1 413 1 471 1 539 1 631 1 763 1 827 1 1280 1280
35 1 226 1 313 1 377 1 414 1 472 1 540 1 632 1 764 1 828 1 1280 1280
36 1 227 1 314 1 378 1 415 1 473 1 541 1 633 1 765 1 829 1 1280 1280
37 1 228 1 315 1 379 1 416 1 474 1 542 1 634 1 766 1 830 1 1280 1280
38 1 229 1 316 1 380 1 417 1 475 1 543 1 635 1 767 1 831 1 1280 1280
17 1 114 1 236 1 308 1 560 1 641 1 768 1 832 1 1280 1280
18 1 115 1 237 1 309 1 561 1 642 1 769 1 833 1 1280 1280
19 1 116 1 238 1 310 1 562 1 643 1 770 1 834 1 1280 1280
20 1 117 1 239 1 311 1 563 1 644 1 771 1 835 1 1280 1280
21 1 118 1 240 1 312 1 564 1 645 1 772 1 836 1 1280 1280
22 1 119 1 241 1 313 1 565 1 646 1 773 1 837 1 1280 1280
23 1 120 1 242 1 314 1 566 1 647 1 774 1 838 1 1280 1280
24 1 121 1 243 1 315 1 567 1 648 1 775 1 839 1 1280 1280
25 1 122 1 244 1 316 1 568 1 649 1 776 1 840 1 1280 1280
26 1 123 1 245 1 317 1 569 1 650 1 777 1 841 1 1280 1280
27 1 124 1 246 1 318 1 570 1 651 1 778 1 842 1 1280 1280
28 1 125 1 247 1 319 1 571 1 652 1 779 1 843 1 1280 1280
29 1 126 1 248 1 256 1 572 1 653 1 780 1 844 1 1280 1280
30 1 127 1 249 1 257 1 573 1 654 1 781 1 845 1 1280 1280
31 1 64 1 250 1 258 1 574 1 655 1 782 1 846 1 1280 1280
32 1 65 1 251 1 259 1 575 1 656 1 783 1 847 1 1280 1280
33 1 66 1 252 1 260 1 512 1 657 1 784 1 848 1 1280 1280
34 1 67 1 253 1 261 1 513 1 658 1 785 1 849 1 1280 1280
35 1 68 1 254 1 262 1 514 1 659 1 786 1 850 1 1280 1280
36 1 69 1 255 1 263 1 515 1 660 1 787 1 851 1 1280 1280
37 1 70 1 192 1 264 1 516 1 661 1 788 1 852 1 1280 1280
38 1 71 1 193 1 265 1 517 1 662 1 789 1 853 1 1280 1280
39 1 72 1 194 1 266 1 518 1 663 1 790 1 854 1 1280 1280
40 1 73 1 195 1 267 1 519 1 664 1 791 1 855 1 1280 1280
41 1 74 1 196 1 268 1 520 1 665 1 792 1 856 1 1280 1280
42 1 75 1 197 1 269 1 521 1 666 1 793 1 857 1 1280 1280
43 1 76 1 198 1 270 1 522 1 667 1 794 1 858 1 1280 1280
44 1 77 1 199 1 271 1 523 1 668 1 795 1 859 1 1280 1280
45 1 78 1 200 1 272 1 524 1 669 1 796 1 860 1 1280 1280
46 1 79 1 201 1 273 1 525 1 670 1 797 1 861 1 1280 1280
47 1 80 1 202 1 274 1 526 1 671 1 798 1 862 1 1280 1280
48 1 81 1 203 1 275 1 527 1 672 1 799 1 863 1 1280 1280
49 1 82 1 204 1 276 1 528 1 673 1 800 1 864 1 1280 1280
50 1 83 1 205 1 277 1 529 1 674 1 801 1 865 1 1280 1280
51 1 84 1 206 1 278 1 530 1 675 1 802 1 866 1 1280 1280
52 1 85 1 207 1 279 1 531 1 676 1 803 1 867 1 1280 1280
53 1 86 1 208 1 280 1 532 1 677 1 804 1 868 1 1280 1280
54 1 87 1 209 1 281 1 533 1 678 1 805 1 869 1 1280 1280
55 1 88 1 210 1 282 1 534 1 679 1 806 1 870 1 1280 1280
56 1 89 1 211 1 283 1 535 1 680 1 807 1 871 1 1280 1280
57 1 90 1 212 1 284 1 536 1 681 1 808 1 872 1 1280 1280
58 1 91 1 213 1 285 1 537 1 682 1 809 1 873 1 1280 1280
59 1 92 1 214 1 286 1 538 1 683 1 810 1 874 1 1280 1280
60 1 93 1 215 1 287 1 539 1 684 1 811 1 875 1 1280 1280
61 1 94 1 216 1 288 1 540 1 685 1 812 1 876 1 1280 1280
62 1 95 1 217 1 289 1 541 1 686 1 813 1 877 1 1280 1280
63 1 96 1 218 1 290 1 542 1 687 1 814 1 878 1 1280 1280
0 1 97 1 219 1 291 1 543 1 688 1 815 1 879 1 1280 1280
1 1 98 1 220 1 292 1 544 1 689 1 816 1 880 1 1280 1280
2 1 99 1 221 1 293 1 545 1 690 1 817 1 881 1 1280 1280
3 1 100 1 222 1 294 1 546 1 691 1 818 1 882 1 1280 1280
4 1 101 1 223 1 295 1 547 1 692 1 819 1 883 1 1280 1280
5 1 102 1 224 1 296 1 548 1 693 1 820 1 884 1 1280 1280
6 1 103 1 225 1 297 1 549 1 694 1 821 1 885 1 1280 1280
7 1 104 1 226 1 298 1 550 1 695 1 822 1 886 1 1280 1280
8 1 105 1 227 1 299 1 551 1 696 1 823 1 887 1 1280 1280
9 1 106 1 228 1 300 1 552 1 697 1 824 1 888 1 1280 1280
10 1 107 1 229 1 301 1 553 1 698 1 825 1 889 1 1280 1280
11 1 108 1 230 1 302 1 554 1 699 1 826 1 890 1 1280 1280
12 1 109 1 231 1 303 1 555 1 700 1 827 1 891 1 1280 1280
13 1 110 1 232 1 304 1 556 1 701 1 828 1 892 1 1280 1280
14 1 111 1 233 1 305 1 557 1 702 1 829 1 893 1 1280 1280
15 1 112 1 234 1 306 1 558 1 703 1 830 1 894 1 1280 1280
16 1 113 1 235 1 307 1 559 1 640 1 831 1 895 1 1280 1280
72 1 186 1 286 1 360 1 401 1 502 1 530 1 576 1 640 1 832 1 1280 1280
73 1 187 1 287 1 361 1 402 1 503 1 531 1 577 1 641 1 833 1 1280 1280
74 1 188 1 288 1 362 1 403 1 504 1 532 1 578 1 642 1 834 1 1280 1280
75 1 189 1 289 1 363 1 404 1 505 1 533 1 579 1 643 1 835 1 1280 1280
76 1 190 1 290 1 364 1 405 1 506 1 534 1 580 1 644 1 836 1 1280 1280
77 1 191 1 291 1 365 1 406 1 507 1 535 1 581 1 645 1 837 1 1280 1280
78 1 128 1 292 1 366 1 407 1 508 1 536 1 582 1 646 1 838 1 1280 1280
79 1 129 1 293 1 367 1 408 1 509 1 537 1 583 1 647 1 839 1 1280 1280
80 1 130 1 294 1 368 1 409 1 510 1 538 1 584 1 648 1 840 1 1280 1280
81 1 131 1 295 1 369 1 410 1 511 1 539 1 585 1 649 1 841 1 1280 1280
82 1 132 1 296 1 370 1 411 1 448 1 540 1 586 1 650 1 842 1 1280 1280
83 1 133 1 297 1 371 1 412 1 449 1 541 1 587 1 651 1 843 1 1280 1280
84 1 134 1 298 1 372 1 413 1 450 1 542 1 588 1 652 1 844 1 1280 1280
85 1 135 1 299 1 373 1 414 1 451 1 543 1 589 1 653 1 845 1 1280 1280
86 1 136 1 300 1 374 1 415 1 452 1 544 1 590 1 654 1 846 1 1280 1280
87 1 137 1 301 1 375 1 416 1 453 1 545 1 591 1 655 1 847 1 1280 1280
88 1 138 1 302 1 376 1 417 1 454 1 546 1 592 1 656 1 848 1 1280 1280
89 1 139 1 303 1 377 1 418 1 455 1 547 1 593 1 657 1 849 1 1280 1280
90 1 140 1 304 1 378 1 419 1 456 1 548 1 594 1 658 1 850 1 1280 1280
91 1 141 1 305 1 379 1 420 1 457 1 549 1 595 1 659 1 851 1 1280 1280
92 1 142 1 306 1 380 1 421 1 458 1 550 1 596 1 660 1 852 1 1280 1280
93 1 143 1 307 1 381 1 422 1 459 1 551 1 597 1 661 1 853 1 1280 1280
94 1 144 1 308 1 382 1 423 1 460 1 552 1 598 1 662 1 854 1 1280 1280
95 1 145 1 309 1 383 1 424 1 461 1 553 1 599 1 663 1 855 1 1280 1280
96 1 146 1 310 1 320 1 425 1 462 1 554 1 600 1 664 1 856 1 1280 1280
97 1 147 1 311 1 321 1 426 1 463 1 555 1 601 1 665 1 857 1 1280 1280
98 1 148 1 312 1 322 1 427 1 464 1 556 1 602 1 666 1 858 1 1280 1280
99 1 149 1 313 1 323 1 428 1 465 1 557 1 603 1 667 1 859 1 1280 1280
100 1 150 1 314 1 324 1 429 1 466 1 558 1 604 1 668 1 860 1 1280 1280
101 1 151 1 315 1 325 1 430 1 467 1 559 1 605 1 669 1 861 1 1280 1280
102 1 152 1 316 1 326 1 431 1 468 1 560 1 606 1 670 1 862 1 1280 1280
103 1 153 1 317 1 327 1 432 1 469 1 561 1 607 1 671 1 863 1 1280 1280
104 1 154 1 318 1 328 1 433 1 470 1 562 1 608 1 672 1 864 1 1280 1280
105 1 155 1 319 1 329 1 434 1 471 1 563 1 609 1 673 1 865 1 1280 1280
106 1 156 1 256 1 330 1 435 1 472 1 564 1 610 1 674 1 866 1 1280 1280
107 1 157 1 257 1 331 1 436 1 473 1 565 1 611 1 675 1 867 1 1280 1280
108 1 158 1 258 1 332 1 437 1 474 1 566 1 612 1 676 1 868 1 1280 1280
109 1 159 1 259 1 333 1 438 1 475 1 567 1 613 1 677 1 869 1 1280 1280
110 1 160 1 260 1 334 1 439 1 476 1 568 1 614 1 678 1 870 1 1280 1280
111 1 161 1 261 1 335 1 440 1 477 1 569 1 615 1 679 1 871 1 1280 1280
112 1 162 1 262 1 336 1 441 1 478 1 570 1 616 1 680 1 872 1 1280 1280
113 1 163 1 263 1 337 1 442 1 479 1 571 1 617 1 681 1 873 1 1280 1280
114 1 164 1 264 1 338 1 443 1 480 1 572 1 618 1 682 1 874 1 1280 1280
115 1 165 1 265 1 339 1 444 1 481 1 573 1 619 1 683 1 875 1 1280 1280
116 1 166 1 266 1 340 1 445 1 482 1 574 1 620 1 684 1 876 1 1280 1280
117 1 167 1 267 1 341 1 446 1 483 1 575 1 621 1 685 1 877 1 1280 1280
118 1 168 1 268 1 342 1 447 1 484 1 512 1 622 1 686 1 878 1 1280 1280
119 1 169 1 269 1 343 1 384 1 485 1 513 1 623 1 687 1 879 1 1280 1280
120 1 170 1 270 1 344 1 385 1 486 1 514 1 624 1 688 1 880 1 1280 1280
121 1 171 1 271 1 345 1 386 1 487 1 515 1 625 1 689 1 881 1 1280 1280
122 1 172 1 272 1 346 1 387 1 488 1 516 1 626 1 690 1 882 1 1280 1280
123 1 173 1 273 1 347 1 388 1 489 1 517 1 627 1 691 1 883 1 1280 1280
124 1 174 1 274 1 348 1 389 1 490 1 518 1 628 1 692 1 884 1 1280 1280
125 1 175 1 275 1 349 1 390 1 491 1 519 1 629 1 693 1 885 1 1280 1280
126 1 176 1 276 1 350 1 391 1 492 1 520 1 630 1 694 1 886 1 1280 1280
127 1 177 1 277 1 351 1 392 1 493 1 521 1 631 1 695 1 887 1 1280 1280
64 1 178 1 278 1 352 1 393 1 494 1 522 1 632 1 696 1 888 1 1280 1280
65 1 179 1 279 1 353 1 394 1 495 1 523 1 633 1 697 1 889 1 1280 1280
66 1 180 1 280 1 354 1 395 1 496 1 524 1 634 1 698 1 890 1 1280 1280
67 1 181 1 281 1 355 1 396 1 497 1 525 1 635 1 699 1 891 1 1280 1280
68 1 182 1 282 1 356 1 397 1 498 1 526 1 636 1 700 1 892 1 1280 1280
69 1 183 1 283 1 357 1 398 1 499 1 527 1 637 1 701 1 893 1 1280 1280
70 1 184 1 284 1 358 1 399 1 500 1 528 1 638 1 702 1 894 1 1280 1280
71 1 185 1 285 1 359 1 400 1 501 1 529 1 639 1 703 1 895 1 1280 1280
51 1 86 1 711 1 896 1 1280 1280
52 1 87 1 712 1 897 1 1280 1280
53 1 88 1 713 1 898 1 1280 1280
54 1 89 1 714 1 899 1 1280 1280
55 1 90 1 715 1 900 1 1280 1280
56 1 91 1 716 1 901 1 1280 1280
57 1 92 1 717 1 902 1 1280 1280
58 1 93 1 718 1 903 1 1280 1280
59 1 94 1 719 1 904 1 1280 1280
60 1 95 1 720 1 905 1 1280 1280
61 1 96 1 721 1 906 1 1280 1280
62 1 97 1 722 1 907 1 1280 1280
63 1 98 1 723 1 908 1 1280 1280
0 1 99 1 724 1 909 1 1280 1280
1 1 100 1 725 1 910 1 1280 1280
2 1 101 1 726 1 911 1 1280 1280
3 1 102 1 727 1 912 1 1280 1280
4 1 103 1 728 1 913 1 1280 1280
5 1 104 1 729 1 914 1 1280 1280
6 1 105 1 730 1 915 1 1280 1280
7 1 106 1 731 1 916 1 1280 1280
8 1 107 1 732 1 917 1 1280 1280
9 1 108 1 733 1 918 1 1280 1280
10 1 109 1 734 1 919 1 1280 1280
11 1 110 1 735 1 920 1 1280 1280
12 1 111 1 736 1 921 1 1280 1280
13 1 112 1 737 1 922 1 1280 1280
14 1 113 1 738 1 923 1 1280 1280
15 1 114 1 739 1 924 1 1280 1280
16 1 115 1 740 1 925 1 1280 1280
17 1 116 1 741 1 926 1 1280 1280
18 1 117 1 742 1 927 1 1280 1280
19 1 118 1 743 1 928 1 1280 1280
20 1 119 1 744 1 929 1 1280 1280
21 1 120 1 745 1 930 1 1280 1280
22 1 121 1 746 1 931 1 1280 1280
23 1 122 1 747 1 932 1 1280 1280
24 1 123 1 748 1 933 1 1280 1280
25 1 124 1 749 1 934 1 1280 1280
26 1 125 1 750 1 935 1 1280 1280
27 1 126 1 751 1 936 1 1280 1280
28 1 127 1 752 1 937 1 1280 1280
29 1 64 1 753 1 938 1 1280 1280
30 1 65 1 754 1 939 1 1280 1280
31 1 66 1 755 1 940 1 1280 1280
32 1 67 1 756 1 941 1 1280 1280
33 1 68 1 757 1 942 1 1280 1280
34 1 69 1 758 1 943 1 1280 1280
35 1 70 1 759 1 944 1 1280 1280
36 1 71 1 760 1 945 1 1280 1280
37 1 72 1 761 1 946 1 1280 1280
38 1 73 1 762 1 947 1 1280 1280
39 1 74 1 763 1 948 1 1280 1280
40 1 75 1 764 1 949 1 1280 1280
41 1 76 1 765 1 950 1 1280 1280
42 1 77 1 766 1 951 1 1280 1280
43 1 78 1 767 1 952 1 1280 1280
44 1 79 1 704 1 953 1 1280 1280
45 1 80 1 705 1 954 1 1280 1280
46 1 81 1 706 1 955 1 1280 1280
47 1 82 1 707 1 956 1 1280 1280
48 1 83 1 708 1 957 1 1280 1280
49 1 84 1 709 1 958 1 1280 1280
50 1 85 1 710 1 959 1 1280 1280
39 1 105 1 322 1 479 1 743 1 960 1 1280 1280
40 1 106 1 323 1 480 1 744 1 961 1 1280 1280
41 1 107 1 324 1 481 1 745 1 962 1 1280 1280
42 1 108 1 325 1 482 1 746 1 963 1 1280 1280
43 1 109 1 326 1 483 1 747 1 964 1 1280 1280
44 1 110 1 327 1 484 1 748 1 965 1 1280 1280
45 1 111 1 328 1 485 1 749 1 966 1 1280 1280
46 1 112 1 329 1 486 1 750 1 967 1 1280 1280
47 1 113 1 330 1 487 1 751 1 968 1 1280 1280
48 1 114 1 331 1 488 1 752 1 969 1 1280 1280
49 1 115 1 332 1 489 1 753 1 970 1 1280 1280
50 1 116 1 333 1 490 1 754 1 971 1 1280 1280
51 1 117 1 334 1 491 1 755 1 972 1 1280 1280
52 1 118 1 335 1 492 1 756 1 973 1 1280 1280
53 1 119 1 336 1 493 1 757 1 974 1 1280 1280
54 1 120 1 337 1 494 1 758 1 975 1 1280 1280
55 1 121 1 338 1 495 1 759 1 976 1 1280 1280
56 1 122 1 339 1 496 1 760 1 977 1 1280 1280
57 1 123 1 340 1 497 1 761 1 978 1 1280 1280
58 1 124 1 341 1 498 1 762 1 979 1 1280 1280
59 1 125 1 342 1 499 1 763 1 980 1 1280 1280
60 1 126 1 343 1 500 1 764 1 981 1 1280 1280
61 1 127 1 344 1 501 1 765 1 982 1 1280 1280
62 1 64 1 345 1 502 1 766 1 983 1 1280 1280
63 1 65 1 346 1 503 1 767 1 984 1 1280 1280
0 1 66 1 347 1 504 1 704 1 985 1 1280 1280
1 1 67 1 348 1 505 1 705 1 986 1 1280 1280
2 1 68 1 349 1 506 1 706 1 987 1 1280 1280
3 1 69 1 350 1 507 1 707 1 988 1 1280 1280
4 1 70 1 351 1 508 1 708 1 989 1 1280 1280
5 1 71 1 352 1 509 1 709 1 990 1 1280 1280
6 1 72 1 353 1 510 1 710 1 991 1 1280 1280
7 1 73 1 354 1 511 1 711 1 992 1 1280 1280
8 1 74 1 355 1 448 1 712 1 993 1 1280 1280
9 1 75 1 356 1 449 1 713 1 994 1 1280 1280
10 1 76 1 357 1 450 1 714 1 995 1 1280 1280
11 1 77 1 358 1 451 1 715 1 996 1 1280 1280
12 1 78 1 359 1 452 1 716 1 997 1 1280 1280
13 1 79 1 360 1 453 1 717 1 998 1 1280 1280
14 1 80 1 361 1 454 1 718 1 999 1 1280 1280
15 1 81 1 362 1 455 1 719 1 1000 1 1280 1280
16 1 82 1 363 1 456 1 720 1 1001 1 1280 1280
17 1 83 1 364 1 457 1 721 1 1002 1 1280 1280
18 1 84 1 365 1 458 1 722 1 1003 1 1280 1280
19 1 85 1 366 1 459 1 723 1 1004 1 1280 1280
20 1 86 1 367 1 460 1 724 1 1005 1 1280 1280
21 1 87 1 368 1 461 1 725 1 1006 1 1280 1280
22 1 88 1 369 1 462 1 726 1 1007 1 1280 1280
23 1 89 1 370 1 463 1 727 1 1008 1 1280 1280
24 1 90 1 371 1 464 1 728 1 1009 1 1280 1280
25 1 91 1 372 1 465 1 729 1 1010 1 1280 1280
26 1 92 1 373 1 466 1 730 1 1011 1 1280 1280
27 1 93 1 374 1 467 1 731 1 1012 1 1280 1280
28 1 94 1 375 1 468 1 732 1 1013 1 1280 1280
29 1 95 1 376 1 469 1 733 1 1014 1 1280 1280
30 1 96 1 377 1 470 1 734 1 1015 1 1280 1280
31 1 97 1 378 1 471 1 735 1 1016 1 1280 1280
32 1 98 1 379 1 472 1 736 1 1017 1 1280 1280
33 1 99 1 380 1 473 1 737 1 1018 1 1280 1280
34 1 100 1 381 1 474 1 738 1 1019 1 1280 1280
35 1 101 1 382 1 475 1 739 1 1020 1 1280 1280
36 1 102 1 383 1 476 1 740 1 1021 1 1280 1280
37 1 103 1 320 1 477 1 741 1 1022 1 1280 1280
38 1 104 1 321 1 478 1 742 1 1023 1 1280 1280
27 1 356 1 493 1 604 1 734 1 1024 1 1280 1280
28 1 357 1 494 1 605 1 735 1 1025 1 1280 1280
29 1 358 1 495 1 606 1 736 1 1026 1 1280 1280
30 1 359 1 496 1 607 1 737 1 1027 1 1280 1280
31 1 360 1 497 1 608 1 738 1 1028 1 1280 1280
32 1 361 1 498 1 609 1 739 1 1029 1 1280 1280
33 1 362 1 499 1 610 1 740 1 1030 1 1280 1280
34 1 363 1 500 1 611 1 741 1 1031 1 1280 1280
35 1 364 1 501 1 612 1 742 1 1032 1 1280 1280
36 1 365 1 502 1 613 1 743 1 1033 1 1280 1280
37 1 366 1 503 1 614 1 744 1 1034 1 1280 1280
38 1 367 1 504 1 615 1 745 1 1035 1 1280 1280
39 1 368 1 505 1 616 1 746 1 1036 1 1280 1280
40 1 369 1 506 1 617 1 747 1 1037 1 1280 1280
41 1 370 1 507 1 618 1 748 1 1038 1 1280 1280
42 1 371 1 508 1 619 1 749 1 1039 1 1280 1280
43 1 372 1 509 1 620 1 750 1 1040 1 1280 1280
44 1 373 1 510 1 621 1 751 1 1041 1 1280 1280
45 1 374 1 511 1 622 1 752 1 1042 1 1280 1280
46 1 375 1 448 1 623 1 753 1 1043 1 1280 1280
47 1 376 1 449 1 624 1 754 1 1044 1 1280 1280
48 1 377 1 450 1 625 1 755 1 1045 1 1280 1280
49 1 378 1 451 1 626 1 756 1 1046 1 1280 1280
50 1 379 1 452 1 627 1 757 1 1047 1 1280 1280
51 1 380 1 453 1 628 1 758 1 1048 1 1280 1280
52 1 381 1 454 1 629 1 759 1 1049 1 1280 1280
53 1 382 1 455 1 630 1 760 1 1050 1 1280 1280
54 1 383 1 456 1 631 1 761 1 1051 1 1280 1280
55 1 320 1 457 1 632 1 762 1 1052 1 1280 1280
56 1 321 1 458 1 633 1 763 1 1053 1 1280 1280
57 1 322 1 459 1 634 1 764 1 1054 1 1280 1280
58 1 323 1 460 1 635 1 765 1 1055 1 1280 1280
59 1 324 1 461 1 636 1 766 1 1056 1 1280 1280
60 1 325 1 462 1 637 1 767 1 1057 1 1280 1280
61 1 326 1 463 1 638 1 704 1 1058 1 1280 1280
62 1 327 1 464 1 639 1 705 1 1059 1 1280 1280
63 1 328 1 465 1 576 1 706 1 1060 1 1280 1280
0 1 329 1 466 1 577 1 707 1 1061 1 1280 1280
1 1 330 1 467 1 578 1 708 1 1062 1 1280 1280
2 1 331 1 468 1 579 1 709 1 1063 1 1280 1280
3 1 332 1 469 1 580 1 710 1 1064 1 1280 1280
4 1 333 1 470 1 581 1 711 1 1065 1 1280 1280
5 1 334 1 471 1 582 1 712 1 1066 1 1280 1280
6 1 335 1 472 1 583 1 713 1 1067 1 1280 1280
7 1 336 1 473 1 584 1 714 1 1068 1 1280 1280
8 1 337 1 474 1 585 1 715 1 1069 1 1280 1280
9 1 338 1 475 1 586 1 716 1 1070 1 1280 1280
10 1 339 1 476 1 587 1 717 1 1071 1 1280 1280
11 1 340 1 477 1 588 1 718 1 1072 1 1280 1280
12 1 341 1 478 1 589 1 719 1 1073 1 1280 1280
13 1 342 1 479 1 590 1 720 1 1074 1 1280 1280
14 1 343 1 480 1 591 1 721 1 1075 1 1280 1280
15 1 344 1 481 1 592 1 722 1 1076 1 1280 1280
16 1 345 1 482 1 593 1 723 1 1077 1 1280 1280
17 1 346 1 483 1 594 1 724 1 1078 1 1280 1280
18 1 347 1 484 1 595 1 725 1 1079 1 1280 1280
19 1 348 1 485 1 596 1 726 1 1080 1 1280 1280
20 1 349 1 486 1 597 1 727 1 1081 1 1280 1280
21 1 350 1 487 1 598 1 728 1 1082 1 1280 1280
22 1 351 1 488 1 599 1 729 1 1083 1 1280 1280
23 1 352 1 489 1 600 1 730 1 1084 1 1280 1280
24 1 353 1 490 1 601 1 731 1 1085 1 1280 1280
25 1 354 1 491 1 602 1 732 1 1086 1 1280 1280
26 1 355 1 492 1 603 1 733 1 1087 1 1280 1280
65 1 339 1 460 1 707 1 884 1 1088 1 1280 1280
66 1 340 1 461 1 708 1 885 1 1089 1 1280 1280
67 1 341 1 462 1 709 1 886 1 1090 1 1280 1280
68 1 342 1 463 1 710 1 887 1 1091 1 1280 1280
69 1 343 1 464 1 711 1 888 1 1092 1 1280 1280
70 1 344 1 465 1 712 1 889 1 1093 1 1280 1280
71 1 345 1 466 1 713 1 890 1 1094 1 1280 1280
72 1 346 1 467 1 714 1 891 1 1095 1 1280 1280
73 1 347 1 468 1 715 1 892 1 1096 1 1280 1280
74 1 348 1 469 1 716 1 893 1 1097 1 1280 1280
75 1 349 1 470 1 717 1 894 1 1098 1 1280 1280
76 1 350 1 471 1 718 1 895 1 1099 1 1280 1280
77 1 351 1 472 1 719 1 832 1 1100 1 1280 1280
78 1 352 1 473 1 720 1 833 1 1101 1 1280 1280
79 1 353 1 474 1 721 1 834 1 1102 1 1280 1280
80 1 354 1 475 1 722 1 835 1 1103 1 1280 1280
81 1 355 1 476 1 723 1 836 1 1104 1 1280 1280
82 1 356 1 477 1 724 1 837 1 1105 1 1280 1280
83 1 357 1 478 1 725 1 838 1 1106 1 1280 1280
84 1 358 1 479 1 726 1 839 1 1107 1 1280 1280
85 1 359 1 480 1 727 1 840 1 1108 1 1280 1280
86 1 360 1 481 1 728 1 841 1 1109 1 1280 1280
87 1 361 1 482 1 729 1 842 1 1110 1 1280 1280
88 1 362 1 483 1 730 1 843 1 1111 1 1280 1280
89 1 363 1 484 1 731 1 844 1 1112 1 1280 1280
90 1 364 1 485 1 732 1 845 1 1113 1 1280 1280
91 1 365 1 486 1 733 1 846 1 1114 1 1280 1280
92 1 366 1 487 1 734 1 847 1 1115 1 1280 1280
93 1 367 1 488 1 735 1 848 1 1116 1 1280 1280
94 1 368 1 489 1 736 1 849 1 1117 1 1280 1280
95 1 369 1 490 1 737 1 850 1 1118 1 1280 1280
96 1 370 1 491 1 738 1 851 1 1119 1 1280 1280
97 1 371 1 492 1 739 1 852 1 1120 1 1280 1280
98 1 372 1 493 1 740 1 853 1 1121 1 1280 1280
99 1 373 1 494 1 741 1 854 1 1122 1 1280 1280
100 1 374 1 495 1 742 1 855 1 1123 1 1280 1280
101 1 375 1 496 1 743 1 856 1 1124 1 1280 1280
102 1 376 1 497 1 744 1 857 1 1125 1 1280 1280
103 1 377 1 498 1 745 1 858 1 1126 1 1280 1280
104 1 378 1 499 1 746 1 859 1 1127 1 1280 1280
105 1 379 1 500 1 747 1 860 1 1128 1 1280 1280
106 1 380 1 501 1 748 1 861 1 1129 1 1280 1280
107 1 381 1 502 1 749 1 862 1 1130 1 1280 1280
108 1 382 1 503 1 750 1 863 1 1131 1 1280 1280
109 1 383 1 504 1 751 1 864 1 1132 1 1280 1280
110 1 320 1 505 1 752 1 865 1 1133 1 1280 1280
111 1 321 1 506 1 753 1 866 1 1134 1 1280 1280
112 1 322 1 507 1 754 1 867 1 1135 1 1280 1280
113 1 323 1 508 1 755 1 868 1 1136 1 1280 1280
114 1 324 1 509 1 756 1 869 1 1137 1 1280 1280
115 1 325 1 510 1 757 1 870 1 1138 1 1280 1280
116 1 326 1 511 1 758 1 871 1 1139 1 1280 1280
117 1 327 1 448 1 759 1 872 1 1140 1 1280 1280
118 1 328 1 449 1 760 1 873 1 1141 1 1280 1280
119 1 329 1 450 1 761 1 874 1 1142 1 1280 1280
120 1 330 1 451 1 762 1 875 1 1143 1 1280 1280
121 1 331 1 452 1 763 1 876 1 1144 1 1280 1280
122 1 332 1 453 1 764 1 877 1 1145 1 1280 1280
123 1 333 1 454 1 765 1 878 1 1146 1 1280 1280
124 1 334 1 455 1 766 1 879 1 1147 1 1280 1280
125 1 335 1 456 1 767 1 880 1 1148 1 1280 1280
126 1 336 1 457 1 704 1 881 1 1149 1 1280 1280
127 1 337 1 458 1 705 1 882 1 1150 1 1280 1280
64 1 338 1 459 1 706 1 883 1 1151 1 1280 1280
14 1 94 1 806 1 1152 1 1280 1280
15 1 95 1 807 1 1153 1 1280 1280
16 1 96 1 808 1 1154 1 1280 1280
17 1 97 1 809 1 1155 1 1280 1280
18 1 98 1 810 1 1156 1 1280 1280
19 1 99 1 811 1 1157 1 1280 1280
20 1 100 1 812 1 1158 1 1280 1280
21 1 101 1 813 1 1159 1 1280 1280
22 1 102 1 814 1 1160 1 1280 1280
23 1 103 1 815 1 1161 1 1280 1280
24 1 104 1 816 1 1162 1 1280 1280
25 1 105 1 817 1 1163 1 1280 1280
26 1 106 1 818 1 1164 1 1280 1280
27 1 107 1 819 1 1165 1 1280 1280
28 1 108 1 820 1 1166 1 1280 1280
29 1 109 1 821 1 1167 1 1280 1280
30 1 110 1 822 1 1168 1 1280 1280
31 1 111 1 823 1 1169 1 1280 1280
32 1 112 1 824 1 1170 1 1280 1280
33 1 113 1 825 1 1171 1 1280 1280
34 1 114 1 826 1 1172 1 1280 1280
35 1 115 1 827 1 1173 1 1280 1280
36 1 116 1 828 1 1174 1 1280 1280
37 1 117 1 829 1 1175 1 1280 1280
38 1 118 1 830 1 1176 1 1280 1280
39 1 119 1 831 1 1177 1 1280 1280
40 1 120 1 768 1 1178 1 1280 1280
41 1 121 1 769 1 1179 1 1280 1280
42 1 122 1 770 1 1180 1 1280 1280
43 1 123 1 771 1 1181 1 1280 1280
44 1 124 1 772 1 1182 1 1280 1280
45 1 125 1 773 1 1183 1 1280 1280
46 1 126 1 774 1 1184 1 1280 1280
47 1 127 1 775 1 1185 1 1280 1280
48 1 64 1 776 1 1186 1 1280 1280
49 1 65 1 777 1 1187 1 1280 1280
50 1 66 1 778 1 1188 1 1280 1280
51 1 67 1 779 1 1189 1 1280 1280
52 1 68 1 780 1 1190 1 1280 1280
53 1 69 1 781 1 1191 1 1280 1280
54 1 70 1 782 1 1192 1 1280 1280
55 1 71 1 783 1 1193 1 1280 1280
56 1 72 1 784 1 1194 1 1280 1280
57 1 73 1 785 1 1195 1 1280 1280
58 1 74 1 786 1 1196 1 1280 1280
59 1 75 1 787 1 1197 1 1280 1280
60 1 76 1 788 1 1198 1 1280 1280
61 1 77 1 789 1 1199 1 1280 1280
62 1 78 1 790 1 1200 1 1280 1280
63 1 79 1 791 1 1201 1 1280 1280
0 1 80 1 792 1 1202 1 1280 1280
1 1 81 1 793 1 1203 1 1280 1280
2 1 82 1 794 1 1204 1 1280 1280
3 1 83 1 795 1 1205 1 1280 1280
4 1 84 1 796 1 1206 1 1280 1280
5 1 85 1 797 1 1207 1 1280 1280
6 1 86 1 798 1 1208 1 1280 1280
7 1 87 1 799 1 1209 1 1280 1280
8 1 88 1 800 1 1210 1 1280 1280
9 1 89 1 801 1 1211 1 1280 1280
10 1 90 1 802 1 1212 1 1280 1280
11 1 91 1 803 1 1213 1 1280 1280
12 1 92 1 804 1 1214 1 1280 1280
13 1 93 1 805 1 1215 1 1280 1280
75 1 525 1 701 1 759 1 1216 1 1280 1280
76 1 526 1 702 1 760 1 1217 1 1280 1280
77 1 527 1 703 1 761 1 1218 1 1280 1280
78 1 528 1 640 1 762 1 1219 1 1280 1280
79 1 529 1 641 1 763 1 1220 1 1280 1280
80 1 530 1 642 1 764 1 1221 1 1280 1280
81 1 531 1 643 1 765 1 1222 1 1280 1280
82 1 532 1 644 1 766 1 1223 1 1280 1280
83 1 533 1 645 1 767 1 1224 1 1280 1280
84 1 534 1 646 1 704 1 1225 1 1280 1280
85 1 535 1 647 1 705 1 1226 1 1280 1280
86 1 536 1 648 1 706 1 1227 1 1280 1280
87 1 537 1 649 1 707 1 1228 1 1280 1280
88 1 538 1 650 1 708 1 1229 1 1280 1280
89 1 539 1 651 1 709 1 1230 1 1280 1280
90 1 540 1 652 1 710 1 1231 1 1280 1280
91 1 541 1 653 1 711 1 1232 1 1280 1280
92 1 542 1 654 1 712 1 1233 1 1280 1280
93 1 543 1 655 1 713 1 1234 1 1280 1280
94 1 544 1 656 1 714 1 1235 1 1280 1280
95 1 545 1 657 1 715 1 1236 1 1280 1280
96 1 546 1 658 1 716 1 1237 1 1280 1280
97 1 547 1 659 1 717 1 1238 1 1280 1280
98 1 548 1 660 1 718 1 1239 1 1280 1280
99 1 549 1 661 1 719 1 1240 1 1280 1280
100 1 550 1 662 1 720 1 1241 1 1280 1280
101 1 551 1 663 1 721 1 1242 1 1280 1280
102 1 552 1 664 1 722 1 1243 1 1280 1280
103 1 553 1 665 1 723 1 1244 1 1280 1280
104 1 554 1 666 1 724 1 1245 1 1280 1280
105 1 555 1 667 1 725 1 1246 1 1280 1280
106 1 556 1 668 1 726 1 1247 1 1280 1280
107 1 557 1 669 1 727 1 1248 1 1280 1280
108 1 558 1 670 1 728 1 1249 1 1280 1280
109 1 559 1 671 1 729 1 1250 1 1280 1280
110 1 560 1 672 1 730 1 1251 1 1280 1280
111 1 561 1 673 1 731 1 1252 1 1280 1280
112 1 562 1 674 1 732 1 1253 1 1280 1280
113 1 563 1 675 1 733 1 1254 1 1280 1280
114 1 564 1 676 1 734 1 1255 1 1280 1280
115 1 565 1 677 1 735 1 1256 1 1280 1280
116 1 566 1 678 1 736 1 1257 1 1280 1280
117 1 567 1 679 1 737 1 1258 1 1280 1280
118 1 568 1 680 1 738 1 1259 1 1280 1280
119 1 569 1 681 1 739 1 1260 1 1280 1280
120 1 570 1 682 1 740 1 1261 1 1280 1280
121 1 571 1 683 1 741 1 1262 1 1280 1280
122 1 572 1 684 1 742 1 1263 1 1280 1280
123 1 573 1 685 1 743 1 1264 1 1280 1280
124 1 574 1 686 1 744 1 1265 1 1280 1280
125 1 575 1 687 1 745 1 1266 1 1280 1280
126 1 512 1 688 1 746 1 1267 1 1280 1280
127 1 513 1 689 1 747 1 1268 1 1280 1280
64 1 514 1 690 1 748 1 1269 1 1280 1280
65 1 515 1 691 1 749 1 1270 1 1280 1280
66 1 516 1 692 1 750 1 1271 1 1280 1280
67 1 517 1 693 1 751 1 1272 1 1280 1280
68 1 518 1 694 1 752 1 1273 1 1280 1280
69 1 519 1 695 1 753 1 1274 1 1280 1280
70 1 520 1 696 1 754 1 1275 1 1280 1280
71 1 521 1 697 1 755 1 1276 1 1280 1280
72 1 522 1 698 1 756 1 1277 1 1280 1280
73 1 523 1 699 1 757 1 1278 1 1280 1280
74 1 524 1 700 1 758 1 1279 1 1280 1280
