10 246 333 411 830 1230 1281 1409 2560 2560
11 247 334 412 831 1231 1282 1410 2560 2560
12 248 335 413 832 1232 1283 1411 2560 2560
13 249 336 414 833 1233 1284 1412 2560 2560
14 250 337 415 834 1234 1285 1413 2560 2560
15 251 338 416 835 1235 1286 1414 2560 2560
16 252 339 417 836 1236 1287 1415 2560 2560
17 253 340 418 837 1237 1288 1416 2560 2560
18 254 341 419 838 1238 1289 1417 2560 2560
19 255 342 420 839 1239 1290 1418 2560 2560
20 256 343 421 840 1240 1291 1419 2560 2560
21 129 344 422 841 1241 1292 1420 2560 2560
22 130 345 423 842 1242 1293 1421 2560 2560
23 131 346 424 843 1243 1294 1422 2560 2560
24 132 347 425 844 1244 1295 1423 2560 2560
25 133 348 426 845 1245 1296 1424 2560 2560
26 134 349 427 846 1246 1297 1425 2560 2560
27 135 350 428 847 1247 1298 1426 2560 2560
28 136 351 429 848 1248 1299 1427 2560 2560
29 137 352 430 849 1249 1300 1428 2560 2560
30 138 353 431 850 1250 1301 1429 2560 2560
31 139 354 432 851 1251 1302 1430 2560 2560
32 140 355 433 852 1252 1303 1431 2560 2560
33 141 356 434 853 1253 1304 1432 2560 2560
34 142 357 435 854 1254 1305 1433 2560 2560
35 143 358 436 855 1255 1306 1434 2560 2560
36 144 359 437 856 1256 1307 1435 2560 2560
37 145 360 438 857 1257 1308 1436 2560 2560
38 146 361 439 858 1258 1309 1437 2560 2560
39 147 362 440 859 1259 1310 1438 2560 2560
40 148 363 441 860 1260 1311 1439 2560 2560
41 149 364 442 861 1261 1312 1440 2560 2560
42 150 365 443 862 1262 1313 1441 2560 2560
43 151 366 444 863 1263 1314 1442 2560 2560
44 152 367 445 864 1264 1315 1443 2560 2560
45 153 368 446 865 1265 1316 1444 2560 2560
46 154 369 447 866 1266 1317 1445 2560 2560
47 155 370 448 867 1267 1318 1446 2560 2560
48 156 371 449 868 1268 1319 1447 2560 2560
49 157 372 450 869 1269 1320 1448 2560 2560
50 158 373 451 870 1270 1321 1449 2560 2560
51 159 374 452 871 1271 1322 1450 2560 2560
52 160 375 453 872 1272 1323 1451 2560 2560
53 161 376 454 873 1273 1324 1452 2560 2560
54 162 377 455 874 1274 1325 1453 2560 2560
55 163 378 456 875 1275 1326 1454 2560 2560
56 164 379 457 876 1276 1327 1455 2560 2560
57 165 380 458 877 1277 1328 1456 2560 2560
58 166 381 459 878 1278 1329 1457 2560 2560
59 167 382 460 879 1279 1330 1458 2560 2560
60 168 383 461 880 1280 1331 1459 2560 2560
61 169 384 462 881 1153 1332 1460 2560 2560
62 170 257 463 882 1154 1333 1461 2560 2560
63 171 258 464 883 1155 1334 1462 2560 2560
64 172 259 465 884 1156 1335 1463 2560 2560
65 173 260 466 885 1157 1336 1464 2560 2560
66 174 261 467 886 1158 1337 1465 2560 2560
67 175 262 468 887 1159 1338 1466 2560 2560
68 176 263 469 888 1160 1339 1467 2560 2560
69 177 264 470 889 1161 1340 1468 2560 2560
70 178 265 471 890 1162 1341 1469 2560 2560
71 179 266 472 891 1163 1342 1470 2560 2560
72 180 267 473 892 1164 1343 1471 2560 2560
73 181 268 474 893 1165 1344 1472 2560 2560
74 182 269 475 894 1166 1345 1473 2560 2560
75 183 270 476 895 1167 1346 1474 2560 2560
76 184 271 477 896 1168 1347 1475 2560 2560
77 185 272 478 769 1169 1348 1476 2560 2560
78 186 273 479 770 1170 1349 1477 2560 2560
79 187 274 480 771 1171 1350 1478 2560 2560
80 188 275 481 772 1172 1351 1479 2560 2560
81 189 276 482 773 1173 1352 1480 2560 2560
82 190 277 483 774 1174 1353 1481 2560 2560
83 191 278 484 775 1175 1354 1482 2560 2560
84 192 279 485 776 1176 1355 1483 2560 2560
85 193 280 486 777 1177 1356 1484 2560 2560
86 194 281 487 778 1178 1357 1485 2560 2560
87 195 282 488 779 1179 1358 1486 2560 2560
88 196 283 489 780 1180 1359 1487 2560 2560
89 197 284 490 781 1181 1360 1488 2560 2560
90 198 285 491 782 1182 1361 1489 2560 2560
91 199 286 492 783 1183 1362 1490 2560 2560
92 200 287 493 784 1184 1363 1491 2560 2560
93 201 288 494 785 1185 1364 1492 2560 2560
94 202 289 495 786 1186 1365 1493 2560 2560
95 203 290 496 787 1187 1366 1494 2560 2560
96 204 291 497 788 1188 1367 1495 2560 2560
97 205 292 498 789 1189 1368 1496 2560 2560
98 206 293 499 790 1190 1369 1497 2560 2560
99 207 294 500 791 1191 1370 1498 2560 2560
100 208 295 501 792 1192 1371 1499 2560 2560
101 209 296 502 793 1193 1372 1500 2560 2560
102 210 297 503 794 1194 1373 1501 2560 2560
103 211 298 504 795 1195 1374 1502 2560 2560
104 212 299 505 796 1196 1375 1503 2560 2560
105 213 300 506 797 1197 1376 1504 2560 2560
106 214 301 507 798 1198 1377 1505 2560 2560
107 215 302 508 799 1199 1378 1506 2560 2560
108 216 303 509 800 1200 1379 1507 2560 2560
109 217 304 510 801 1201 1380 1508 2560 2560
110 218 305 511 802 1202 1381 1509 2560 2560
111 219 306 512 803 1203 1382 1510 2560 2560
112 220 307 385 804 1204 1383 1511 2560 2560
113 221 308 386 805 1205 1384 1512 2560 2560
114 222 309 387 806 1206 1385 1513 2560 2560
115 223 310 388 807 1207 1386 1514 2560 2560
116 224 311 389 808 1208 1387 1515 2560 2560
117 225 312 390 809 1209 1388 1516 2560 2560
118 226 313 391 810 1210 1389 1517 2560 2560
119 227 314 392 811 1211 1390 1518 2560 2560
120 228 315 393 812 1212 1391 1519 2560 2560
121 229 316 394 813 1213 1392 1520 2560 2560
122 230 317 395 814 1214 1393 1521 2560 2560
123 231 318 396 815 1215 1394 1522 2560 2560
124 232 319 397 816 1216 1395 1523 2560 2560
125 233 320 398 817 1217 1396 1524 2560 2560
126 234 321 399 818 1218 1397 1525 2560 2560
127 235 322 400 819 1219 1398 1526 2560 2560
128 236 323 401 820 1220 1399 1527 2560 2560
1 237 324 402 821 1221 1400 1528 2560 2560
2 238 325 403 822 1222 1401 1529 2560 2560
3 239 326 404 823 1223 1402 1530 2560 2560
4 240 327 405 824 1224 1403 1531 2560 2560
5 241 328 406 825 1225 1404 1532 2560 2560
6 242 329 407 826 1226 1405 1533 2560 2560
7 243 330 408 827 1227 1406 1534 2560 2560
8 244 331 409 828 1228 1407 1535 2560 2560
9 245 332 410 829 1229 1408 1536 2560 2560
40 423 638 766 867 925 1121 1277 1409 1537 2560 2560
41 424 639 767 868 926 1122 1278 1410 1538 2560 2560
42 425 640 768 869 927 1123 1279 1411 1539 2560 2560
43 426 513 641 870 928 1124 1280 1412 1540 2560 2560
44 427 514 642 871 929 1125 1153 1413 1541 2560 2560
45 428 515 643 872 930 1126 1154 1414 1542 2560 2560
46 429 516 644 873 931 1127 1155 1415 1543 2560 2560
47 430 517 645 874 932 1128 1156 1416 1544 2560 2560
48 431 518 646 875 933 1129 1157 1417 1545 2560 2560
49 432 519 647 876 934 1130 1158 1418 1546 2560 2560
50 433 520 648 877 935 1131 1159 1419 1547 2560 2560
51 434 521 649 878 936 1132 1160 1420 1548 2560 2560
52 435 522 650 879 937 1133 1161 1421 1549 2560 2560
53 436 523 651 880 938 1134 1162 1422 1550 2560 2560
54 437 524 652 881 939 1135 1163 1423 1551 2560 2560
55 438 525 653 882 940 1136 1164 1424 1552 2560 2560
56 439 526 654 883 941 1137 1165 1425 1553 2560 2560
57 440 527 655 884 942 1138 1166 1426 1554 2560 2560
58 441 528 656 885 943 1139 1167 1427 1555 2560 2560
59 442 529 657 886 944 1140 1168 1428 1556 2560 2560
60 443 530 658 887 945 1141 1169 1429 1557 2560 2560
61 444 531 659 888 946 1142 1170 1430 1558 2560 2560
62 445 532 660 889 947 1143 1171 1431 1559 2560 2560
63 446 533 661 890 948 1144 1172 1432 1560 2560 2560
64 447 534 662 891 949 1145 1173 1433 1561 2560 2560
65 448 535 663 892 950 1146 1174 1434 1562 2560 2560
66 449 536 664 893 951 1147 1175 1435 1563 2560 2560
67 450 537 665 894 952 1148 1176 1436 1564 2560 2560
68 451 538 666 895 953 1149 1177 1437 1565 2560 2560
69 452 539 667 896 954 1150 1178 1438 1566 2560 2560
70 453 540 668 769 955 1151 1179 1439 1567 2560 2560
71 454 541 669 770 956 1152 1180 1440 1568 2560 2560
72 455 542 670 771 957 1025 1181 1441 1569 2560 2560
73 456 543 671 772 958 1026 1182 1442 1570 2560 2560
74 457 544 672 773 959 1027 1183 1443 1571 2560 2560
75 458 545 673 774 960 1028 1184 1444 1572 2560 2560
76 459 546 674 775 961 1029 1185 1445 1573 2560 2560
77 460 547 675 776 962 1030 1186 1446 1574 2560 2560
78 461 548 676 777 963 1031 1187 1447 1575 2560 2560
79 462 549 677 778 964 1032 1188 1448 1576 2560 2560
80 463 550 678 779 965 1033 1189 1449 1577 2560 2560
81 464 551 679 780 966 1034 1190 1450 1578 2560 2560
82 465 552 680 781 967 1035 1191 1451 1579 2560 2560
83 466 553 681 782 968 1036 1192 1452 1580 2560 2560
84 467 554 682 783 969 1037 1193 1453 1581 2560 2560
85 468 555 683 784 970 1038 1194 1454 1582 2560 2560
86 469 556 684 785 971 1039 1195 1455 1583 2560 2560
87 470 557 685 786 972 1040 1196 1456 1584 2560 2560
88 471 558 686 787 973 1041 1197 1457 1585 2560 2560
89 472 559 687 788 974 1042 1198 1458 1586 2560 2560
90 473 560 688 789 975 1043 1199 1459 1587 2560 2560
91 474 561 689 790 976 1044 1200 1460 1588 2560 2560
92 475 562 690 791 977 1045 1201 1461 1589 2560 2560
93 476 563 691 792 978 1046 1202 1462 1590 2560 2560
94 477 564 692 793 979 1047 1203 1463 1591 2560 2560
95 478 565 693 794 980 1048 1204 1464 1592 2560 2560
96 479 566 694 795 981 1049 1205 1465 1593 2560 2560
97 480 567 695 796 982 1050 1206 1466 1594 2560 2560
98 481 568 696 797 983 1051 1207 1467 1595 2560 2560
99 482 569 697 798 984 1052 1208 1468 1596 2560 2560
100 483 570 698 799 985 1053 1209 1469 1597 2560 2560
101 484 571 699 800 986 1054 1210 1470 1598 2560 2560
102 485 572 700 801 987 1055 1211 1471 1599 2560 2560
103 486 573 701 802 988 1056 1212 1472 1600 2560 2560
104 487 574 702 803 989 1057 1213 1473 1601 2560 2560
105 488 575 703 804 990 1058 1214 1474 1602 2560 2560
106 489 576 704 805 991 1059 1215 1475 1603 2560 2560
107 490 577 705 806 992 1060 1216 1476 1604 2560 2560
108 491 578 706 807 993 1061 1217 1477 1605 2560 2560
109 492 579 707 808 994 1062 1218 1478 1606 2560 2560
110 493 580 708 809 995 1063 1219 1479 1607 2560 2560
111 494 581 709 810 996 1064 1220 1480 1608 2560 2560
112 495 582 710 811 997 1065 1221 1481 1609 2560 2560
113 496 583 711 812 998 1066 1222 1482 1610 2560 2560
114 497 584 712 813 999 1067 1223 1483 1611 2560 2560
115 498 585 713 814 1000 1068 1224 1484 1612 2560 2560
116 499 586 714 815 1001 1069 1225 1485 1613 2560 2560
117 500 587 715 816 1002 1070 1226 1486 1614 2560 2560
118 501 588 716 817 1003 1071 1227 1487 1615 2560 2560
119 502 589 717 818 1004 1072 1228 1488 1616 2560 2560
120 503 590 718 819 1005 1073 1229 1489 1617 2560 2560
121 504 591 719 820 1006 1074 1230 1490 1618 2560 2560
122 505 592 720 821 1007 1075 1231 1491 1619 2560 2560
123 506 593 721 822 1008 1076 1232 1492 1620 2560 2560
124 507 594 722 823 1009 1077 1233 1493 1621 2560 2560
125 508 595 723 824 1010 1078 1234 1494 1622 2560 2560
126 509 596 724 825 1011 1079 1235 1495 1623 2560 2560
127 510 597 725 826 1012 1080 1236 1496 1624 2560 2560
128 511 598 726 827 1013 1081 1237 1497 1625 2560 2560
1 512 599 727 828 1014 1082 1238 1498 1626 2560 2560
2 385 600 728 829 1015 1083 1239 1499 1627 2560 2560
3 386 601 729 830 1016 1084 1240 1500 1628 2560 2560
4 387 602 730 831 1017 1085 1241 1501 1629 2560 2560
5 388 603 731 832 1018 1086 1242 1502 1630 2560 2560
6 389 604 732 833 1019 1087 1243 1503 1631 2560 2560
7 390 605 733 834 1020 1088 1244 1504 1632 2560 2560
8 391 606 734 835 1021 1089 1245 1505 1633 2560 2560
9 392 607 735 836 1022 1090 1246 1506 1634 2560 2560
10 393 608 736 837 1023 1091 1247 1507 1635 2560 2560
11 394 609 737 838 1024 1092 1248 1508 1636 2560 2560
12 395 610 738 839 897 1093 1249 1509 1637 2560 2560
13 396 611 739 840 898 1094 1250 1510 1638 2560 2560
14 397 612 740 841 899 1095 1251 1511 1639 2560 2560
15 398 613 741 842 900 1096 1252 1512 1640 2560 2560
16 399 614 742 843 901 1097 1253 1513 1641 2560 2560
17 400 615 743 844 902 1098 1254 1514 1642 2560 2560
18 401 616 744 845 903 1099 1255 1515 1643 2560 2560
19 402 617 745 846 904 1100 1256 1516 1644 2560 2560
20 403 618 746 847 905 1101 1257 1517 1645 2560 2560
21 404 619 747 848 906 1102 1258 1518 1646 2560 2560
22 405 620 748 849 907 1103 1259 1519 1647 2560 2560
23 406 621 749 850 908 1104 1260 1520 1648 2560 2560
24 407 622 750 851 909 1105 1261 1521 1649 2560 2560
25 408 623 751 852 910 1106 1262 1522 1650 2560 2560
26 409 624 752 853 911 1107 1263 1523 1651 2560 2560
27 410 625 753 854 912 1108 1264 1524 1652 2560 2560
28 411 626 754 855 913 1109 1265 1525 1653 2560 2560
29 412 627 755 856 914 1110 1266 1526 1654 2560 2560
30 413 628 756 857 915 1111 1267 1527 1655 2560 2560
31 414 629 757 858 916 1112 1268 1528 1656 2560 2560
32 415 630 758 859 917 1113 1269 1529 1657 2560 2560
33 416 631 759 860 918 1114 1270 1530 1658 2560 2560
34 417 632 760 861 919 1115 1271 1531 1659 2560 2560
35 418 633 761 862 920 1116 1272 1532 1660 2560 2560
36 419 634 762 863 921 1117 1273 1533 1661 2560 2560
37 420 635 763 864 922 1118 1274 1534 1662 2560 2560
38 421 636 764 865 923 1119 1275 1535 1663 2560 2560
39 422 637 765 866 924 1120 1276 1536 1664 2560 2560
82 243 429 565 1137 1282 1537 1665 2560 2560
83 244 430 566 1138 1283 1538 1666 2560 2560
84 245 431 567 1139 1284 1539 1667 2560 2560
85 246 432 568 1140 1285 1540 1668 2560 2560
86 247 433 569 1141 1286 1541 1669 2560 2560
87 248 434 570 1142 1287 1542 1670 2560 2560
88 249 435 571 1143 1288 1543 1671 2560 2560
89 250 436 572 1144 1289 1544 1672 2560 2560
90 251 437 573 1145 1290 1545 1673 2560 2560
91 252 438 574 1146 1291 1546 1674 2560 2560
92 253 439 575 1147 1292 1547 1675 2560 2560
93 254 440 576 1148 1293 1548 1676 2560 2560
94 255 441 577 1149 1294 1549 1677 2560 2560
95 256 442 578 1150 1295 1550 1678 2560 2560
96 129 443 579 1151 1296 1551 1679 2560 2560
97 130 444 580 1152 1297 1552 1680 2560 2560
98 131 445 581 1025 1298 1553 1681 2560 2560
99 132 446 582 1026 1299 1554 1682 2560 2560
100 133 447 583 1027 1300 1555 1683 2560 2560
101 134 448 584 1028 1301 1556 1684 2560 2560
102 135 449 585 1029 1302 1557 1685 2560 2560
103 136 450 586 1030 1303 1558 1686 2560 2560
104 137 451 587 1031 1304 1559 1687 2560 2560
105 138 452 588 1032 1305 1560 1688 2560 2560
106 139 453 589 1033 1306 1561 1689 2560 2560
107 140 454 590 1034 1307 1562 1690 2560 2560
108 141 455 591 1035 1308 1563 1691 2560 2560
109 142 456 592 1036 1309 1564 1692 2560 2560
110 143 457 593 1037 1310 1565 1693 2560 2560
111 144 458 594 1038 1311 1566 1694 2560 2560
112 145 459 595 1039 1312 1567 1695 2560 2560
113 146 460 596 1040 1313 1568 1696 2560 2560
114 147 461 597 1041 1314 1569 1697 2560 2560
115 148 462 598 1042 1315 1570 1698 2560 2560
116 149 463 599 1043 1316 1571 1699 2560 2560
117 150 464 600 1044 1317 1572 1700 2560 2560
118 151 465 601 1045 1318 1573 1701 2560 2560
119 152 466 602 1046 1319 1574 1702 2560 2560
120 153 467 603 1047 1320 1575 1703 2560 2560
121 154 468 604 1048 1321 1576 1704 2560 2560
122 155 469 605 1049 1322 1577 1705 2560 2560
123 156 470 606 1050 1323 1578 1706 2560 2560
124 157 471 607 1051 1324 1579 1707 2560 2560
125 158 472 608 1052 1325 1580 1708 2560 2560
126 159 473 609 1053 1326 1581 1709 2560 2560
127 160 474 610 1054 1327 1582 1710 2560 2560
128 161 475 611 1055 1328 1583 1711 2560 2560
1 162 476 612 1056 1329 1584 1712 2560 2560
2 163 477 613 1057 1330 1585 1713 2560 2560
3 164 478 614 1058 1331 1586 1714 2560 2560
4 165 479 615 1059 1332 1587 1715 2560 2560
5 166 480 616 1060 1333 1588 1716 2560 2560
6 167 481 617 1061 1334 1589 1717 2560 2560
7 168 482 618 1062 1335 1590 1718 2560 2560
8 169 483 619 1063 1336 1591 1719 2560 2560
9 170 484 620 1064 1337 1592 1720 2560 2560
10 171 485 621 1065 1338 1593 1721 2560 2560
11 172 486 622 1066 1339 1594 1722 2560 2560
12 173 487 623 1067 1340 1595 1723 2560 2560
13 174 488 624 1068 1341 1596 1724 2560 2560
14 175 489 625 1069 1342 1597 1725 2560 2560
15 176 490 626 1070 1343 1598 1726 2560 2560
16 177 491 627 1071 1344 1599 1727 2560 2560
17 178 492 628 1072 1345 1600 1728 2560 2560
18 179 493 629 1073 1346 1601 1729 2560 2560
19 180 494 630 1074 1347 1602 1730 2560 2560
20 181 495 631 1075 1348 1603 1731 2560 2560
21 182 496 632 1076 1349 1604 1732 2560 2560
22 183 497 633 1077 1350 1605 1733 2560 2560
23 184 498 634 1078 1351 1606 1734 2560 2560
24 185 499 635 1079 1352 1607 1735 2560 2560
25 186 500 636 1080 1353 1608 1736 2560 2560
26 187 501 637 1081 1354 1609 1737 2560 2560
27 188 502 638 1082 1355 1610 1738 2560 2560
28 189 503 639 1083 1356 1611 1739 2560 2560
29 190 504 640 1084 1357 1612 1740 2560 2560
30 191 505 513 1085 1358 1613 1741 2560 2560
31 192 506 514 1086 1359 1614 1742 2560 2560
32 193 507 515 1087 1360 1615 1743 2560 2560
33 194 508 516 1088 1361 1616 1744 2560 2560
34 195 509 517 1089 1362 1617 1745 2560 2560
35 196 510 518 1090 1363 1618 1746 2560 2560
36 197 511 519 1091 1364 1619 1747 2560 2560
37 198 512 520 1092 1365 1620 1748 2560 2560
38 199 385 521 1093 1366 1621 1749 2560 2560
39 200 386 522 1094 1367 1622 1750 2560 2560
40 201 387 523 1095 1368 1623 1751 2560 2560
41 202 388 524 1096 1369 1624 1752 2560 2560
42 203 389 525 1097 1370 1625 1753 2560 2560
43 204 390 526 1098 1371 1626 1754 2560 2560
44 205 391 527 1099 1372 1627 1755 2560 2560
45 206 392 528 1100 1373 1628 1756 2560 2560
46 207 393 529 1101 1374 1629 1757 2560 2560
47 208 394 530 1102 1375 1630 1758 2560 2560
48 209 395 531 1103 1376 1631 1759 2560 2560
49 210 396 532 1104 1377 1632 1760 2560 2560
50 211 397 533 1105 1378 1633 1761 2560 2560
51 212 398 534 1106 1379 1634 1762 2560 2560
52 213 399 535 1107 1380 1635 1763 2560 2560
53 214 400 536 1108 1381 1636 1764 2560 2560
54 215 401 537 1109 1382 1637 1765 2560 2560
55 216 402 538 1110 1383 1638 1766 2560 2560
56 217 403 539 1111 1384 1639 1767 2560 2560
57 218 404 540 1112 1385 1640 1768 2560 2560
58 219 405 541 1113 1386 1641 1769 2560 2560
59 220 406 542 1114 1387 1642 1770 2560 2560
60 221 407 543 1115 1388 1643 1771 2560 2560
61 222 408 544 1116 1389 1644 1772 2560 2560
62 223 409 545 1117 1390 1645 1773 2560 2560
63 224 410 546 1118 1391 1646 1774 2560 2560
64 225 411 547 1119 1392 1647 1775 2560 2560
65 226 412 548 1120 1393 1648 1776 2560 2560
66 227 413 549 1121 1394 1649 1777 2560 2560
67 228 414 550 1122 1395 1650 1778 2560 2560
68 229 415 551 1123 1396 1651 1779 2560 2560
69 230 416 552 1124 1397 1652 1780 2560 2560
70 231 417 553 1125 1398 1653 1781 2560 2560
71 232 418 554 1126 1399 1654 1782 2560 2560
72 233 419 555 1127 1400 1655 1783 2560 2560
73 234 420 556 1128 1401 1656 1784 2560 2560
74 235 421 557 1129 1402 1657 1785 2560 2560
75 236 422 558 1130 1403 1658 1786 2560 2560
76 237 423 559 1131 1404 1659 1787 2560 2560
77 238 424 560 1132 1405 1660 1788 2560 2560
78 239 425 561 1133 1406 1661 1789 2560 2560
79 240 426 562 1134 1407 1662 1790 2560 2560
80 241 427 563 1135 1408 1663 1791 2560 2560
81 242 428 564 1136 1281 1664 1792 2560 2560
137 315 543 745 850 951 1043 1153 1281 1665 2560 2560
138 316 544 746 851 952 1044 1154 1282 1666 2560 2560
139 317 545 747 852 953 1045 1155 1283 1667 2560 2560
140 318 546 748 853 954 1046 1156 1284 1668 2560 2560
141 319 547 749 854 955 1047 1157 1285 1669 2560 2560
142 320 548 750 855 956 1048 1158 1286 1670 2560 2560
143 321 549 751 856 957 1049 1159 1287 1671 2560 2560
144 322 550 752 857 958 1050 1160 1288 1672 2560 2560
145 323 551 753 858 959 1051 1161 1289 1673 2560 2560
146 324 552 754 859 960 1052 1162 1290 1674 2560 2560
147 325 553 755 860 961 1053 1163 1291 1675 2560 2560
148 326 554 756 861 962 1054 1164 1292 1676 2560 2560
149 327 555 757 862 963 1055 1165 1293 1677 2560 2560
150 328 556 758 863 964 1056 1166 1294 1678 2560 2560
151 329 557 759 864 965 1057 1167 1295 1679 2560 2560
152 330 558 760 865 966 1058 1168 1296 1680 2560 2560
153 331 559 761 866 967 1059 1169 1297 1681 2560 2560
154 332 560 762 867 968 1060 1170 1298 1682 2560 2560
155 333 561 763 868 969 1061 1171 1299 1683 2560 2560
156 334 562 764 869 970 1062 1172 1300 1684 2560 2560
157 335 563 765 870 971 1063 1173 1301 1685 2560 2560
158 336 564 766 871 972 1064 1174 1302 1686 2560 2560
159 337 565 767 872 973 1065 1175 1303 1687 2560 2560
160 338 566 768 873 974 1066 1176 1304 1688 2560 2560
161 339 567 641 874 975 1067 1177 1305 1689 2560 2560
162 340 568 642 875 976 1068 1178 1306 1690 2560 2560
163 341 569 643 876 977 1069 1179 1307 1691 2560 2560
164 342 570 644 877 978 1070 1180 1308 1692 2560 2560
165 343 571 645 878 979 1071 1181 1309 1693 2560 2560
166 344 572 646 879 980 1072 1182 1310 1694 2560 2560
167 345 573 647 880 981 1073 1183 1311 1695 2560 2560
168 346 574 648 881 982 1074 1184 1312 1696 2560 2560
169 347 575 649 882 983 1075 1185 1313 1697 2560 2560
170 348 576 650 883 984 1076 1186 1314 1698 2560 2560
171 349 577 651 884 985 1077 1187 1315 1699 2560 2560
172 350 578 652 885 986 1078 1188 1316 1700 2560 2560
173 351 579 653 886 987 1079 1189 1317 1701 2560 2560
174 352 580 654 887 988 1080 1190 1318 1702 2560 2560
175 353 581 655 888 989 1081 1191 1319 1703 2560 2560
176 354 582 656 889 990 1082 1192 1320 1704 2560 2560
177 355 583 657 890 991 1083 1193 1321 1705 2560 2560
178 356 584 658 891 992 1084 1194 1322 1706 2560 2560
179 357 585 659 892 993 1085 1195 1323 1707 2560 2560
180 358 586 660 893 994 1086 1196 1324 1708 2560 2560
181 359 587 661 894 995 1087 1197 1325 1709 2560 2560
182 360 588 662 895 996 1088 1198 1326 1710 2560 2560
183 361 589 663 896 997 1089 1199 1327 1711 2560 2560
184 362 590 664 769 998 1090 1200 1328 1712 2560 2560
185 363 591 665 770 999 1091 1201 1329 1713 2560 2560
186 364 592 666 771 1000 1092 1202 1330 1714 2560 2560
187 365 593 667 772 1001 1093 1203 1331 1715 2560 2560
188 366 594 668 773 1002 1094 1204 1332 1716 2560 2560
189 367 595 669 774 1003 1095 1205 1333 1717 2560 2560
190 368 596 670 775 1004 1096 1206 1334 1718 2560 2560
191 369 597 671 776 1005 1097 1207 1335 1719 2560 2560
192 370 598 672 777 1006 1098 1208 1336 1720 2560 2560
193 371 599 673 778 1007 1099 1209 1337 1721 2560 2560
194 372 600 674 779 1008 1100 1210 1338 1722 2560 2560
195 373 601 675 780 1009 1101 1211 1339 1723 2560 2560
196 374 602 676 781 1010 1102 1212 1340 1724 2560 2560
197 375 603 677 782 1011 1103 1213 1341 1725 2560 2560
198 376 604 678 783 1012 1104 1214 1342 1726 2560 2560
199 377 605 679 784 1013 1105 1215 1343 1727 2560 2560
200 378 606 680 785 1014 1106 1216 1344 1728 2560 2560
201 379 607 681 786 1015 1107 1217 1345 1729 2560 2560
202 380 608 682 787 1016 1108 1218 1346 1730 2560 2560
203 381 609 683 788 1017 1109 1219 1347 1731 2560 2560
204 382 610 684 789 1018 1110 1220 1348 1732 2560 2560
205 383 611 685 790 1019 1111 1221 1349 1733 2560 2560
206 384 612 686 791 1020 1112 1222 1350 1734 2560 2560
207 257 613 687 792 1021 1113 1223 1351 1735 2560 2560
208 258 614 688 793 1022 1114 1224 1352 1736 2560 2560
209 259 615 689 794 1023 1115 1225 1353 1737 2560 2560
210 260 616 690 795 1024 1116 1226 1354 1738 2560 2560
211 261 617 691 796 897 1117 1227 1355 1739 2560 2560
212 262 618 692 797 898 1118 1228 1356 1740 2560 2560
213 263 619 693 798 899 1119 1229 1357 1741 2560 2560
214 264 620 694 799 900 1120 1230 1358 1742 2560 2560
215 265 621 695 800 901 1121 1231 1359 1743 2560 2560
216 266 622 696 801 902 1122 1232 1360 1744 2560 2560
217 267 623 697 802 903 1123 1233 1361 1745 2560 2560
218 268 624 698 803 904 1124 1234 1362 1746 2560 2560
219 269 625 699 804 905 1125 1235 1363 1747 2560 2560
220 270 626 700 805 906 1126 1236 1364 1748 2560 2560
221 271 627 701 806 907 1127 1237 1365 1749 2560 2560
222 272 628 702 807 908 1128 1238 1366 1750 2560 2560
223 273 629 703 808 909 1129 1239 1367 1751 2560 2560
224 274 630 704 809 910 1130 1240 1368 1752 2560 2560
225 275 631 705 810 911 1131 1241 1369 1753 2560 2560
226 276 632 706 811 912 1132 1242 1370 1754 2560 2560
227 277 633 707 812 913 1133 1243 1371 1755 2560 2560
228 278 634 708 813 914 1134 1244 1372 1756 2560 2560
229 279 635 709 814 915 1135 1245 1373 1757 2560 2560
230 280 636 710 815 916 1136 1246 1374 1758 2560 2560
231 281 637 711 816 917 1137 1247 1375 1759 2560 2560
232 282 638 712 817 918 1138 1248 1376 1760 2560 2560
233 283 639 713 818 919 1139 1249 1377 1761 2560 2560
234 284 640 714 819 920 1140 1250 1378 1762 2560 2560
235 285 513 715 820 921 1141 1251 1379 1763 2560 2560
236 286 514 716 821 922 1142 1252 1380 1764 2560 2560
237 287 515 717 822 923 1143 1253 1381 1765 2560 2560
238 288 516 718 823 924 1144 1254 1382 1766 2560 2560
239 289 517 719 824 925 1145 1255 1383 1767 2560 2560
240 290 518 720 825 926 1146 1256 1384 1768 2560 2560
241 291 519 721 826 927 1147 1257 1385 1769 2560 2560
242 292 520 722 827 928 1148 1258 1386 1770 2560 2560
243 293 521 723 828 929 1149 1259 1387 1771 2560 2560
244 294 522 724 829 930 1150 1260 1388 1772 2560 2560
245 295 523 725 830 931 1151 1261 1389 1773 2560 2560
246 296 524 726 831 932 1152 1262 1390 1774 2560 2560
247 297 525 727 832 933 1025 1263 1391 1775 2560 2560
248 298 526 728 833 934 1026 1264 1392 1776 2560 2560
249 299 527 729 834 935 1027 1265 1393 1777 2560 2560
250 300 528 730 835 936 1028 1266 1394 1778 2560 2560
251 301 529 731 836 937 1029 1267 1395 1779 2560 2560
252 302 530 732 837 938 1030 1268 1396 1780 2560 2560
253 303 531 733 838 939 1031 1269 1397 1781 2560 2560
254 304 532 734 839 940 1032 1270 1398 1782 2560 2560
255 305 533 735 840 941 1033 1271 1399 1783 2560 2560
256 306 534 736 841 942 1034 1272 1400 1784 2560 2560
129 307 535 737 842 943 1035 1273 1401 1785 2560 2560
130 308 536 738 843 944 1036 1274 1402 1786 2560 2560
131 309 537 739 844 945 1037 1275 1403 1787 2560 2560
132 310 538 740 845 946 1038 1276 1404 1788 2560 2560
133 311 539 741 846 947 1039 1277 1405 1789 2560 2560
134 312 540 742 847 948 1040 1278 1406 1790 2560 2560
135 313 541 743 848 949 1041 1279 1407 1791 2560 2560
136 314 542 744 849 950 1042 1280 1408 1792 2560 2560
52 215 1480 1793 2560 2560
53 216 1481 1794 2560 2560
54 217 1482 1795 2560 2560
55 218 1483 1796 2560 2560
56 219 1484 1797 2560 2560
57 220 1485 1798 2560 2560
58 221 1486 1799 2560 2560
59 222 1487 1800 2560 2560
60 223 1488 1801 2560 2560
61 224 1489 1802 2560 2560
62 225 1490 1803 2560 2560
63 226 1491 1804 2560 2560
64 227 1492 1805 2560 2560
65 228 1493 1806 2560 2560
66 229 1494 1807 2560 2560
67 230 1495 1808 2560 2560
68 231 1496 1809 2560 2560
69 232 1497 1810 2560 2560
70 233 1498 1811 2560 2560
71 234 1499 1812 2560 2560
72 235 1500 1813 2560 2560
73 236 1501 1814 2560 2560
74 237 1502 1815 2560 2560
75 238 1503 1816 2560 2560
76 239 1504 1817 2560 2560
77 240 1505 1818 2560 2560
78 241 1506 1819 2560 2560
79 242 1507 1820 2560 2560
80 243 1508 1821 2560 2560
81 244 1509 1822 2560 2560
82 245 1510 1823 2560 2560
83 246 1511 1824 2560 2560
84 247 1512 1825 2560 2560
85 248 1513 1826 2560 2560
86 249 1514 1827 2560 2560
87 250 1515 1828 2560 2560
88 251 1516 1829 2560 2560
89 252 1517 1830 2560 2560
90 253 1518 1831 2560 2560
91 254 1519 1832 2560 2560
92 255 1520 1833 2560 2560
93 256 1521 1834 2560 2560
94 129 1522 1835 2560 2560
95 130 1523 1836 2560 2560
96 131 1524 1837 2560 2560
97 132 1525 1838 2560 2560
98 133 1526 1839 2560 2560
99 134 1527 1840 2560 2560
100 135 1528 1841 2560 2560
101 136 1529 1842 2560 2560
102 137 1530 1843 2560 2560
103 138 1531 1844 2560 2560
104 139 1532 1845 2560 2560
105 140 1533 1846 2560 2560
106 141 1534 1847 2560 2560
107 142 1535 1848 2560 2560
108 143 1536 1849 2560 2560
109 144 1409 1850 2560 2560
110 145 1410 1851 2560 2560
111 146 1411 1852 2560 2560
112 147 1412 1853 2560 2560
113 148 1413 1854 2560 2560
114 149 1414 1855 2560 2560
115 150 1415 1856 2560 2560
116 151 1416 1857 2560 2560
117 152 1417 1858 2560 2560
118 153 1418 1859 2560 2560
119 154 1419 1860 2560 2560
120 155 1420 1861 2560 2560
121 156 1421 1862 2560 2560
122 157 1422 1863 2560 2560
123 158 1423 1864 2560 2560
124 159 1424 1865 2560 2560
125 160 1425 1866 2560 2560
126 161 1426 1867 2560 2560
127 162 1427 1868 2560 2560
128 163 1428 1869 2560 2560
1 164 1429 1870 2560 2560
2 165 1430 1871 2560 2560
3 166 1431 1872 2560 2560
4 167 1432 1873 2560 2560
5 168 1433 1874 2560 2560
6 169 1434 1875 2560 2560
7 170 1435 1876 2560 2560
8 171 1436 1877 2560 2560
9 172 1437 1878 2560 2560
10 173 1438 1879 2560 2560
11 174 1439 1880 2560 2560
12 175 1440 1881 2560 2560
13 176 1441 1882 2560 2560
14 177 1442 1883 2560 2560
15 178 1443 1884 2560 2560
16 179 1444 1885 2560 2560
17 180 1445 1886 2560 2560
18 181 1446 1887 2560 2560
19 182 1447 1888 2560 2560
20 183 1448 1889 2560 2560
21 184 1449 1890 2560 2560
22 185 1450 1891 2560 2560
23 186 1451 1892 2560 2560
24 187 1452 1893 2560 2560
25 188 1453 1894 2560 2560
26 189 1454 1895 2560 2560
27 190 1455 1896 2560 2560
28 191 1456 1897 2560 2560
29 192 1457 1898 2560 2560
30 193 1458 1899 2560 2560
31 194 1459 1900 2560 2560
32 195 1460 1901 2560 2560
33 196 1461 1902 2560 2560
34 197 1462 1903 2560 2560
35 198 1463 1904 2560 2560
36 199 1464 1905 2560 2560
37 200 1465 1906 2560 2560
38 201 1466 1907 2560 2560
39 202 1467 1908 2560 2560
40 203 1468 1909 2560 2560
41 204 1469 1910 2560 2560
42 205 1470 1911 2560 2560
43 206 1471 1912 2560 2560
44 207 1472 1913 2560 2560
45 208 1473 1914 2560 2560
46 209 1474 1915 2560 2560
47 210 1475 1916 2560 2560
48 211 1476 1917 2560 2560
49 212 1477 1918 2560 2560
50 213 1478 1919 2560 2560
51 214 1479 1920 2560 2560
104 170 707 928 1512 1921 2560 2560
105 171 708 929 1513 1922 2560 2560
106 172 709 930 1514 1923 2560 2560
107 173 710 931 1515 1924 2560 2560
108 174 711 932 1516 1925 2560 2560
109 175 712 933 1517 1926 2560 2560
110 176 713 934 1518 1927 2560 2560
111 177 714 935 1519 1928 2560 2560
112 178 715 936 1520 1929 2560 2560
113 179 716 937 1521 1930 2560 2560
114 180 717 938 1522 1931 2560 2560
115 181 718 939 1523 1932 2560 2560
116 182 719 940 1524 1933 2560 2560
117 183 720 941 1525 1934 2560 2560
118 184 721 942 1526 1935 2560 2560
119 185 722 943 1527 1936 2560 2560
120 186 723 944 1528 1937 2560 2560
121 187 724 945 1529 1938 2560 2560
122 188 725 946 1530 1939 2560 2560
123 189 726 947 1531 1940 2560 2560
124 190 727 948 1532 1941 2560 2560
125 191 728 949 1533 1942 2560 2560
126 192 729 950 1534 1943 2560 2560
127 193 730 951 1535 1944 2560 2560
128 194 731 952 1536 1945 2560 2560
1 195 732 953 1409 1946 2560 2560
2 196 733 954 1410 1947 2560 2560
3 197 734 955 1411 1948 2560 2560
4 198 735 956 1412 1949 2560 2560
5 199 736 957 1413 1950 2560 2560
6 200 737 958 1414 1951 2560 2560
7 201 738 959 1415 1952 2560 2560
8 202 739 960 1416 1953 2560 2560
9 203 740 961 1417 1954 2560 2560
10 204 741 962 1418 1955 2560 2560
11 205 742 963 1419 1956 2560 2560
12 206 743 964 1420 1957 2560 2560
13 207 744 965 1421 1958 2560 2560
14 208 745 966 1422 1959 2560 2560
15 209 746 967 1423 1960 2560 2560
16 210 747 968 1424 1961 2560 2560
17 211 748 969 1425 1962 2560 2560
18 212 749 970 1426 1963 2560 2560
19 213 750 971 1427 1964 2560 2560
20 214 751 972 1428 1965 2560 2560
21 215 752 973 1429 1966 2560 2560
22 216 753 974 1430 1967 2560 2560
23 217 754 975 1431 1968 2560 2560
24 218 755 976 1432 1969 2560 2560
25 219 756 977 1433 1970 2560 2560
26 220 757 978 1434 1971 2560 2560
27 221 758 979 1435 1972 2560 2560
28 222 759 980 1436 1973 2560 2560
29 223 760 981 1437 1974 2560 2560
30 224 761 982 1438 1975 2560 2560
31 225 762 983 1439 1976 2560 2560
32 226 763 984 1440 1977 2560 2560
33 227 764 985 1441 1978 2560 2560
34 228 765 986 1442 1979 2560 2560
35 229 766 987 1443 1980 2560 2560
36 230 767 988 1444 1981 2560 2560
37 231 768 989 1445 1982 2560 2560
38 232 641 990 1446 1983 2560 2560
39 233 642 991 1447 1984 2560 2560
40 234 643 992 1448 1985 2560 2560
41 235 644 993 1449 1986 2560 2560
42 236 645 994 1450 1987 2560 2560
43 237 646 995 1451 1988 2560 2560
44 238 647 996 1452 1989 2560 2560
45 239 648 997 1453 1990 2560 2560
46 240 649 998 1454 1991 2560 2560
47 241 650 999 1455 1992 2560 2560
48 242 651 1000 1456 1993 2560 2560
49 243 652 1001 1457 1994 2560 2560
50 244 653 1002 1458 1995 2560 2560
51 245 654 1003 1459 1996 2560 2560
52 246 655 1004 1460 1997 2560 2560
53 247 656 1005 1461 1998 2560 2560
54 248 657 1006 1462 1999 2560 2560
55 249 658 1007 1463 2000 2560 2560
56 250 659 1008 1464 2001 2560 2560
57 251 660 1009 1465 2002 2560 2560
58 252 661 1010 1466 2003 2560 2560
59 253 662 1011 1467 2004 2560 2560
60 254 663 1012 1468 2005 2560 2560
61 255 664 1013 1469 2006 2560 2560
62 256 665 1014 1470 2007 2560 2560
63 129 666 1015 1471 2008 2560 2560
64 130 667 1016 1472 2009 2560 2560
65 131 668 1017 1473 2010 2560 2560
66 132 669 1018 1474 2011 2560 2560
67 133 670 1019 1475 2012 2560 2560
68 134 671 1020 1476 2013 2560 2560
69 135 672 1021 1477 2014 2560 2560
70 136 673 1022 1478 2015 2560 2560
71 137 674 1023 1479 2016 2560 2560
72 138 675 1024 1480 2017 2560 2560
73 139 676 897 1481 2018 2560 2560
74 140 677 898 1482 2019 2560 2560
75 141 678 899 1483 2020 2560 2560
76 142 679 900 1484 2021 2560 2560
77 143 680 901 1485 2022 2560 2560
78 144 681 902 1486 2023 2560 2560
79 145 682 903 1487 2024 2560 2560
80 146 683 904 1488 2025 2560 2560
81 147 684 905 1489 2026 2560 2560
82 148 685 906 1490 2027 2560 2560
83 149 686 907 1491 2028 2560 2560
84 150 687 908 1492 2029 2560 2560
85 151 688 909 1493 2030 2560 2560
86 152 689 910 1494 2031 2560 2560
87 153 690 911 1495 2032 2560 2560
88 154 691 912 1496 2033 2560 2560
89 155 692 913 1497 2034 2560 2560
90 156 693 914 1498 2035 2560 2560
91 157 694 915 1499 2036 2560 2560
92 158 695 916 1500 2037 2560 2560
93 159 696 917 1501 2038 2560 2560
94 160 697 918 1502 2039 2560 2560
95 161 698 919 1503 2040 2560 2560
96 162 699 920 1504 2041 2560 2560
97 163 700 921 1505 2042 2560 2560
98 164 701 922 1506 2043 2560 2560
99 165 702 923 1507 2044 2560 2560
100 166 703 924 1508 2045 2560 2560
101 167 704 925 1509 2046 2560 2560
102 168 705 926 1510 2047 2560 2560
103 169 706 927 1511 2048 2560 2560
28 741 942 1181 1439 2049 2560 2560
29 742 943 1182 1440 2050 2560 2560
30 743 944 1183 1441 2051 2560 2560
31 744 945 1184 1442 2052 2560 2560
32 745 946 1185 1443 2053 2560 2560
33 746 947 1186 1444 2054 2560 2560
34 747 948 1187 1445 2055 2560 2560
35 748 949 1188 1446 2056 2560 2560
36 749 950 1189 1447 2057 2560 2560
37 750 951 1190 1448 2058 2560 2560
38 751 952 1191 1449 2059 2560 2560
39 752 953 1192 1450 2060 2560 2560
40 753 954 1193 1451 2061 2560 2560
41 754 955 1194 1452 2062 2560 2560
42 755 956 1195 1453 2063 2560 2560
43 756 957 1196 1454 2064 2560 2560
44 757 958 1197 1455 2065 2560 2560
45 758 959 1198 1456 2066 2560 2560
46 759 960 1199 1457 2067 2560 2560
47 760 961 1200 1458 2068 2560 2560
48 761 962 1201 1459 2069 2560 2560
49 762 963 1202 1460 2070 2560 2560
50 763 964 1203 1461 2071 2560 2560
51 764 965 1204 1462 2072 2560 2560
52 765 966 1205 1463 2073 2560 2560
53 766 967 1206 1464 2074 2560 2560
54 767 968 1207 1465 2075 2560 2560
55 768 969 1208 1466 2076 2560 2560
56 641 970 1209 1467 2077 2560 2560
57 642 971 1210 1468 2078 2560 2560
58 643 972 1211 1469 2079 2560 2560
59 644 973 1212 1470 2080 2560 2560
60 645 974 1213 1471 2081 2560 2560
61 646 975 1214 1472 2082 2560 2560
62 647 976 1215 1473 2083 2560 2560
63 648 977 1216 1474 2084 2560 2560
64 649 978 1217 1475 2085 2560 2560
65 650 979 1218 1476 2086 2560 2560
66 651 980 1219 1477 2087 2560 2560
67 652 981 1220 1478 2088 2560 2560
68 653 982 1221 1479 2089 2560 2560
69 654 983 1222 1480 2090 2560 2560
70 655 984 1223 1481 2091 2560 2560
71 656 985 1224 1482 2092 2560 2560
72 657 986 1225 1483 2093 2560 2560
73 658 987 1226 1484 2094 2560 2560
74 659 988 1227 1485 2095 2560 2560
75 660 989 1228 1486 2096 2560 2560
76 661 990 1229 1487 2097 2560 2560
77 662 991 1230 1488 2098 2560 2560
78 663 992 1231 1489 2099 2560 2560
79 664 993 1232 1490 2100 2560 2560
80 665 994 1233 1491 2101 2560 2560
81 666 995 1234 1492 2102 2560 2560
82 667 996 1235 1493 2103 2560 2560
83 668 997 1236 1494 2104 2560 2560
84 669 998 1237 1495 2105 2560 2560
85 670 999 1238 1496 2106 2560 2560
86 671 1000 1239 1497 2107 2560 2560
87 672 1001 1240 1498 2108 2560 2560
88 673 1002 1241 1499 2109 2560 2560
89 674 1003 1242 1500 2110 2560 2560
90 675 1004 1243 1501 2111 2560 2560
91 676 1005 1244 1502 2112 2560 2560
92 677 1006 1245 1503 2113 2560 2560
93 678 1007 1246 1504 2114 2560 2560
94 679 1008 1247 1505 2115 2560 2560
95 680 1009 1248 1506 2116 2560 2560
96 681 1010 1249 1507 2117 2560 2560
97 682 1011 1250 1508 2118 2560 2560
98 683 1012 1251 1509 2119 2560 2560
99 684 1013 1252 1510 2120 2560 2560
100 685 1014 1253 1511 2121 2560 2560
101 686 1015 1254 1512 2122 2560 2560
102 687 1016 1255 1513 2123 2560 2560
103 688 1017 1256 1514 2124 2560 2560
104 689 1018 1257 1515 2125 2560 2560
105 690 1019 1258 1516 2126 2560 2560
106 691 1020 1259 1517 2127 2560 2560
107 692 1021 1260 1518 2128 2560 2560
108 693 1022 1261 1519 2129 2560 2560
109 694 1023 1262 1520 2130 2560 2560
110 695 1024 1263 1521 2131 2560 2560
111 696 897 1264 1522 2132 2560 2560
112 697 898 1265 1523 2133 2560 2560
113 698 899 1266 1524 2134 2560 2560
114 699 900 1267 1525 2135 2560 2560
115 700 901 1268 1526 2136 2560 2560
116 701 902 1269 1527 2137 2560 2560
117 702 903 1270 1528 2138 2560 2560
118 703 904 1271 1529 2139 2560 2560
119 704 905 1272 1530 2140 2560 2560
120 705 906 1273 1531 2141 2560 2560
121 706 907 1274 1532 2142 2560 2560
122 707 908 1275 1533 2143 2560 2560
123 708 909 1276 1534 2144 2560 2560
124 709 910 1277 1535 2145 2560 2560
125 710 911 1278 1536 2146 2560 2560
126 711 912 1279 1409 2147 2560 2560
127 712 913 1280 1410 2148 2560 2560
128 713 914 1153 1411 2149 2560 2560
1 714 915 1154 1412 2150 2560 2560
2 715 916 1155 1413 2151 2560 2560
3 716 917 1156 1414 2152 2560 2560
4 717 918 1157 1415 2153 2560 2560
5 718 919 1158 1416 2154 2560 2560
6 719 920 1159 1417 2155 2560 2560
7 720 921 1160 1418 2156 2560 2560
8 721 922 1161 1419 2157 2560 2560
9 722 923 1162 1420 2158 2560 2560
10 723 924 1163 1421 2159 2560 2560
11 724 925 1164 1422 2160 2560 2560
12 725 926 1165 1423 2161 2560 2560
13 726 927 1166 1424 2162 2560 2560
14 727 928 1167 1425 2163 2560 2560
15 728 929 1168 1426 2164 2560 2560
16 729 930 1169 1427 2165 2560 2560
17 730 931 1170 1428 2166 2560 2560
18 731 932 1171 1429 2167 2560 2560
19 732 933 1172 1430 2168 2560 2560
20 733 934 1173 1431 2169 2560 2560
21 734 935 1174 1432 2170 2560 2560
22 735 936 1175 1433 2171 2560 2560
23 736 937 1176 1434 2172 2560 2560
24 737 938 1177 1435 2173 2560 2560
25 738 939 1178 1436 2174 2560 2560
26 739 940 1179 1437 2175 2560 2560
27 740 941 1180 1438 2176 2560 2560
130 660 909 1412 1781 2177 2560 2560
131 661 910 1413 1782 2178 2560 2560
132 662 911 1414 1783 2179 2560 2560
133 663 912 1415 1784 2180 2560 2560
134 664 913 1416 1785 2181 2560 2560
135 665 914 1417 1786 2182 2560 2560
136 666 915 1418 1787 2183 2560 2560
137 667 916 1419 1788 2184 2560 2560
138 668 917 1420 1789 2185 2560 2560
139 669 918 1421 1790 2186 2560 2560
140 670 919 1422 1791 2187 2560 2560
141 671 920 1423 1792 2188 2560 2560
142 672 921 1424 1665 2189 2560 2560
143 673 922 1425 1666 2190 2560 2560
144 674 923 1426 1667 2191 2560 2560
145 675 924 1427 1668 2192 2560 2560
146 676 925 1428 1669 2193 2560 2560
147 677 926 1429 1670 2194 2560 2560
148 678 927 1430 1671 2195 2560 2560
149 679 928 1431 1672 2196 2560 2560
150 680 929 1432 1673 2197 2560 2560
151 681 930 1433 1674 2198 2560 2560
152 682 931 1434 1675 2199 2560 2560
153 683 932 1435 1676 2200 2560 2560
154 684 933 1436 1677 2201 2560 2560
155 685 934 1437 1678 2202 2560 2560
156 686 935 1438 1679 2203 2560 2560
157 687 936 1439 1680 2204 2560 2560
158 688 937 1440 1681 2205 2560 2560
159 689 938 1441 1682 2206 2560 2560
160 690 939 1442 1683 2207 2560 2560
161 691 940 1443 1684 2208 2560 2560
162 692 941 1444 1685 2209 2560 2560
163 693 942 1445 1686 2210 2560 2560
164 694 943 1446 1687 2211 2560 2560
165 695 944 1447 1688 2212 2560 2560
166 696 945 1448 1689 2213 2560 2560
167 697 946 1449 1690 2214 2560 2560
168 698 947 1450 1691 2215 2560 2560
169 699 948 1451 1692 2216 2560 2560
170 700 949 1452 1693 2217 2560 2560
171 701 950 1453 1694 2218 2560 2560
172 702 951 1454 1695 2219 2560 2560
173 703 952 1455 1696 2220 2560 2560
174 704 953 1456 1697 2221 2560 2560
175 705 954 1457 1698 2222 2560 2560
176 706 955 1458 1699 2223 2560 2560
177 707 956 1459 1700 2224 2560 2560
178 708 957 1460 1701 2225 2560 2560
179 709 958 1461 1702 2226 2560 2560
180 710 959 1462 1703 2227 2560 2560
181 711 960 1463 1704 2228 2560 2560
182 712 961 1464 1705 2229 2560 2560
183 713 962 1465 1706 2230 2560 2560
184 714 963 1466 1707 2231 2560 2560
185 715 964 1467 1708 2232 2560 2560
186 716 965 1468 1709 2233 2560 2560
187 717 966 1469 1710 2234 2560 2560
188 718 967 1470 1711 2235 2560 2560
189 719 968 1471 1712 2236 2560 2560
190 720 969 1472 1713 2237 2560 2560
191 721 970 1473 1714 2238 2560 2560
192 722 971 1474 1715 2239 2560 2560
193 723 972 1475 1716 2240 2560 2560
194 724 973 1476 1717 2241 2560 2560
195 725 974 1477 1718 2242 2560 2560
196 726 975 1478 1719 2243 2560 2560
197 727 976 1479 1720 2244 2560 2560
198 728 977 1480 1721 2245 2560 2560
199 729 978 1481 1722 2246 2560 2560
200 730 979 1482 1723 2247 2560 2560
201 731 980 1483 1724 2248 2560 2560
202 732 981 1484 1725 2249 2560 2560
203 733 982 1485 1726 2250 2560 2560
204 734 983 1486 1727 2251 2560 2560
205 735 984 1487 1728 2252 2560 2560
206 736 985 1488 1729 2253 2560 2560
207 737 986 1489 1730 2254 2560 2560
208 738 987 1490 1731 2255 2560 2560
209 739 988 1491 1732 2256 2560 2560
210 740 989 1492 1733 2257 2560 2560
211 741 990 1493 1734 2258 2560 2560
212 742 991 1494 1735 2259 2560 2560
213 743 992 1495 1736 2260 2560 2560
214 744 993 1496 1737 2261 2560 2560
215 745 994 1497 1738 2262 2560 2560
216 746 995 1498 1739 2263 2560 2560
217 747 996 1499 1740 2264 2560 2560
218 748 997 1500 1741 2265 2560 2560
219 749 998 1501 1742 2266 2560 2560
220 750 999 1502 1743 2267 2560 2560
221 751 1000 1503 1744 2268 2560 2560
222 752 1001 1504 1745 2269 2560 2560
223 753 1002 1505 1746 2270 2560 2560
224 754 1003 1506 1747 2271 2560 2560
225 755 1004 1507 1748 2272 2560 2560
226 756 1005 1508 1749 2273 2560 2560
227 757 1006 1509 1750 2274 2560 2560
228 758 1007 1510 1751 2275 2560 2560
229 759 1008 1511 1752 2276 2560 2560
230 760 1009 1512 1753 2277 2560 2560
231 761 1010 1513 1754 2278 2560 2560
232 762 1011 1514 1755 2279 2560 2560
233 763 1012 1515 1756 2280 2560 2560
234 764 1013 1516 1757 2281 2560 2560
235 765 1014 1517 1758 2282 2560 2560
236 766 1015 1518 1759 2283 2560 2560
237 767 1016 1519 1760 2284 2560 2560
238 768 1017 1520 1761 2285 2560 2560
239 641 1018 1521 1762 2286 2560 2560
240 642 1019 1522 1763 2287 2560 2560
241 643 1020 1523 1764 2288 2560 2560
242 644 1021 1524 1765 2289 2560 2560
243 645 1022 1525 1766 2290 2560 2560
244 646 1023 1526 1767 2291 2560 2560
245 647 1024 1527 1768 2292 2560 2560
246 648 897 1528 1769 2293 2560 2560
247 649 898 1529 1770 2294 2560 2560
248 650 899 1530 1771 2295 2560 2560
249 651 900 1531 1772 2296 2560 2560
250 652 901 1532 1773 2297 2560 2560
251 653 902 1533 1774 2298 2560 2560
252 654 903 1534 1775 2299 2560 2560
253 655 904 1535 1776 2300 2560 2560
254 656 905 1536 1777 2301 2560 2560
255 657 906 1409 1778 2302 2560 2560
256 658 907 1410 1779 2303 2560 2560
129 659 908 1411 1780 2304 2560 2560
15 223 1639 2305 2560 2560
16 224 1640 2306 2560 2560
17 225 1641 2307 2560 2560
18 226 1642 2308 2560 2560
19 227 1643 2309 2560 2560
20 228 1644 2310 2560 2560
21 229 1645 2311 2560 2560
22 230 1646 2312 2560 2560
23 231 1647 2313 2560 2560
24 232 1648 2314 2560 2560
25 233 1649 2315 2560 2560
26 234 1650 2316 2560 2560
27 235 1651 2317 2560 2560
28 236 1652 2318 2560 2560
29 237 1653 2319 2560 2560
30 238 1654 2320 2560 2560
31 239 1655 2321 2560 2560
32 240 1656 2322 2560 2560
33 241 1657 2323 2560 2560
34 242 1658 2324 2560 2560
35 243 1659 2325 2560 2560
36 244 1660 2326 2560 2560
37 245 1661 2327 2560 2560
38 246 1662 2328 2560 2560
39 247 1663 2329 2560 2560
40 248 1664 2330 2560 2560
41 249 1537 2331 2560 2560
42 250 1538 2332 2560 2560
43 251 1539 2333 2560 2560
44 252 1540 2334 2560 2560
45 253 1541 2335 2560 2560
46 254 1542 2336 2560 2560
47 255 1543 2337 2560 2560
48 256 1544 2338 2560 2560
49 129 1545 2339 2560 2560
50 130 1546 2340 2560 2560
51 131 1547 2341 2560 2560
52 132 1548 2342 2560 2560
53 133 1549 2343 2560 2560
54 134 1550 2344 2560 2560
55 135 1551 2345 2560 2560
56 136 1552 2346 2560 2560
57 137 1553 2347 2560 2560
58 138 1554 2348 2560 2560
59 139 1555 2349 2560 2560
60 140 1556 2350 2560 2560
61 141 1557 2351 2560 2560
62 142 1558 2352 2560 2560
63 143 1559 2353 2560 2560
64 144 1560 2354 2560 2560
65 145 1561 2355 2560 2560
66 146 1562 2356 2560 2560
67 147 1563 2357 2560 2560
68 148 1564 2358 2560 2560
69 149 1565 2359 2560 2560
70 150 1566 2360 2560 2560
71 151 1567 2361 2560 2560
72 152 1568 2362 2560 2560
73 153 1569 2363 2560 2560
74 154 1570 2364 2560 2560
75 155 1571 2365 2560 2560
76 156 1572 2366 2560 2560
77 157 1573 2367 2560 2560
78 158 1574 2368 2560 2560
79 159 1575 2369 2560 2560
80 160 1576 2370 2560 2560
81 161 1577 2371 2560 2560
82 162 1578 2372 2560 2560
83 163 1579 2373 2560 2560
84 164 1580 2374 2560 2560
85 165 1581 2375 2560 2560
86 166 1582 2376 2560 2560
87 167 1583 2377 2560 2560
88 168 1584 2378 2560 2560
89 169 1585 2379 2560 2560
90 170 1586 2380 2560 2560
91 171 1587 2381 2560 2560
92 172 1588 2382 2560 2560
93 173 1589 2383 2560 2560
94 174 1590 2384 2560 2560
95 175 1591 2385 2560 2560
96 176 1592 2386 2560 2560
97 177 1593 2387 2560 2560
98 178 1594 2388 2560 2560
99 179 1595 2389 2560 2560
100 180 1596 2390 2560 2560
101 181 1597 2391 2560 2560
102 182 1598 2392 2560 2560
103 183 1599 2393 2560 2560
104 184 1600 2394 2560 2560
105 185 1601 2395 2560 2560
106 186 1602 2396 2560 2560
107 187 1603 2397 2560 2560
108 188 1604 2398 2560 2560
109 189 1605 2399 2560 2560
110 190 1606 2400 2560 2560
111 191 1607 2401 2560 2560
112 192 1608 2402 2560 2560
113 193 1609 2403 2560 2560
114 194 1610 2404 2560 2560
115 195 1611 2405 2560 2560
116 196 1612 2406 2560 2560
117 197 1613 2407 2560 2560
118 198 1614 2408 2560 2560
119 199 1615 2409 2560 2560
120 200 1616 2410 2560 2560
121 201 1617 2411 2560 2560
122 202 1618 2412 2560 2560
123 203 1619 2413 2560 2560
124 204 1620 2414 2560 2560
125 205 1621 2415 2560 2560
126 206 1622 2416 2560 2560
127 207 1623 2417 2560 2560
128 208 1624 2418 2560 2560
1 209 1625 2419 2560 2560
2 210 1626 2420 2560 2560
3 211 1627 2421 2560 2560
4 212 1628 2422 2560 2560
5 213 1629 2423 2560 2560
6 214 1630 2424 2560 2560
7 215 1631 2425 2560 2560
8 216 1632 2426 2560 2560
9 217 1633 2427 2560 2560
10 218 1634 2428 2560 2560
11 219 1635 2429 2560 2560
12 220 1636 2430 2560 2560
13 221 1637 2431 2560 2560
14 222 1638 2432 2560 2560
204 1102 1342 1528 2433 2560 2560
205 1103 1343 1529 2434 2560 2560
206 1104 1344 1530 2435 2560 2560
207 1105 1345 1531 2436 2560 2560
208 1106 1346 1532 2437 2560 2560
209 1107 1347 1533 2438 2560 2560
210 1108 1348 1534 2439 2560 2560
211 1109 1349 1535 2440 2560 2560
212 1110 1350 1536 2441 2560 2560
213 1111 1351 1409 2442 2560 2560
214 1112 1352 1410 2443 2560 2560
215 1113 1353 1411 2444 2560 2560
216 1114 1354 1412 2445 2560 2560
217 1115 1355 1413 2446 2560 2560
218 1116 1356 1414 2447 2560 2560
219 1117 1357 1415 2448 2560 2560
220 1118 1358 1416 2449 2560 2560
221 1119 1359 1417 2450 2560 2560
222 1120 1360 1418 2451 2560 2560
223 1121 1361 1419 2452 2560 2560
224 1122 1362 1420 2453 2560 2560
225 1123 1363 1421 2454 2560 2560
226 1124 1364 1422 2455 2560 2560
227 1125 1365 1423 2456 2560 2560
228 1126 1366 1424 2457 2560 2560
229 1127 1367 1425 2458 2560 2560
230 1128 1368 1426 2459 2560 2560
231 1129 1369 1427 2460 2560 2560
232 1130 1370 1428 2461 2560 2560
233 1131 1371 1429 2462 2560 2560
234 1132 1372 1430 2463 2560 2560
235 1133 1373 1431 2464 2560 2560
236 1134 1374 1432 2465 2560 2560
237 1135 1375 1433 2466 2560 2560
238 1136 1376 1434 2467 2560 2560
239 1137 1377 1435 2468 2560 2560
240 1138 1378 1436 2469 2560 2560
241 1139 1379 1437 2470 2560 2560
242 1140 1380 1438 2471 2560 2560
243 1141 1381 1439 2472 2560 2560
244 1142 1382 1440 2473 2560 2560
245 1143 1383 1441 2474 2560 2560
246 1144 1384 1442 2475 2560 2560
247 1145 1385 1443 2476 2560 2560
248 1146 1386 1444 2477 2560 2560
249 1147 1387 1445 2478 2560 2560
250 1148 1388 1446 2479 2560 2560
251 1149 1389 1447 2480 2560 2560
252 1150 1390 1448 2481 2560 2560
253 1151 1391 1449 2482 2560 2560
254 1152 1392 1450 2483 2560 2560
255 1025 1393 1451 2484 2560 2560
256 1026 1394 1452 2485 2560 2560
129 1027 1395 1453 2486 2560 2560
130 1028 1396 1454 2487 2560 2560
131 1029 1397 1455 2488 2560 2560
132 1030 1398 1456 2489 2560 2560
133 1031 1399 1457 2490 2560 2560
134 1032 1400 1458 2491 2560 2560
135 1033 1401 1459 2492 2560 2560
136 1034 1402 1460 2493 2560 2560
137 1035 1403 1461 2494 2560 2560
138 1036 1404 1462 2495 2560 2560
139 1037 1405 1463 2496 2560 2560
140 1038 1406 1464 2497 2560 2560
141 1039 1407 1465 2498 2560 2560
142 1040 1408 1466 2499 2560 2560
143 1041 1281 1467 2500 2560 2560
144 1042 1282 1468 2501 2560 2560
145 1043 1283 1469 2502 2560 2560
146 1044 1284 1470 2503 2560 2560
147 1045 1285 1471 2504 2560 2560
148 1046 1286 1472 2505 2560 2560
149 1047 1287 1473 2506 2560 2560
150 1048 1288 1474 2507 2560 2560
151 1049 1289 1475 2508 2560 2560
152 1050 1290 1476 2509 2560 2560
153 1051 1291 1477 2510 2560 2560
154 1052 1292 1478 2511 2560 2560
155 1053 1293 1479 2512 2560 2560
156 1054 1294 1480 2513 2560 2560
157 1055 1295 1481 2514 2560 2560
158 1056 1296 1482 2515 2560 2560
159 1057 1297 1483 2516 2560 2560
160 1058 1298 1484 2517 2560 2560
161 1059 1299 1485 2518 2560 2560
162 1060 1300 1486 2519 2560 2560
163 1061 1301 1487 2520 2560 2560
164 1062 1302 1488 2521 2560 2560
165 1063 1303 1489 2522 2560 2560
166 1064 1304 1490 2523 2560 2560
167 1065 1305 1491 2524 2560 2560
168 1066 1306 1492 2525 2560 2560
169 1067 1307 1493 2526 2560 2560
170 1068 1308 1494 2527 2560 2560
171 1069 1309 1495 2528 2560 2560
172 1070 1310 1496 2529 2560 2560
173 1071 1311 1497 2530 2560 2560
174 1072 1312 1498 2531 2560 2560
175 1073 1313 1499 2532 2560 2560
176 1074 1314 1500 2533 2560 2560
177 1075 1315 1501 2534 2560 2560
178 1076 1316 1502 2535 2560 2560
179 1077 1317 1503 2536 2560 2560
180 1078 1318 1504 2537 2560 2560
181 1079 1319 1505 2538 2560 2560
182 1080 1320 1506 2539 2560 2560
183 1081 1321 1507 2540 2560 2560
184 1082 1322 1508 2541 2560 2560
185 1083 1323 1509 2542 2560 2560
186 1084 1324 1510 2543 2560 2560
187 1085 1325 1511 2544 2560 2560
188 1086 1326 1512 2545 2560 2560
189 1087 1327 1513 2546 2560 2560
190 1088 1328 1514 2547 2560 2560
191 1089 1329 1515 2548 2560 2560
192 1090 1330 1516 2549 2560 2560
193 1091 1331 1517 2550 2560 2560
194 1092 1332 1518 2551 2560 2560
195 1093 1333 1519 2552 2560 2560
196 1094 1334 1520 2553 2560 2560
197 1095 1335 1521 2554 2560 2560
198 1096 1336 1522 2555 2560 2560
199 1097 1337 1523 2556 2560 2560
200 1098 1338 1524 2557 2560 2560
201 1099 1339 1525 2558 2560 2560
202 1100 1340 1526 2559 2560 2560
203 1101 1341 1527 2560 2560 2560
