324 1
853 1
325 2
854 2
326 3
855 3
327 4
856 4
328 5
857 5
329 6
858 6
330 7
859 7
331 8
860 8
332 9
861 9
333 10
862 10
334 11
863 11
335 12
864 12
336 13
769 13
337 14
770 14
338 15
771 15
339 16
772 16
340 17
773 17
341 18
774 18
342 19
775 19
343 20
776 20
344 21
777 21
345 22
778 22
346 23
779 23
347 24
780 24
348 25
781 25
349 26
782 26
350 27
783 27
351 28
784 28
352 29
785 29
353 30
786 30
354 31
787 31
355 32
788 32
356 33
789 33
357 34
790 34
358 35
791 35
359 36
792 36
360 37
793 37
361 38
794 38
362 39
795 39
363 40
796 40
364 41
797 41
365 42
798 42
366 43
799 43
367 44
800 44
368 45
801 45
369 46
802 46
370 47
803 47
371 48
804 48
372 49
805 49
373 50
806 50
374 51
807 51
375 52
808 52
376 53
809 53
377 54
810 54
378 55
811 55
379 56
812 56
380 57
813 57
381 58
814 58
382 59
815 59
383 60
816 60
384 61
817 61
289 62
818 62
290 63
819 63
291 64
820 64
292 65
821 65
293 66
822 66
294 67
823 67
295 68
824 68
296 69
825 69
297 70
826 70
298 71
827 71
299 72
828 72
300 73
829 73
301 74
830 74
302 75
831 75
303 76
832 76
304 77
833 77
305 78
834 78
306 79
835 79
307 80
836 80
308 81
837 81
309 82
838 82
310 83
839 83
311 84
840 84
312 85
841 85
313 86
842 86
314 87
843 87
315 88
844 88
316 89
845 89
317 90
846 90
318 91
847 91
319 92
848 92
320 93
849 93
321 94
850 94
322 95
851 95
323 96
852 96
3 97
166 97
4 98
167 98
5 99
168 99
6 100
169 100
7 101
170 101
8 102
171 102
9 103
172 103
10 104
173 104
11 105
174 105
12 106
175 106
13 107
176 107
14 108
177 108
15 109
178 109
16 110
179 110
17 111
180 111
18 112
181 112
19 113
182 113
20 114
183 114
21 115
184 115
22 116
185 116
23 117
186 117
24 118
187 118
25 119
188 119
26 120
189 120
27 121
190 121
28 122
191 122
29 123
192 123
30 124
97 124
31 125
98 125
32 126
99 126
33 127
100 127
34 128
101 128
35 129
102 129
36 130
103 130
37 131
104 131
38 132
105 132
39 133
106 133
40 134
107 134
41 135
108 135
42 136
109 136
43 137
110 137
44 138
111 138
45 139
112 139
46 140
113 140
47 141
114 141
48 142
115 142
49 143
116 143
50 144
117 144
51 145
118 145
52 146
119 146
53 147
120 147
54 148
121 148
55 149
122 149
56 150
123 150
57 151
124 151
58 152
125 152
59 153
126 153
60 154
127 154
61 155
128 155
62 156
129 156
63 157
130 157
64 158
131 158
65 159
132 159
66 160
133 160
67 161
134 161
68 162
135 162
69 163
136 163
70 164
137 164
71 165
138 165
72 166
139 166
73 167
140 167
74 168
141 168
75 169
142 169
76 170
143 170
77 171
144 171
78 172
145 172
79 173
146 173
80 174
147 174
81 175
148 175
82 176
149 176
83 177
150 177
84 178
151 178
85 179
152 179
86 180
153 180
87 181
154 181
88 182
155 182
89 183
156 183
90 184
157 184
91 185
158 185
92 186
159 186
93 187
160 187
94 188
161 188
95 189
162 189
96 190
163 190
1 191
164 191
2 192
165 192
24 193
338 193
442 193
578 193
696 193
25 194
339 194
443 194
579 194
697 194
26 195
340 195
444 195
580 195
698 195
27 196
341 196
445 196
581 196
699 196
28 197
342 197
446 197
582 197
700 197
29 198
343 198
447 198
583 198
701 198
30 199
344 199
448 199
584 199
702 199
31 200
345 200
449 200
585 200
703 200
32 201
346 201
450 201
586 201
704 201
33 202
347 202
451 202
587 202
705 202
34 203
348 203
452 203
588 203
706 203
35 204
349 204
453 204
589 204
707 204
36 205
350 205
454 205
590 205
708 205
37 206
351 206
455 206
591 206
709 206
38 207
352 207
456 207
592 207
710 207
39 208
353 208
457 208
593 208
711 208
40 209
354 209
458 209
594 209
712 209
41 210
355 210
459 210
595 210
713 210
42 211
356 211
460 211
596 211
714 211
43 212
357 212
461 212
597 212
715 212
44 213
358 213
462 213
598 213
716 213
45 214
359 214
463 214
599 214
717 214
46 215
360 215
464 215
600 215
718 215
47 216
361 216
465 216
601 216
719 216
48 217
362 217
466 217
602 217
720 217
49 218
363 218
467 218
603 218
721 218
50 219
364 219
468 219
604 219
722 219
51 220
365 220
469 220
605 220
723 220
52 221
366 221
470 221
606 221
724 221
53 222
367 222
471 222
607 222
725 222
54 223
368 223
472 223
608 223
726 223
55 224
369 224
473 224
609 224
727 224
56 225
370 225
474 225
610 225
728 225
57 226
371 226
475 226
611 226
729 226
58 227
372 227
476 227
612 227
730 227
59 228
373 228
477 228
613 228
731 228
60 229
374 229
478 229
614 229
732 229
61 230
375 230
479 230
615 230
733 230
62 231
376 231
480 231
616 231
734 231
63 232
377 232
385 232
617 232
735 232
64 233
378 233
386 233
618 233
736 233
65 234
379 234
387 234
619 234
737 234
66 235
380 235
388 235
620 235
738 235
67 236
381 236
389 236
621 236
739 236
68 237
382 237
390 237
622 237
740 237
69 238
383 238
391 238
623 238
741 238
70 239
384 239
392 239
624 239
742 239
71 240
289 240
393 240
625 240
743 240
72 241
290 241
394 241
626 241
744 241
73 242
291 242
395 242
627 242
745 242
74 243
292 243
396 243
628 243
746 243
75 244
293 244
397 244
629 244
747 244
76 245
294 245
398 245
630 245
748 245
77 246
295 246
399 246
631 246
749 246
78 247
296 247
400 247
632 247
750 247
79 248
297 248
401 248
633 248
751 248
80 249
298 249
402 249
634 249
752 249
81 250
299 250
403 250
635 250
753 250
82 251
300 251
404 251
636 251
754 251
83 252
301 252
405 252
637 252
755 252
84 253
302 253
406 253
638 253
756 253
85 254
303 254
407 254
639 254
757 254
86 255
304 255
408 255
640 255
758 255
87 256
305 256
409 256
641 256
759 256
88 257
306 257
410 257
642 257
760 257
89 258
307 258
411 258
643 258
761 258
90 259
308 259
412 259
644 259
762 259
91 260
309 260
413 260
645 260
763 260
92 261
310 261
414 261
646 261
764 261
93 262
311 262
415 262
647 262
765 262
94 263
312 263
416 263
648 263
766 263
95 264
313 264
417 264
649 264
767 264
96 265
314 265
418 265
650 265
768 265
1 266
315 266
419 266
651 266
673 266
2 267
316 267
420 267
652 267
674 267
3 268
317 268
421 268
653 268
675 268
4 269
318 269
422 269
654 269
676 269
5 270
319 270
423 270
655 270
677 270
6 271
320 271
424 271
656 271
678 271
7 272
321 272
425 272
657 272
679 272
8 273
322 273
426 273
658 273
680 273
9 274
323 274
427 274
659 274
681 274
10 275
324 275
428 275
660 275
682 275
11 276
325 276
429 276
661 276
683 276
12 277
326 277
430 277
662 277
684 277
13 278
327 278
431 278
663 278
685 278
14 279
328 279
432 279
664 279
686 279
15 280
329 280
433 280
665 280
687 280
16 281
330 281
434 281
666 281
688 281
17 282
331 282
435 282
667 282
689 282
18 283
332 283
436 283
668 283
690 283
19 284
333 284
437 284
669 284
691 284
20 285
334 285
438 285
670 285
692 285
21 286
335 286
439 286
671 286
693 286
22 287
336 287
440 287
672 287
694 287
23 288
337 288
441 288
577 288
695 288
265 289
620 289
266 290
621 290
267 291
622 291
268 292
623 292
269 293
624 293
270 294
625 294
271 295
626 295
272 296
627 296
273 297
628 297
274 298
629 298
275 299
630 299
276 300
631 300
277 301
632 301
278 302
633 302
279 303
634 303
280 304
635 304
281 305
636 305
282 306
637 306
283 307
638 307
284 308
639 308
285 309
640 309
286 310
641 310
287 311
642 311
288 312
643 312
193 313
644 313
194 314
645 314
195 315
646 315
196 316
647 316
197 317
648 317
198 318
649 318
199 319
650 319
200 320
651 320
201 321
652 321
202 322
653 322
203 323
654 323
204 324
655 324
205 325
656 325
206 326
657 326
207 327
658 327
208 328
659 328
209 329
660 329
210 330
661 330
211 331
662 331
212 332
663 332
213 333
664 333
214 334
665 334
215 335
666 335
216 336
667 336
217 337
668 337
218 338
669 338
219 339
670 339
220 340
671 340
221 341
672 341
222 342
577 342
223 343
578 343
224 344
579 344
225 345
580 345
226 346
581 346
227 347
582 347
228 348
583 348
229 349
584 349
230 350
585 350
231 351
586 351
232 352
587 352
233 353
588 353
234 354
589 354
235 355
590 355
236 356
591 356
237 357
592 357
238 358
593 358
239 359
594 359
240 360
595 360
241 361
596 361
242 362
597 362
243 363
598 363
244 364
599 364
245 365
600 365
246 366
601 366
247 367
602 367
248 368
603 368
249 369
604 369
250 370
605 370
251 371
606 371
252 372
607 372
253 373
608 373
254 374
609 374
255 375
610 375
256 376
611 376
257 377
612 377
258 378
613 378
259 379
614 379
260 380
615 380
261 381
616 381
262 382
617 382
263 383
618 383
264 384
619 384
267 385
531 385
268 386
532 386
269 387
533 387
270 388
534 388
271 389
535 389
272 390
536 390
273 391
537 391
274 392
538 392
275 393
539 393
276 394
540 394
277 395
541 395
278 396
542 396
279 397
543 397
280 398
544 398
281 399
545 399
282 400
546 400
283 401
547 401
284 402
548 402
285 403
549 403
286 404
550 404
287 405
551 405
288 406
552 406
193 407
553 407
194 408
554 408
195 409
555 409
196 410
556 410
197 411
557 411
198 412
558 412
199 413
559 413
200 414
560 414
201 415
561 415
202 416
562 416
203 417
563 417
204 418
564 418
205 419
565 419
206 420
566 420
207 421
567 421
208 422
568 422
209 423
569 423
210 424
570 424
211 425
571 425
212 426
572 426
213 427
573 427
214 428
574 428
215 429
575 429
216 430
576 430
217 431
481 431
218 432
482 432
219 433
483 433
220 434
484 434
221 435
485 435
222 436
486 436
223 437
487 437
224 438
488 438
225 439
489 439
226 440
490 440
227 441
491 441
228 442
492 442
229 443
493 443
230 444
494 444
231 445
495 445
232 446
496 446
233 447
497 447
234 448
498 448
235 449
499 449
236 450
500 450
237 451
501 451
238 452
502 452
239 453
503 453
240 454
504 454
241 455
505 455
242 456
506 456
243 457
507 457
244 458
508 458
245 459
509 459
246 460
510 460
247 461
511 461
248 462
512 462
249 463
513 463
250 464
514 464
251 465
515 465
252 466
516 466
253 467
517 467
254 468
518 468
255 469
519 469
256 470
520 470
257 471
521 471
258 472
522 472
259 473
523 473
260 474
524 474
261 475
525 475
262 476
526 476
263 477
527 477
264 478
528 478
265 479
529 479
266 480
530 480
171 481
208 481
537 481
841 481
867 481
172 482
209 482
538 482
842 482
868 482
173 483
210 483
539 483
843 483
869 483
174 484
211 484
540 484
844 484
870 484
175 485
212 485
541 485
845 485
871 485
176 486
213 486
542 486
846 486
872 486
177 487
214 487
543 487
847 487
873 487
178 488
215 488
544 488
848 488
874 488
179 489
216 489
545 489
849 489
875 489
180 490
217 490
546 490
850 490
876 490
181 491
218 491
547 491
851 491
877 491
182 492
219 492
548 492
852 492
878 492
183 493
220 493
549 493
853 493
879 493
184 494
221 494
550 494
854 494
880 494
185 495
222 495
551 495
855 495
881 495
186 496
223 496
552 496
856 496
882 496
187 497
224 497
553 497
857 497
883 497
188 498
225 498
554 498
858 498
884 498
189 499
226 499
555 499
859 499
885 499
190 500
227 500
556 500
860 500
886 500
191 501
228 501
557 501
861 501
887 501
192 502
229 502
558 502
862 502
888 502
97 503
230 503
559 503
863 503
889 503
98 504
231 504
560 504
864 504
890 504
99 505
232 505
561 505
769 505
891 505
100 506
233 506
562 506
770 506
892 506
101 507
234 507
563 507
771 507
893 507
102 508
235 508
564 508
772 508
894 508
103 509
236 509
565 509
773 509
895 509
104 510
237 510
566 510
774 510
896 510
105 511
238 511
567 511
775 511
897 511
106 512
239 512
568 512
776 512
898 512
107 513
240 513
569 513
777 513
899 513
108 514
241 514
570 514
778 514
900 514
109 515
242 515
571 515
779 515
901 515
110 516
243 516
572 516
780 516
902 516
111 517
244 517
573 517
781 517
903 517
112 518
245 518
574 518
782 518
904 518
113 519
246 519
575 519
783 519
905 519
114 520
247 520
576 520
784 520
906 520
115 521
248 521
481 521
785 521
907 521
116 522
249 522
482 522
786 522
908 522
117 523
250 523
483 523
787 523
909 523
118 524
251 524
484 524
788 524
910 524
119 525
252 525
485 525
789 525
911 525
120 526
253 526
486 526
790 526
912 526
121 527
254 527
487 527
791 527
913 527
122 528
255 528
488 528
792 528
914 528
123 529
256 529
489 529
793 529
915 529
124 530
257 530
490 530
794 530
916 530
125 531
258 531
491 531
795 531
917 531
126 532
259 532
492 532
796 532
918 532
127 533
260 533
493 533
797 533
919 533
128 534
261 534
494 534
798 534
920 534
129 535
262 535
495 535
799 535
921 535
130 536
263 536
496 536
800 536
922 536
131 537
264 537
497 537
801 537
923 537
132 538
265 538
498 538
802 538
924 538
133 539
266 539
499 539
803 539
925 539
134 540
267 540
500 540
804 540
926 540
135 541
268 541
501 541
805 541
927 541
136 542
269 542
502 542
806 542
928 542
137 543
270 543
503 543
807 543
929 543
138 544
271 544
504 544
808 544
930 544
139 545
272 545
505 545
809 545
931 545
140 546
273 546
506 546
810 546
932 546
141 547
274 547
507 547
811 547
933 547
142 548
275 548
508 548
812 548
934 548
143 549
276 549
509 549
813 549
935 549
144 550
277 550
510 550
814 550
936 550
145 551
278 551
511 551
815 551
937 551
146 552
279 552
512 552
816 552
938 552
147 553
280 553
513 553
817 553
939 553
148 554
281 554
514 554
818 554
940 554
149 555
282 555
515 555
819 555
941 555
150 556
283 556
516 556
820 556
942 556
151 557
284 557
517 557
821 557
943 557
152 558
285 558
518 558
822 558
944 558
153 559
286 559
519 559
823 559
945 559
154 560
287 560
520 560
824 560
946 560
155 561
288 561
521 561
825 561
947 561
156 562
193 562
522 562
826 562
948 562
157 563
194 563
523 563
827 563
949 563
158 564
195 564
524 564
828 564
950 564
159 565
196 565
525 565
829 565
951 565
160 566
197 566
526 566
830 566
952 566
161 567
198 567
527 567
831 567
953 567
162 568
199 568
528 568
832 568
954 568
163 569
200 569
529 569
833 569
955 569
164 570
201 570
530 570
834 570
956 570
165 571
202 571
531 571
835 571
957 571
166 572
203 572
532 572
836 572
958 572
167 573
204 573
533 573
837 573
959 573
168 574
205 574
534 574
838 574
960 574
169 575
206 575
535 575
839 575
865 575
170 576
207 576
536 576
840 576
866 576
114 577
397 577
115 578
398 578
116 579
399 579
117 580
400 580
118 581
401 581
119 582
402 582
120 583
403 583
121 584
404 584
122 585
405 585
123 586
406 586
124 587
407 587
125 588
408 588
126 589
409 589
127 590
410 590
128 591
411 591
129 592
412 592
130 593
413 593
131 594
414 594
132 595
415 595
133 596
416 596
134 597
417 597
135 598
418 598
136 599
419 599
137 600
420 600
138 601
421 601
139 602
422 602
140 603
423 603
141 604
424 604
142 605
425 605
143 606
426 606
144 607
427 607
145 608
428 608
146 609
429 609
147 610
430 610
148 611
431 611
149 612
432 612
150 613
433 613
151 614
434 614
152 615
435 615
153 616
436 616
154 617
437 617
155 618
438 618
156 619
439 619
157 620
440 620
158 621
441 621
159 622
442 622
160 623
443 623
161 624
444 624
162 625
445 625
163 626
446 626
164 627
447 627
165 628
448 628
166 629
449 629
167 630
450 630
168 631
451 631
169 632
452 632
170 633
453 633
171 634
454 634
172 635
455 635
173 636
456 636
174 637
457 637
175 638
458 638
176 639
459 639
177 640
460 640
178 641
461 641
179 642
462 642
180 643
463 643
181 644
464 644
182 645
465 645
183 646
466 646
184 647
467 647
185 648
468 648
186 649
469 649
187 650
470 650
188 651
471 651
189 652
472 652
190 653
473 653
191 654
474 654
192 655
475 655
97 656
476 656
98 657
477 657
99 658
478 658
100 659
479 659
101 660
480 660
102 661
385 661
103 662
386 662
104 663
387 663
105 664
388 664
106 665
389 665
107 666
390 666
108 667
391 667
109 668
392 668
110 669
393 669
111 670
394 670
112 671
395 671
113 672
396 672
184 673
256 673
495 673
822 673
902 673
185 674
257 674
496 674
823 674
903 674
186 675
258 675
497 675
824 675
904 675
187 676
259 676
498 676
825 676
905 676
188 677
260 677
499 677
826 677
906 677
189 678
261 678
500 678
827 678
907 678
190 679
262 679
501 679
828 679
908 679
191 680
263 680
502 680
829 680
909 680
192 681
264 681
503 681
830 681
910 681
97 682
265 682
504 682
831 682
911 682
98 683
266 683
505 683
832 683
912 683
99 684
267 684
506 684
833 684
913 684
100 685
268 685
507 685
834 685
914 685
101 686
269 686
508 686
835 686
915 686
102 687
270 687
509 687
836 687
916 687
103 688
271 688
510 688
837 688
917 688
104 689
272 689
511 689
838 689
918 689
105 690
273 690
512 690
839 690
919 690
106 691
274 691
513 691
840 691
920 691
107 692
275 692
514 692
841 692
921 692
108 693
276 693
515 693
842 693
922 693
109 694
277 694
516 694
843 694
923 694
110 695
278 695
517 695
844 695
924 695
111 696
279 696
518 696
845 696
925 696
112 697
280 697
519 697
846 697
926 697
113 698
281 698
520 698
847 698
927 698
114 699
282 699
521 699
848 699
928 699
115 700
283 700
522 700
849 700
929 700
116 701
284 701
523 701
850 701
930 701
117 702
285 702
524 702
851 702
931 702
118 703
286 703
525 703
852 703
932 703
119 704
287 704
526 704
853 704
933 704
120 705
288 705
527 705
854 705
934 705
121 706
193 706
528 706
855 706
935 706
122 707
194 707
529 707
856 707
936 707
123 708
195 708
530 708
857 708
937 708
124 709
196 709
531 709
858 709
938 709
125 710
197 710
532 710
859 710
939 710
126 711
198 711
533 711
860 711
940 711
127 712
199 712
534 712
861 712
941 712
128 713
200 713
535 713
862 713
942 713
129 714
201 714
536 714
863 714
943 714
130 715
202 715
537 715
864 715
944 715
131 716
203 716
538 716
769 716
945 716
132 717
204 717
539 717
770 717
946 717
133 718
205 718
540 718
771 718
947 718
134 719
206 719
541 719
772 719
948 719
135 720
207 720
542 720
773 720
949 720
136 721
208 721
543 721
774 721
950 721
137 722
209 722
544 722
775 722
951 722
138 723
210 723
545 723
776 723
952 723
139 724
211 724
546 724
777 724
953 724
140 725
212 725
547 725
778 725
954 725
141 726
213 726
548 726
779 726
955 726
142 727
214 727
549 727
780 727
956 727
143 728
215 728
550 728
781 728
957 728
144 729
216 729
551 729
782 729
958 729
145 730
217 730
552 730
783 730
959 730
146 731
218 731
553 731
784 731
960 731
147 732
219 732
554 732
785 732
865 732
148 733
220 733
555 733
786 733
866 733
149 734
221 734
556 734
787 734
867 734
150 735
222 735
557 735
788 735
868 735
151 736
223 736
558 736
789 736
869 736
152 737
224 737
559 737
790 737
870 737
153 738
225 738
560 738
791 738
871 738
154 739
226 739
561 739
792 739
872 739
155 740
227 740
562 740
793 740
873 740
156 741
228 741
563 741
794 741
874 741
157 742
229 742
564 742
795 742
875 742
158 743
230 743
565 743
796 743
876 743
159 744
231 744
566 744
797 744
877 744
160 745
232 745
567 745
798 745
878 745
161 746
233 746
568 746
799 746
879 746
162 747
234 747
569 747
800 747
880 747
163 748
235 748
570 748
801 748
881 748
164 749
236 749
571 749
802 749
882 749
165 750
237 750
572 750
803 750
883 750
166 751
238 751
573 751
804 751
884 751
167 752
239 752
574 752
805 752
885 752
168 753
240 753
575 753
806 753
886 753
169 754
241 754
576 754
807 754
887 754
170 755
242 755
481 755
808 755
888 755
171 756
243 756
482 756
809 756
889 756
172 757
244 757
483 757
810 757
890 757
173 758
245 758
484 758
811 758
891 758
174 759
246 759
485 759
812 759
892 759
175 760
247 760
486 760
813 760
893 760
176 761
248 761
487 761
814 761
894 761
177 762
249 762
488 762
815 762
895 762
178 763
250 763
489 763
816 763
896 763
179 764
251 764
490 764
817 764
897 764
180 765
252 765
491 765
818 765
898 765
181 766
253 766
492 766
819 766
899 766
182 767
254 767
493 767
820 767
900 767
183 768
255 768
494 768
821 768
901 768
42 769
320 769
43 770
321 770
44 771
322 771
45 772
323 772
46 773
324 773
47 774
325 774
48 775
326 775
49 776
327 776
50 777
328 777
51 778
329 778
52 779
330 779
53 780
331 780
54 781
332 781
55 782
333 782
56 783
334 783
57 784
335 784
58 785
336 785
59 786
337 786
60 787
338 787
61 788
339 788
62 789
340 789
63 790
341 790
64 791
342 791
65 792
343 792
66 793
344 793
67 794
345 794
68 795
346 795
69 796
347 796
70 797
348 797
71 798
349 798
72 799
350 799
73 800
351 800
74 801
352 801
75 802
353 802
76 803
354 803
77 804
355 804
78 805
356 805
79 806
357 806
80 807
358 807
81 808
359 808
82 809
360 809
83 810
361 810
84 811
362 811
85 812
363 812
86 813
364 813
87 814
365 814
88 815
366 815
89 816
367 816
90 817
368 817
91 818
369 818
92 819
370 819
93 820
371 820
94 821
372 821
95 822
373 822
96 823
374 823
1 824
375 824
2 825
376 825
3 826
377 826
4 827
378 827
5 828
379 828
6 829
380 829
7 830
381 830
8 831
382 831
9 832
383 832
10 833
384 833
11 834
289 834
12 835
290 835
13 836
291 836
14 837
292 837
15 838
293 838
16 839
294 839
17 840
295 840
18 841
296 841
19 842
297 842
20 843
298 843
21 844
299 844
22 845
300 845
23 846
301 846
24 847
302 847
25 848
303 848
26 849
304 849
27 850
305 850
28 851
306 851
29 852
307 852
30 853
308 853
31 854
309 854
32 855
310 855
33 856
311 856
34 857
312 857
35 858
313 858
36 859
314 859
37 860
315 860
38 861
316 861
39 862
317 862
40 863
318 863
41 864
319 864
14 865
360 865
440 865
659 865
722 865
15 866
361 866
441 866
660 866
723 866
16 867
362 867
442 867
661 867
724 867
17 868
363 868
443 868
662 868
725 868
18 869
364 869
444 869
663 869
726 869
19 870
365 870
445 870
664 870
727 870
20 871
366 871
446 871
665 871
728 871
21 872
367 872
447 872
666 872
729 872
22 873
368 873
448 873
667 873
730 873
23 874
369 874
449 874
668 874
731 874
24 875
370 875
450 875
669 875
732 875
25 876
371 876
451 876
670 876
733 876
26 877
372 877
452 877
671 877
734 877
27 878
373 878
453 878
672 878
735 878
28 879
374 879
454 879
577 879
736 879
29 880
375 880
455 880
578 880
737 880
30 881
376 881
456 881
579 881
738 881
31 882
377 882
457 882
580 882
739 882
32 883
378 883
458 883
581 883
740 883
33 884
379 884
459 884
582 884
741 884
34 885
380 885
460 885
583 885
742 885
35 886
381 886
461 886
584 886
743 886
36 887
382 887
462 887
585 887
744 887
37 888
383 888
463 888
586 888
745 888
38 889
384 889
464 889
587 889
746 889
39 890
289 890
465 890
588 890
747 890
40 891
290 891
466 891
589 891
748 891
41 892
291 892
467 892
590 892
749 892
42 893
292 893
468 893
591 893
750 893
43 894
293 894
469 894
592 894
751 894
44 895
294 895
470 895
593 895
752 895
45 896
295 896
471 896
594 896
753 896
46 897
296 897
472 897
595 897
754 897
47 898
297 898
473 898
596 898
755 898
48 899
298 899
474 899
597 899
756 899
49 900
299 900
475 900
598 900
757 900
50 901
300 901
476 901
599 901
758 901
51 902
301 902
477 902
600 902
759 902
52 903
302 903
478 903
601 903
760 903
53 904
303 904
479 904
602 904
761 904
54 905
304 905
480 905
603 905
762 905
55 906
305 906
385 906
604 906
763 906
56 907
306 907
386 907
605 907
764 907
57 908
307 908
387 908
606 908
765 908
58 909
308 909
388 909
607 909
766 909
59 910
309 910
389 910
608 910
767 910
60 911
310 911
390 911
609 911
768 911
61 912
311 912
391 912
610 912
673 912
62 913
312 913
392 913
611 913
674 913
63 914
313 914
393 914
612 914
675 914
64 915
314 915
394 915
613 915
676 915
65 916
315 916
395 916
614 916
677 916
66 917
316 917
396 917
615 917
678 917
67 918
317 918
397 918
616 918
679 918
68 919
318 919
398 919
617 919
680 919
69 920
319 920
399 920
618 920
681 920
70 921
320 921
400 921
619 921
682 921
71 922
321 922
401 922
620 922
683 922
72 923
322 923
402 923
621 923
684 923
73 924
323 924
403 924
622 924
685 924
74 925
324 925
404 925
623 925
686 925
75 926
325 926
405 926
624 926
687 926
76 927
326 927
406 927
625 927
688 927
77 928
327 928
407 928
626 928
689 928
78 929
328 929
408 929
627 929
690 929
79 930
329 930
409 930
628 930
691 930
80 931
330 931
410 931
629 931
692 931
81 932
331 932
411 932
630 932
693 932
82 933
332 933
412 933
631 933
694 933
83 934
333 934
413 934
632 934
695 934
84 935
334 935
414 935
633 935
696 935
85 936
335 936
415 936
634 936
697 936
86 937
336 937
416 937
635 937
698 937
87 938
337 938
417 938
636 938
699 938
88 939
338 939
418 939
637 939
700 939
89 940
339 940
419 940
638 940
701 940
90 941
340 941
420 941
639 941
702 941
91 942
341 942
421 942
640 942
703 942
92 943
342 943
422 943
641 943
704 943
93 944
343 944
423 944
642 944
705 944
94 945
344 945
424 945
643 945
706 945
95 946
345 946
425 946
644 946
707 946
96 947
346 947
426 947
645 947
708 947
1 948
347 948
427 948
646 948
709 948
2 949
348 949
428 949
647 949
710 949
3 950
349 950
429 950
648 950
711 950
4 951
350 951
430 951
649 951
712 951
5 952
351 952
431 952
650 952
713 952
6 953
352 953
432 953
651 953
714 953
7 954
353 954
433 954
652 954
715 954
8 955
354 955
434 955
653 955
716 955
9 956
355 956
435 956
654 956
717 956
10 957
356 957
436 957
655 957
718 957
11 958
357 958
437 958
656 958
719 958
12 959
358 959
438 959
657 959
720 959
13 960
359 960
439 960
658 960
721 960
409 961
655 961
410 962
656 962
411 963
657 963
412 964
658 964
413 965
659 965
414 966
660 966
415 967
661 967
416 968
662 968
417 969
663 969
418 970
664 970
419 971
665 971
420 972
666 972
421 973
667 973
422 974
668 974
423 975
669 975
424 976
670 976
425 977
671 977
426 978
672 978
427 979
577 979
428 980
578 980
429 981
579 981
430 982
580 982
431 983
581 983
432 984
582 984
433 985
583 985
434 986
584 986
435 987
585 987
436 988
586 988
437 989
587 989
438 990
588 990
439 991
589 991
440 992
590 992
441 993
591 993
442 994
592 994
443 995
593 995
444 996
594 996
445 997
595 997
446 998
596 998
447 999
597 999
448 1000
598 1000
449 1001
599 1001
450 1002
600 1002
451 1003
601 1003
452 1004
602 1004
453 1005
603 1005
454 1006
604 1006
455 1007
605 1007
456 1008
606 1008
457 1009
607 1009
458 1010
608 1010
459 1011
609 1011
460 1012
610 1012
461 1013
611 1013
462 1014
612 1014
463 1015
613 1015
464 1016
614 1016
465 1017
615 1017
466 1018
616 1018
467 1019
617 1019
468 1020
618 1020
469 1021
619 1021
470 1022
620 1022
471 1023
621 1023
472 1024
622 1024
473 1025
623 1025
474 1026
624 1026
475 1027
625 1027
476 1028
626 1028
477 1029
627 1029
478 1030
628 1030
479 1031
629 1031
480 1032
630 1032
385 1033
631 1033
386 1034
632 1034
387 1035
633 1035
388 1036
634 1036
389 1037
635 1037
390 1038
636 1038
391 1039
637 1039
392 1040
638 1040
393 1041
639 1041
394 1042
640 1042
395 1043
641 1043
396 1044
642 1044
397 1045
643 1045
398 1046
644 1046
399 1047
645 1047
400 1048
646 1048
401 1049
647 1049
402 1050
648 1050
403 1051
649 1051
404 1052
650 1052
405 1053
651 1053
406 1054
652 1054
407 1055
653 1055
408 1056
654 1056
181 1057
193 1057
498 1057
814 1057
889 1057
182 1058
194 1058
499 1058
815 1058
890 1058
183 1059
195 1059
500 1059
816 1059
891 1059
184 1060
196 1060
501 1060
817 1060
892 1060
185 1061
197 1061
502 1061
818 1061
893 1061
186 1062
198 1062
503 1062
819 1062
894 1062
187 1063
199 1063
504 1063
820 1063
895 1063
188 1064
200 1064
505 1064
821 1064
896 1064
189 1065
201 1065
506 1065
822 1065
897 1065
190 1066
202 1066
507 1066
823 1066
898 1066
191 1067
203 1067
508 1067
824 1067
899 1067
192 1068
204 1068
509 1068
825 1068
900 1068
97 1069
205 1069
510 1069
826 1069
901 1069
98 1070
206 1070
511 1070
827 1070
902 1070
99 1071
207 1071
512 1071
828 1071
903 1071
100 1072
208 1072
513 1072
829 1072
904 1072
101 1073
209 1073
514 1073
830 1073
905 1073
102 1074
210 1074
515 1074
831 1074
906 1074
103 1075
211 1075
516 1075
832 1075
907 1075
104 1076
212 1076
517 1076
833 1076
908 1076
105 1077
213 1077
518 1077
834 1077
909 1077
106 1078
214 1078
519 1078
835 1078
910 1078
107 1079
215 1079
520 1079
836 1079
911 1079
108 1080
216 1080
521 1080
837 1080
912 1080
109 1081
217 1081
522 1081
838 1081
913 1081
110 1082
218 1082
523 1082
839 1082
914 1082
111 1083
219 1083
524 1083
840 1083
915 1083
112 1084
220 1084
525 1084
841 1084
916 1084
113 1085
221 1085
526 1085
842 1085
917 1085
114 1086
222 1086
527 1086
843 1086
918 1086
115 1087
223 1087
528 1087
844 1087
919 1087
116 1088
224 1088
529 1088
845 1088
920 1088
117 1089
225 1089
530 1089
846 1089
921 1089
118 1090
226 1090
531 1090
847 1090
922 1090
119 1091
227 1091
532 1091
848 1091
923 1091
120 1092
228 1092
533 1092
849 1092
924 1092
121 1093
229 1093
534 1093
850 1093
925 1093
122 1094
230 1094
535 1094
851 1094
926 1094
123 1095
231 1095
536 1095
852 1095
927 1095
124 1096
232 1096
537 1096
853 1096
928 1096
125 1097
233 1097
538 1097
854 1097
929 1097
126 1098
234 1098
539 1098
855 1098
930 1098
127 1099
235 1099
540 1099
856 1099
931 1099
128 1100
236 1100
541 1100
857 1100
932 1100
129 1101
237 1101
542 1101
858 1101
933 1101
130 1102
238 1102
543 1102
859 1102
934 1102
131 1103
239 1103
544 1103
860 1103
935 1103
132 1104
240 1104
545 1104
861 1104
936 1104
133 1105
241 1105
546 1105
862 1105
937 1105
134 1106
242 1106
547 1106
863 1106
938 1106
135 1107
243 1107
548 1107
864 1107
939 1107
136 1108
244 1108
549 1108
769 1108
940 1108
137 1109
245 1109
550 1109
770 1109
941 1109
138 1110
246 1110
551 1110
771 1110
942 1110
139 1111
247 1111
552 1111
772 1111
943 1111
140 1112
248 1112
553 1112
773 1112
944 1112
141 1113
249 1113
554 1113
774 1113
945 1113
142 1114
250 1114
555 1114
775 1114
946 1114
143 1115
251 1115
556 1115
776 1115
947 1115
144 1116
252 1116
557 1116
777 1116
948 1116
145 1117
253 1117
558 1117
778 1117
949 1117
146 1118
254 1118
559 1118
779 1118
950 1118
147 1119
255 1119
560 1119
780 1119
951 1119
148 1120
256 1120
561 1120
781 1120
952 1120
149 1121
257 1121
562 1121
782 1121
953 1121
150 1122
258 1122
563 1122
783 1122
954 1122
151 1123
259 1123
564 1123
784 1123
955 1123
152 1124
260 1124
565 1124
785 1124
956 1124
153 1125
261 1125
566 1125
786 1125
957 1125
154 1126
262 1126
567 1126
787 1126
958 1126
155 1127
263 1127
568 1127
788 1127
959 1127
156 1128
264 1128
569 1128
789 1128
960 1128
157 1129
265 1129
570 1129
790 1129
865 1129
158 1130
266 1130
571 1130
791 1130
866 1130
159 1131
267 1131
572 1131
792 1131
867 1131
160 1132
268 1132
573 1132
793 1132
868 1132
161 1133
269 1133
574 1133
794 1133
869 1133
162 1134
270 1134
575 1134
795 1134
870 1134
163 1135
271 1135
576 1135
796 1135
871 1135
164 1136
272 1136
481 1136
797 1136
872 1136
165 1137
273 1137
482 1137
798 1137
873 1137
166 1138
274 1138
483 1138
799 1138
874 1138
167 1139
275 1139
484 1139
800 1139
875 1139
168 1140
276 1140
485 1140
801 1140
876 1140
169 1141
277 1141
486 1141
802 1141
877 1141
170 1142
278 1142
487 1142
803 1142
878 1142
171 1143
279 1143
488 1143
804 1143
879 1143
172 1144
280 1144
489 1144
805 1144
880 1144
173 1145
281 1145
490 1145
806 1145
881 1145
174 1146
282 1146
491 1146
807 1146
882 1146
175 1147
283 1147
492 1147
808 1147
883 1147
176 1148
284 1148
493 1148
809 1148
884 1148
177 1149
285 1149
494 1149
810 1149
885 1149
178 1150
286 1150
495 1150
811 1150
886 1150
179 1151
287 1151
496 1151
812 1151
887 1151
180 1152
288 1152
497 1152
813 1152
888 1152
90 1153
481 1153
91 1154
482 1154
92 1155
483 1155
93 1156
484 1156
94 1157
485 1157
95 1158
486 1158
96 1159
487 1159
1 1160
488 1160
2 1161
489 1161
3 1162
490 1162
4 1163
491 1163
5 1164
492 1164
6 1165
493 1165
7 1166
494 1166
8 1167
495 1167
9 1168
496 1168
10 1169
497 1169
11 1170
498 1170
12 1171
499 1171
13 1172
500 1172
14 1173
501 1173
15 1174
502 1174
16 1175
503 1175
17 1176
504 1176
18 1177
505 1177
19 1178
506 1178
20 1179
507 1179
21 1180
508 1180
22 1181
509 1181
23 1182
510 1182
24 1183
511 1183
25 1184
512 1184
26 1185
513 1185
27 1186
514 1186
28 1187
515 1187
29 1188
516 1188
30 1189
517 1189
31 1190
518 1190
32 1191
519 1191
33 1192
520 1192
34 1193
521 1193
35 1194
522 1194
36 1195
523 1195
37 1196
524 1196
38 1197
525 1197
39 1198
526 1198
40 1199
527 1199
41 1200
528 1200
42 1201
529 1201
43 1202
530 1202
44 1203
531 1203
45 1204
532 1204
46 1205
533 1205
47 1206
534 1206
48 1207
535 1207
49 1208
536 1208
50 1209
537 1209
51 1210
538 1210
52 1211
539 1211
53 1212
540 1212
54 1213
541 1213
55 1214
542 1214
56 1215
543 1215
57 1216
544 1216
58 1217
545 1217
59 1218
546 1218
60 1219
547 1219
61 1220
548 1220
62 1221
549 1221
63 1222
550 1222
64 1223
551 1223
65 1224
552 1224
66 1225
553 1225
67 1226
554 1226
68 1227
555 1227
69 1228
556 1228
70 1229
557 1229
71 1230
558 1230
72 1231
559 1231
73 1232
560 1232
74 1233
561 1233
75 1234
562 1234
76 1235
563 1235
77 1236
564 1236
78 1237
565 1237
79 1238
566 1238
80 1239
567 1239
81 1240
568 1240
82 1241
569 1241
83 1242
570 1242
84 1243
571 1243
85 1244
572 1244
86 1245
573 1245
87 1246
574 1246
88 1247
575 1247
89 1248
576 1248
1 1249
2 1250
3 1251
4 1252
5 1253
6 1254
7 1255
8 1256
9 1257
10 1258
11 1259
12 1260
13 1261
14 1262
15 1263
16 1264
17 1265
18 1266
19 1267
20 1268
21 1269
22 1270
23 1271
24 1272
25 1273
26 1274
27 1275
28 1276
29 1277
30 1278
31 1279
32 1280
33 1281
34 1282
35 1283
36 1284
37 1285
38 1286
39 1287
40 1288
41 1289
42 1290
43 1291
44 1292
45 1293
46 1294
47 1295
48 1296
49 1297
50 1298
51 1299
52 1300
53 1301
54 1302
55 1303
56 1304
57 1305
58 1306
59 1307
60 1308
61 1309
62 1310
63 1311
64 1312
65 1313
66 1314
67 1315
68 1316
69 1317
70 1318
71 1319
72 1320
73 1321
74 1322
75 1323
76 1324
77 1325
78 1326
79 1327
80 1328
81 1329
82 1330
83 1331
84 1332
85 1333
86 1334
87 1335
88 1336
89 1337
90 1338
91 1339
92 1340
93 1341
94 1342
95 1343
96 1344
97 1345
98 1346
99 1347
100 1348
101 1349
102 1350
103 1351
104 1352
105 1353
106 1354
107 1355
108 1356
109 1357
110 1358
111 1359
112 1360
113 1361
114 1362
115 1363
116 1364
117 1365
118 1366
119 1367
120 1368
121 1369
122 1370
123 1371
124 1372
125 1373
126 1374
127 1375
128 1376
129 1377
130 1378
131 1379
132 1380
133 1381
134 1382
135 1383
136 1384
137 1385
138 1386
139 1387
140 1388
141 1389
142 1390
143 1391
144 1392
145 1393
146 1394
147 1395
148 1396
149 1397
150 1398
151 1399
152 1400
153 1401
154 1402
155 1403
156 1404
157 1405
158 1406
159 1407
160 1408
161 1409
162 1410
163 1411
164 1412
165 1413
166 1414
167 1415
168 1416
169 1417
170 1418
171 1419
172 1420
173 1421
174 1422
175 1423
176 1424
177 1425
178 1426
179 1427
180 1428
181 1429
182 1430
183 1431
184 1432
185 1433
186 1434
187 1435
188 1436
189 1437
190 1438
191 1439
192 1440
193 1441
194 1442
195 1443
196 1444
197 1445
198 1446
199 1447
200 1448
201 1449
202 1450
203 1451
204 1452
205 1453
206 1454
207 1455
208 1456
209 1457
210 1458
211 1459
212 1460
213 1461
214 1462
215 1463
216 1464
217 1465
218 1466
219 1467
220 1468
221 1469
222 1470
223 1471
224 1472
225 1473
226 1474
227 1475
228 1476
229 1477
230 1478
231 1479
232 1480
233 1481
234 1482
235 1483
236 1484
237 1485
238 1486
239 1487
240 1488
241 1489
242 1490
243 1491
244 1492
245 1493
246 1494
247 1495
248 1496
249 1497
250 1498
251 1499
252 1500
253 1501
254 1502
255 1503
256 1504
257 1505
258 1506
259 1507
260 1508
261 1509
262 1510
263 1511
264 1512
265 1513
266 1514
267 1515
268 1516
269 1517
270 1518
271 1519
272 1520
273 1521
274 1522
275 1523
276 1524
277 1525
278 1526
279 1527
280 1528
281 1529
282 1530
283 1531
284 1532
285 1533
286 1534
287 1535
288 1536
289 1537
290 1538
291 1539
292 1540
293 1541
294 1542
295 1543
296 1544
297 1545
298 1546
299 1547
300 1548
301 1549
302 1550
303 1551
304 1552
305 1553
306 1554
307 1555
308 1556
309 1557
310 1558
311 1559
312 1560
313 1561
314 1562
315 1563
316 1564
317 1565
318 1566
319 1567
320 1568
321 1569
322 1570
323 1571
324 1572
325 1573
326 1574
327 1575
328 1576
329 1577
330 1578
331 1579
332 1580
333 1581
334 1582
335 1583
336 1584
337 1585
338 1586
339 1587
340 1588
341 1589
342 1590
343 1591
344 1592
345 1593
346 1594
347 1595
348 1596
349 1597
350 1598
351 1599
352 1600
353 1601
354 1602
355 1603
356 1604
357 1605
358 1606
359 1607
360 1608
361 1609
362 1610
363 1611
364 1612
365 1613
366 1614
367 1615
368 1616
369 1617
370 1618
371 1619
372 1620
373 1621
374 1622
375 1623
376 1624
377 1625
378 1626
379 1627
380 1628
381 1629
382 1630
383 1631
384 1632
385 1633
386 1634
387 1635
388 1636
389 1637
390 1638
391 1639
392 1640
393 1641
394 1642
395 1643
396 1644
397 1645
398 1646
399 1647
400 1648
401 1649
402 1650
403 1651
404 1652
405 1653
406 1654
407 1655
408 1656
409 1657
410 1658
411 1659
412 1660
413 1661
414 1662
415 1663
416 1664
417 1665
418 1666
419 1667
420 1668
421 1669
422 1670
423 1671
424 1672
425 1673
426 1674
427 1675
428 1676
429 1677
430 1678
431 1679
432 1680
433 1681
434 1682
435 1683
436 1684
437 1685
438 1686
439 1687
440 1688
441 1689
442 1690
443 1691
444 1692
445 1693
446 1694
447 1695
448 1696
449 1697
450 1698
451 1699
452 1700
453 1701
454 1702
455 1703
456 1704
457 1705
458 1706
459 1707
460 1708
461 1709
462 1710
463 1711
464 1712
465 1713
466 1714
467 1715
468 1716
469 1717
470 1718
471 1719
472 1720
473 1721
474 1722
475 1723
476 1724
477 1725
478 1726
479 1727
480 1728
481 1729
482 1730
483 1731
484 1732
485 1733
486 1734
487 1735
488 1736
489 1737
490 1738
491 1739
492 1740
493 1741
494 1742
495 1743
496 1744
497 1745
498 1746
499 1747
500 1748
501 1749
502 1750
503 1751
504 1752
505 1753
506 1754
507 1755
508 1756
509 1757
510 1758
511 1759
512 1760
513 1761
514 1762
515 1763
516 1764
517 1765
518 1766
519 1767
520 1768
521 1769
522 1770
523 1771
524 1772
525 1773
526 1774
527 1775
528 1776
529 1777
530 1778
531 1779
532 1780
533 1781
534 1782
535 1783
536 1784
537 1785
538 1786
539 1787
540 1788
541 1789
542 1790
543 1791
544 1792
545 1793
546 1794
547 1795
548 1796
549 1797
550 1798
551 1799
552 1800
553 1801
554 1802
555 1803
556 1804
557 1805
558 1806
559 1807
560 1808
561 1809
562 1810
563 1811
564 1812
565 1813
566 1814
567 1815
568 1816
569 1817
570 1818
571 1819
572 1820
573 1821
574 1822
575 1823
576 1824
577 1825
578 1826
579 1827
580 1828
581 1829
582 1830
583 1831
584 1832
585 1833
586 1834
587 1835
588 1836
589 1837
590 1838
591 1839
592 1840
593 1841
594 1842
595 1843
596 1844
597 1845
598 1846
599 1847
600 1848
601 1849
602 1850
603 1851
604 1852
605 1853
606 1854
607 1855
608 1856
609 1857
610 1858
611 1859
612 1860
613 1861
614 1862
615 1863
616 1864
617 1865
618 1866
619 1867
620 1868
621 1869
622 1870
623 1871
624 1872
625 1873
626 1874
627 1875
628 1876
629 1877
630 1878
631 1879
632 1880
633 1881
634 1882
635 1883
636 1884
637 1885
638 1886
639 1887
640 1888
641 1889
642 1890
643 1891
644 1892
645 1893
646 1894
647 1895
648 1896
649 1897
650 1898
651 1899
652 1900
653 1901
654 1902
655 1903
656 1904
657 1905
658 1906
659 1907
660 1908
661 1909
662 1910
663 1911
664 1912
665 1913
666 1914
667 1915
668 1916
669 1917
670 1918
671 1919
672 1920
673 1921
674 1922
675 1923
676 1924
677 1925
678 1926
679 1927
680 1928
681 1929
682 1930
683 1931
684 1932
685 1933
686 1934
687 1935
688 1936
689 1937
690 1938
691 1939
692 1940
693 1941
694 1942
695 1943
696 1944
697 1945
698 1946
699 1947
700 1948
701 1949
702 1950
703 1951
704 1952
705 1953
706 1954
707 1955
708 1956
709 1957
710 1958
711 1959
712 1960
713 1961
714 1962
715 1963
716 1964
717 1965
718 1966
719 1967
720 1968
721 1969
722 1970
723 1971
724 1972
725 1973
726 1974
727 1975
728 1976
729 1977
730 1978
731 1979
732 1980
733 1981
734 1982
735 1983
736 1984
737 1985
738 1986
739 1987
740 1988
741 1989
742 1990
743 1991
744 1992
745 1993
746 1994
747 1995
748 1996
749 1997
750 1998
751 1999
752 2000
753 2001
754 2002
755 2003
756 2004
757 2005
758 2006
759 2007
760 2008
761 2009
762 2010
763 2011
764 2012
765 2013
766 2014
767 2015
768 2016
769 2017
770 2018
771 2019
772 2020
773 2021
774 2022
775 2023
776 2024
777 2025
778 2026
779 2027
780 2028
781 2029
782 2030
783 2031
784 2032
785 2033
786 2034
787 2035
788 2036
789 2037
790 2038
791 2039
792 2040
793 2041
794 2042
795 2043
796 2044
797 2045
798 2046
799 2047
800 2048
801 2049
802 2050
803 2051
804 2052
805 2053
806 2054
807 2055
808 2056
809 2057
810 2058
811 2059
812 2060
813 2061
814 2062
815 2063
816 2064
817 2065
818 2066
819 2067
820 2068
821 2069
822 2070
823 2071
824 2072
825 2073
826 2074
827 2075
828 2076
829 2077
830 2078
831 2079
832 2080
833 2081
834 2082
835 2083
836 2084
837 2085
838 2086
839 2087
840 2088
841 2089
842 2090
843 2091
844 2092
845 2093
846 2094
847 2095
848 2096
849 2097
850 2098
851 2099
852 2100
853 2101
854 2102
855 2103
856 2104
857 2105
858 2106
859 2107
860 2108
861 2109
862 2110
863 2111
864 2112
865 2113
866 2114
867 2115
868 2116
869 2117
870 2118
871 2119
872 2120
873 2121
874 2122
875 2123
876 2124
877 2125
878 2126
879 2127
880 2128
881 2129
882 2130
883 2131
884 2132
885 2133
886 2134
887 2135
888 2136
889 2137
890 2138
891 2139
892 2140
893 2141
894 2142
895 2143
896 2144
897 2145
898 2146
899 2147
900 2148
901 2149
902 2150
903 2151
904 2152
905 2153
906 2154
907 2155
908 2156
909 2157
910 2158
911 2159
912 2160
913 2161
914 2162
915 2163
916 2164
917 2165
918 2166
919 2167
920 2168
921 2169
922 2170
923 2171
924 2172
925 2173
926 2174
927 2175
928 2176
929 2177
930 2178
931 2179
932 2180
933 2181
934 2182
935 2183
936 2184
937 2185
938 2186
939 2187
940 2188
941 2189
942 2190
943 2191
944 2192
945 2193
946 2194
947 2195
948 2196
949 2197
950 2198
951 2199
952 2200
953 2201
954 2202
955 2203
956 2204
957 2205
958 2206
959 2207
960 2208
961 2209
962 2210
963 2211
964 2212
965 2213
966 2214
967 2215
968 2216
969 2217
970 2218
971 2219
972 2220
973 2221
974 2222
975 2223
976 2224
977 2225
978 2226
979 2227
980 2228
981 2229
982 2230
983 2231
984 2232
985 2233
986 2234
987 2235
988 2236
989 2237
990 2238
991 2239
992 2240
993 2241
994 2242
995 2243
996 2244
997 2245
998 2246
999 2247
1000 2248
1001 2249
1002 2250
1003 2251
1004 2252
1005 2253
1006 2254
1007 2255
1008 2256
1009 2257
1010 2258
1011 2259
1012 2260
1013 2261
1014 2262
1015 2263
1016 2264
1017 2265
1018 2266
1019 2267
1020 2268
1021 2269
1022 2270
1023 2271
1024 2272
1025 2273
1026 2274
1027 2275
1028 2276
1029 2277
1030 2278
1031 2279
1032 2280
1033 2281
1034 2282
1035 2283
1036 2284
1037 2285
1038 2286
1039 2287
1040 2288
1041 2289
1042 2290
1043 2291
1044 2292
1045 2293
1046 2294
1047 2295
1048 2296
1049 2297
1050 2298
1051 2299
1052 2300
1053 2301
1054 2302
1055 2303
1056 2304
