384
192
0
0
0 27 48 48 96 53 144 56 192 37 240 8 288 32 336 33 384 384
1 27 49 48 97 53 145 56 193 37 241 8 289 32 337 33 384 384
2 27 50 48 98 53 146 56 194 37 242 8 290 32 338 33 384 384
3 27 51 48 99 53 147 56 195 37 243 8 291 32 339 33 384 384
4 27 52 48 100 53 148 56 196 37 244 8 292 32 340 33 384 384
5 27 53 48 101 53 149 56 197 37 245 8 293 32 341 33 384 384
6 27 54 48 102 53 150 56 198 37 246 8 294 32 342 33 384 384
7 27 55 48 103 53 151 56 199 37 247 8 295 32 343 33 384 384
8 27 56 48 104 53 152 56 200 37 248 8 296 32 344 33 384 384
9 27 57 48 105 53 153 56 201 37 249 8 297 32 345 33 384 384
10 27 58 48 106 53 154 56 202 37 250 8 298 32 346 33 384 384
11 27 59 48 107 53 155 56 203 37 251 8 299 32 347 33 384 384
12 27 60 48 108 53 156 56 204 37 252 8 300 32 348 33 384 384
13 27 61 48 109 53 157 56 205 37 253 8 301 32 349 33 384 384
14 27 62 48 110 53 158 56 206 37 254 8 302 32 350 33 384 384
15 27 63 48 111 53 159 56 207 37 255 8 303 32 351 33 384 384
16 27 64 48 112 53 160 56 208 37 256 8 304 32 352 33 384 384
17 27 65 48 113 53 161 56 209 37 257 8 305 32 353 33 384 384
18 27 66 48 114 53 162 56 210 37 258 8 306 32 354 33 384 384
19 27 67 48 115 53 163 56 211 37 259 8 307 32 355 33 384 384
20 27 68 48 116 53 164 56 212 37 260 8 308 32 356 33 384 384
21 27 69 48 117 53 165 56 213 37 261 8 309 32 357 33 384 384
22 27 70 48 118 53 166 56 214 37 262 8 310 32 358 33 384 384
23 27 71 48 119 53 167 56 215 37 263 8 311 32 359 33 384 384
24 27 72 48 120 53 168 56 216 37 264 8 312 32 360 33 384 384
25 27 73 48 121 53 169 56 217 37 265 8 313 32 361 33 384 384
26 27 74 48 122 53 170 56 218 37 266 8 314 32 362 33 384 384
27 27 75 48 123 53 171 56 219 37 267 8 315 32 363 33 384 384
28 27 76 48 124 53 172 56 220 37 268 8 316 32 364 33 384 384
29 27 77 48 125 53 173 56 221 37 269 8 317 32 365 33 384 384
30 27 78 48 126 53 174 56 222 37 270 8 318 32 366 33 384 384
31 27 79 48 127 53 175 56 223 37 271 8 319 32 367 33 384 384
32 27 80 48 128 53 176 56 224 37 272 8 320 32 368 33 384 384
33 27 81 48 129 53 177 56 225 37 273 8 321 32 369 33 384 384
34 27 82 48 130 53 178 56 226 37 274 8 322 32 370 33 384 384
35 27 83 48 131 53 179 56 227 37 275 8 323 32 371 33 384 384
36 27 84 48 132 53 180 56 228 37 276 8 324 32 372 33 384 384
37 27 85 48 133 53 181 56 229 37 277 8 325 32 373 33 384 384
38 27 86 48 134 53 182 56 230 37 278 8 326 32 374 33 384 384
39 27 87 48 135 53 183 56 231 37 279 8 327 32 375 33 384 384
40 27 88 48 136 53 184 56 232 37 280 8 328 32 376 33 384 384
41 27 89 48 137 53 185 56 233 37 281 8 329 32 377 33 384 384
42 27 90 48 138 53 186 56 234 37 282 8 330 32 378 33 384 384
43 27 91 48 139 53 187 56 235 37 283 8 331 32 379 33 384 384
44 27 92 48 140 53 188 56 236 37 284 8 332 32 380 33 384 384
45 27 93 48 141 53 189 56 237 37 285 8 333 32 381 33 384 384
46 27 94 48 142 53 190 56 238 37 286 8 334 32 382 33 384 384
47 27 95 48 143 53 191 56 239 37 287 8 335 32 383 33 384 384
0 12 51 9 101 36 150 9 205 2 254 24 303 57 353 63 384 384
1 12 52 9 102 36 151 9 206 2 255 24 304 57 354 63 384 384
2 12 53 9 103 36 152 9 207 2 256 24 305 57 355 63 384 384
3 12 54 9 104 36 153 9 208 2 257 24 306 57 356 63 384 384
4 12 55 9 105 36 154 9 209 2 258 24 307 57 357 63 384 384
5 12 56 9 106 36 155 9 210 2 259 24 308 57 358 63 384 384
6 12 57 9 107 36 156 9 211 2 260 24 309 57 359 63 384 384
7 12 58 9 108 36 157 9 212 2 261 24 310 57 360 63 384 384
8 12 59 9 109 36 158 9 213 2 262 24 311 57 361 63 384 384
9 12 60 9 110 36 159 9 214 2 263 24 312 57 362 63 384 384
10 12 61 9 111 36 160 9 215 2 264 24 313 57 363 63 384 384
11 12 62 9 112 36 161 9 216 2 265 24 314 57 364 63 384 384
12 12 63 9 113 36 162 9 217 2 266 24 315 57 365 63 384 384
13 12 64 9 114 36 163 9 218 2 267 24 316 57 366 63 384 384
14 12 65 9 115 36 164 9 219 2 268 24 317 57 367 63 384 384
15 12 66 9 116 36 165 9 220 2 269 24 318 57 368 63 384 384
16 12 67 9 117 36 166 9 221 2 270 24 319 57 369 63 384 384
17 12 68 9 118 36 167 9 222 2 271 24 320 57 370 63 384 384
18 12 69 9 119 36 168 9 223 2 272 24 321 57 371 63 384 384
19 12 70 9 120 36 169 9 224 2 273 24 322 57 372 63 384 384
20 12 71 9 121 36 170 9 225 2 274 24 323 57 373 63 384 384
21 12 72 9 122 36 171 9 226 2 275 24 324 57 374 63 384 384
22 12 73 9 123 36 172 9 227 2 276 24 325 57 375 63 384 384
23 12 74 9 124 36 173 9 228 2 277 24 326 57 376 63 384 384
24 12 75 9 125 36 174 9 229 2 278 24 327 57 377 63 384 384
25 12 76 9 126 36 175 9 230 2 279 24 328 57 378 63 384 384
26 12 77 9 127 36 176 9 231 2 280 24 329 57 379 63 384 384
27 12 78 9 128 36 177 9 232 2 281 24 330 57 380 63 384 384
28 12 79 9 129 36 178 9 233 2 282 24 331 57 381 63 384 384
29 12 80 9 130 36 179 9 234 2 283 24 332 57 382 63 384 384
30 12 81 9 131 36 180 9 235 2 284 24 333 57 383 63 384 384
31 12 82 9 132 36 181 9 236 2 285 24 334 57 336 63 384 384
32 12 83 9 133 36 182 9 237 2 286 24 335 57 337 63 384 384
33 12 84 9 134 36 183 9 238 2 287 24 288 57 338 63 384 384
34 12 85 9 135 36 184 9 239 2 240 24 289 57 339 63 384 384
35 12 86 9 136 36 185 9 192 2 241 24 290 57 340 63 384 384
36 12 87 9 137 36 186 9 193 2 242 24 291 57 341 63 384 384
37 12 88 9 138 36 187 9 194 2 243 24 292 57 342 63 384 384
38 12 89 9 139 36 188 9 195 2 244 24 293 57 343 63 384 384
39 12 90 9 140 36 189 9 196 2 245 24 294 57 344 63 384 384
40 12 91 9 141 36 190 9 197 2 246 24 295 57 345 63 384 384
41 12 92 9 142 36 191 9 198 2 247 24 296 57 346 63 384 384
42 12 93 9 143 36 144 9 199 2 248 24 297 57 347 63 384 384
43 12 94 9 96 36 145 9 200 2 249 24 298 57 348 63 384 384
44 12 95 9 97 36 146 9 201 2 250 24 299 57 349 63 384 384
45 12 48 9 98 36 147 9 202 2 251 24 300 57 350 63 384 384
46 12 49 9 99 36 148 9 203 2 252 24 301 57 351 63 384 384
47 12 50 9 100 36 149 9 204 2 253 24 302 57 352 63 384 384
0 10 54 39 106 44 156 32 218 26 268 60 318 51 370 31 384 384
1 10 55 39 107 44 157 32 219 26 269 60 319 51 371 31 384 384
2 10 56 39 108 44 158 32 220 26 270 60 320 51 372 31 384 384
3 10 57 39 109 44 159 32 221 26 271 60 321 51 373 31 384 384
4 10 58 39 110 44 160 32 222 26 272 60 322 51 374 31 384 384
5 10 59 39 111 44 161 32 223 26 273 60 323 51 375 31 384 384
6 10 60 39 112 44 162 32 224 26 274 60 324 51 376 31 384 384
7 10 61 39 113 44 163 32 225 26 275 60 325 51 377 31 384 384
8 10 62 39 114 44 164 32 226 26 276 60 326 51 378 31 384 384
9 10 63 39 115 44 165 32 227 26 277 60 327 51 379 31 384 384
10 10 64 39 116 44 166 32 228 26 278 60 328 51 380 31 384 384
11 10 65 39 117 44 167 32 229 26 279 60 329 51 381 31 384 384
12 10 66 39 118 44 168 32 230 26 280 60 330 51 382 31 384 384
13 10 67 39 119 44 169 32 231 26 281 60 331 51 383 31 384 384
14 10 68 39 120 44 170 32 232 26 282 60 332 51 336 31 384 384
15 10 69 39 121 44 171 32 233 26 283 60 333 51 337 31 384 384
16 10 70 39 122 44 172 32 234 26 284 60 334 51 338 31 384 384
17 10 71 39 123 44 173 32 235 26 285 60 335 51 339 31 384 384
18 10 72 39 124 44 174 32 236 26 286 60 288 51 340 31 384 384
19 10 73 39 125 44 175 32 237 26 287 60 289 51 341 31 384 384
20 10 74 39 126 44 176 32 238 26 240 60 290 51 342 31 384 384
21 10 75 39 127 44 177 32 239 26 241 60 291 51 343 31 384 384
22 10 76 39 128 44 178 32 192 26 242 60 292 51 344 31 384 384
23 10 77 39 129 44 179 32 193 26 243 60 293 51 345 31 384 384
24 10 78 39 130 44 180 32 194 26 244 60 294 51 346 31 384 384
25 10 79 39 131 44 181 32 195 26 245 60 295 51 347 31 384 384
26 10 80 39 132 44 182 32 196 26 246 60 296 51 348 31 384 384
27 10 81 39 133 44 183 32 197 26 247 60 297 51 349 31 384 384
28 10 82 39 134 44 184 32 198 26 248 60 298 51 350 31 384 384
29 10 83 39 135 44 185 32 199 26 249 60 299 51 351 31 384 384
30 10 84 39 136 44 186 32 200 26 250 60 300 51 352 31 384 384
31 10 85 39 137 44 187 32 201 26 251 60 301 51 353 31 384 384
32 10 86 39 138 44 188 32 202 26 252 60 302 51 354 31 384 384
33 10 87 39 139 44 189 32 203 26 253 60 303 51 355 31 384 384
34 10 88 39 140 44 190 32 204 26 254 60 304 51 356 31 384 384
35 10 89 39 141 44 191 32 205 26 255 60 305 51 357 31 384 384
36 10 90 39 142 44 144 32 206 26 256 60 306 51 358 31 384 384
37 10 91 39 143 44 145 32 207 26 257 60 307 51 359 31 384 384
38 10 92 39 96 44 146 32 208 26 258 60 308 51 360 31 384 384
39 10 93 39 97 44 147 32 209 26 259 60 309 51 361 31 384 384
40 10 94 39 98 44 148 32 210 26 260 60 310 51 362 31 384 384
41 10 95 39 99 44 149 32 211 26 261 60 311 51 363 31 384 384
42 10 48 39 100 44 150 32 212 26 262 60 312 51 364 31 384 384
43 10 49 39 101 44 151 32 213 26 263 60 313 51 365 31 384 384
44 10 50 39 102 44 152 32 214 26 264 60 314 51 366 31 384 384
45 10 51 39 103 44 153 32 215 26 265 60 315 51 367 31 384 384
46 10 52 39 104 44 154 32 216 26 266 60 316 51 368 31 384 384
47 10 53 39 105 44 155 32 217 26 267 60 317 51 369 31 384 384
0 55 57 16 111 13 162 59 231 17 282 22 333 4 339 29 384 384
1 55 58 16 112 13 163 59 232 17 283 22 334 4 340 29 384 384
2 55 59 16 113 13 164 59 233 17 284 22 335 4 341 29 384 384
3 55 60 16 114 13 165 59 234 17 285 22 288 4 342 29 384 384
4 55 61 16 115 13 166 59 235 17 286 22 289 4 343 29 384 384
5 55 62 16 116 13 167 59 236 17 287 22 290 4 344 29 384 384
6 55 63 16 117 13 168 59 237 17 240 22 291 4 345 29 384 384
7 55 64 16 118 13 169 59 238 17 241 22 292 4 346 29 384 384
8 55 65 16 119 13 170 59 239 17 242 22 293 4 347 29 384 384
9 55 66 16 120 13 171 59 192 17 243 22 294 4 348 29 384 384
10 55 67 16 121 13 172 59 193 17 244 22 295 4 349 29 384 384
11 55 68 16 122 13 173 59 194 17 245 22 296 4 350 29 384 384
12 55 69 16 123 13 174 59 195 17 246 22 297 4 351 29 384 384
13 55 70 16 124 13 175 59 196 17 247 22 298 4 352 29 384 384
14 55 71 16 125 13 176 59 197 17 248 22 299 4 353 29 384 384
15 55 72 16 126 13 177 59 198 17 249 22 300 4 354 29 384 384
16 55 73 16 127 13 178 59 199 17 250 22 301 4 355 29 384 384
17 55 74 16 128 13 179 59 200 17 251 22 302 4 356 29 384 384
18 55 75 16 129 13 180 59 201 17 252 22 303 4 357 29 384 384
19 55 76 16 130 13 181 59 202 17 253 22 304 4 358 29 384 384
20 55 77 16 131 13 182 59 203 17 254 22 305 4 359 29 384 384
21 55 78 16 132 13 183 59 204 17 255 22 306 4 360 29 384 384
22 55 79 16 133 13 184 59 205 17 256 22 307 4 361 29 384 384
23 55 80 16 134 13 185 59 206 17 257 22 308 4 362 29 384 384
24 55 81 16 135 13 186 59 207 17 258 22 309 4 363 29 384 384
25 55 82 16 136 13 187 59 208 17 259 22 310 4 364 29 384 384
26 55 83 16 137 13 188 59 209 17 260 22 311 4 365 29 384 384
27 55 84 16 138 13 189 59 210 17 261 22 312 4 366 29 384 384
28 55 85 16 139 13 190 59 211 17 262 22 313 4 367 29 384 384
29 55 86 16 140 13 191 59 212 17 263 22 314 4 368 29 384 384
30 55 87 16 141 13 144 59 213 17 264 22 315 4 369 29 384 384
31 55 88 16 142 13 145 59 214 17 265 22 316 4 370 29 384 384
32 55 89 16 143 13 146 59 215 17 266 22 317 4 371 29 384 384
33 55 90 16 96 13 147 59 216 17 267 22 318 4 372 29 384 384
34 55 91 16 97 13 148 59 217 17 268 22 319 4 373 29 384 384
35 55 92 16 98 13 149 59 218 17 269 22 320 4 374 29 384 384
36 55 93 16 99 13 150 59 219 17 270 22 321 4 375 29 384 384
37 55 94 16 100 13 151 59 220 17 271 22 322 4 376 29 384 384
38 55 95 16 101 13 152 59 221 17 272 22 323 4 377 29 384 384
39 55 48 16 102 13 153 59 222 17 273 22 324 4 378 29 384 384
40 55 49 16 103 13 154 59 223 17 274 22 325 4 379 29 384 384
41 55 50 16 104 13 155 59 224 17 275 22 326 4 380 29 384 384
42 55 51 16 105 13 156 59 225 17 276 22 327 4 381 29 384 384
43 55 52 16 106 13 157 59 226 17 277 22 328 4 382 29 384 384
44 55 53 16 107 13 158 59 227 17 278 22 329 4 383 29 384 384
45 55 54 16 108 13 159 59 228 17 279 22 330 4 336 29 384 384
46 55 55 16 109 13 160 59 229 17 280 22 331 4 337 29 384 384
47 55 56 16 110 13 161 59 230 17 281 22 332 4 338 29 384 384
