2400
1200
0
0
9 1 237 1 324 1 386 1 789 1 1165 1 1200 1 1320 1 2400 2400
10 1 238 1 325 1 387 1 790 1 1166 1 1201 1 1321 1 2400 2400
11 1 239 1 326 1 388 1 791 1 1167 1 1202 1 1322 1 2400 2400
12 1 120 1 327 1 389 1 792 1 1168 1 1203 1 1323 1 2400 2400
13 1 121 1 328 1 390 1 793 1 1169 1 1204 1 1324 1 2400 2400
14 1 122 1 329 1 391 1 794 1 1170 1 1205 1 1325 1 2400 2400
15 1 123 1 330 1 392 1 795 1 1171 1 1206 1 1326 1 2400 2400
16 1 124 1 331 1 393 1 796 1 1172 1 1207 1 1327 1 2400 2400
17 1 125 1 332 1 394 1 797 1 1173 1 1208 1 1328 1 2400 2400
18 1 126 1 333 1 395 1 798 1 1174 1 1209 1 1329 1 2400 2400
19 1 127 1 334 1 396 1 799 1 1175 1 1210 1 1330 1 2400 2400
20 1 128 1 335 1 397 1 800 1 1176 1 1211 1 1331 1 2400 2400
21 1 129 1 336 1 398 1 801 1 1177 1 1212 1 1332 1 2400 2400
22 1 130 1 337 1 399 1 802 1 1178 1 1213 1 1333 1 2400 2400
23 1 131 1 338 1 400 1 803 1 1179 1 1214 1 1334 1 2400 2400
24 1 132 1 339 1 401 1 804 1 1180 1 1215 1 1335 1 2400 2400
25 1 133 1 340 1 402 1 805 1 1181 1 1216 1 1336 1 2400 2400
26 1 134 1 341 1 403 1 806 1 1182 1 1217 1 1337 1 2400 2400
27 1 135 1 342 1 404 1 807 1 1183 1 1218 1 1338 1 2400 2400
28 1 136 1 343 1 405 1 808 1 1184 1 1219 1 1339 1 2400 2400
29 1 137 1 344 1 406 1 809 1 1185 1 1220 1 1340 1 2400 2400
30 1 138 1 345 1 407 1 810 1 1186 1 1221 1 1341 1 2400 2400
31 1 139 1 346 1 408 1 811 1 1187 1 1222 1 1342 1 2400 2400
32 1 140 1 347 1 409 1 812 1 1188 1 1223 1 1343 1 2400 2400
33 1 141 1 348 1 410 1 813 1 1189 1 1224 1 1344 1 2400 2400
34 1 142 1 349 1 411 1 814 1 1190 1 1225 1 1345 1 2400 2400
35 1 143 1 350 1 412 1 815 1 1191 1 1226 1 1346 1 2400 2400
36 1 144 1 351 1 413 1 816 1 1192 1 1227 1 1347 1 2400 2400
37 1 145 1 352 1 414 1 817 1 1193 1 1228 1 1348 1 2400 2400
38 1 146 1 353 1 415 1 818 1 1194 1 1229 1 1349 1 2400 2400
39 1 147 1 354 1 416 1 819 1 1195 1 1230 1 1350 1 2400 2400
40 1 148 1 355 1 417 1 820 1 1196 1 1231 1 1351 1 2400 2400
41 1 149 1 356 1 418 1 821 1 1197 1 1232 1 1352 1 2400 2400
42 1 150 1 357 1 419 1 822 1 1198 1 1233 1 1353 1 2400 2400
43 1 151 1 358 1 420 1 823 1 1199 1 1234 1 1354 1 2400 2400
44 1 152 1 359 1 421 1 824 1 1080 1 1235 1 1355 1 2400 2400
45 1 153 1 240 1 422 1 825 1 1081 1 1236 1 1356 1 2400 2400
46 1 154 1 241 1 423 1 826 1 1082 1 1237 1 1357 1 2400 2400
47 1 155 1 242 1 424 1 827 1 1083 1 1238 1 1358 1 2400 2400
48 1 156 1 243 1 425 1 828 1 1084 1 1239 1 1359 1 2400 2400
49 1 157 1 244 1 426 1 829 1 1085 1 1240 1 1360 1 2400 2400
50 1 158 1 245 1 427 1 830 1 1086 1 1241 1 1361 1 2400 2400
51 1 159 1 246 1 428 1 831 1 1087 1 1242 1 1362 1 2400 2400
52 1 160 1 247 1 429 1 832 1 1088 1 1243 1 1363 1 2400 2400
53 1 161 1 248 1 430 1 833 1 1089 1 1244 1 1364 1 2400 2400
54 1 162 1 249 1 431 1 834 1 1090 1 1245 1 1365 1 2400 2400
55 1 163 1 250 1 432 1 835 1 1091 1 1246 1 1366 1 2400 2400
56 1 164 1 251 1 433 1 836 1 1092 1 1247 1 1367 1 2400 2400
57 1 165 1 252 1 434 1 837 1 1093 1 1248 1 1368 1 2400 2400
58 1 166 1 253 1 435 1 838 1 1094 1 1249 1 1369 1 2400 2400
59 1 167 1 254 1 436 1 839 1 1095 1 1250 1 1370 1 2400 2400
60 1 168 1 255 1 437 1 720 1 1096 1 1251 1 1371 1 2400 2400
61 1 169 1 256 1 438 1 721 1 1097 1 1252 1 1372 1 2400 2400
62 1 170 1 257 1 439 1 722 1 1098 1 1253 1 1373 1 2400 2400
63 1 171 1 258 1 440 1 723 1 1099 1 1254 1 1374 1 2400 2400
64 1 172 1 259 1 441 1 724 1 1100 1 1255 1 1375 1 2400 2400
65 1 173 1 260 1 442 1 725 1 1101 1 1256 1 1376 1 2400 2400
66 1 174 1 261 1 443 1 726 1 1102 1 1257 1 1377 1 2400 2400
67 1 175 1 262 1 444 1 727 1 1103 1 1258 1 1378 1 2400 2400
68 1 176 1 263 1 445 1 728 1 1104 1 1259 1 1379 1 2400 2400
69 1 177 1 264 1 446 1 729 1 1105 1 1260 1 1380 1 2400 2400
70 1 178 1 265 1 447 1 730 1 1106 1 1261 1 1381 1 2400 2400
71 1 179 1 266 1 448 1 731 1 1107 1 1262 1 1382 1 2400 2400
72 1 180 1 267 1 449 1 732 1 1108 1 1263 1 1383 1 2400 2400
73 1 181 1 268 1 450 1 733 1 1109 1 1264 1 1384 1 2400 2400
74 1 182 1 269 1 451 1 734 1 1110 1 1265 1 1385 1 2400 2400
75 1 183 1 270 1 452 1 735 1 1111 1 1266 1 1386 1 2400 2400
76 1 184 1 271 1 453 1 736 1 1112 1 1267 1 1387 1 2400 2400
77 1 185 1 272 1 454 1 737 1 1113 1 1268 1 1388 1 2400 2400
78 1 186 1 273 1 455 1 738 1 1114 1 1269 1 1389 1 2400 2400
79 1 187 1 274 1 456 1 739 1 1115 1 1270 1 1390 1 2400 2400
80 1 188 1 275 1 457 1 740 1 1116 1 1271 1 1391 1 2400 2400
81 1 189 1 276 1 458 1 741 1 1117 1 1272 1 1392 1 2400 2400
82 1 190 1 277 1 459 1 742 1 1118 1 1273 1 1393 1 2400 2400
83 1 191 1 278 1 460 1 743 1 1119 1 1274 1 1394 1 2400 2400
84 1 192 1 279 1 461 1 744 1 1120 1 1275 1 1395 1 2400 2400
85 1 193 1 280 1 462 1 745 1 1121 1 1276 1 1396 1 2400 2400
86 1 194 1 281 1 463 1 746 1 1122 1 1277 1 1397 1 2400 2400
87 1 195 1 282 1 464 1 747 1 1123 1 1278 1 1398 1 2400 2400
88 1 196 1 283 1 465 1 748 1 1124 1 1279 1 1399 1 2400 2400
89 1 197 1 284 1 466 1 749 1 1125 1 1280 1 1400 1 2400 2400
90 1 198 1 285 1 467 1 750 1 1126 1 1281 1 1401 1 2400 2400
91 1 199 1 286 1 468 1 751 1 1127 1 1282 1 1402 1 2400 2400
92 1 200 1 287 1 469 1 752 1 1128 1 1283 1 1403 1 2400 2400
93 1 201 1 288 1 470 1 753 1 1129 1 1284 1 1404 1 2400 2400
94 1 202 1 289 1 471 1 754 1 1130 1 1285 1 1405 1 2400 2400
95 1 203 1 290 1 472 1 755 1 1131 1 1286 1 1406 1 2400 2400
96 1 204 1 291 1 473 1 756 1 1132 1 1287 1 1407 1 2400 2400
97 1 205 1 292 1 474 1 757 1 1133 1 1288 1 1408 1 2400 2400
98 1 206 1 293 1 475 1 758 1 1134 1 1289 1 1409 1 2400 2400
99 1 207 1 294 1 476 1 759 1 1135 1 1290 1 1410 1 2400 2400
100 1 208 1 295 1 477 1 760 1 1136 1 1291 1 1411 1 2400 2400
101 1 209 1 296 1 478 1 761 1 1137 1 1292 1 1412 1 2400 2400
102 1 210 1 297 1 479 1 762 1 1138 1 1293 1 1413 1 2400 2400
103 1 211 1 298 1 360 1 763 1 1139 1 1294 1 1414 1 2400 2400
104 1 212 1 299 1 361 1 764 1 1140 1 1295 1 1415 1 2400 2400
105 1 213 1 300 1 362 1 765 1 1141 1 1296 1 1416 1 2400 2400
106 1 214 1 301 1 363 1 766 1 1142 1 1297 1 1417 1 2400 2400
107 1 215 1 302 1 364 1 767 1 1143 1 1298 1 1418 1 2400 2400
108 1 216 1 303 1 365 1 768 1 1144 1 1299 1 1419 1 2400 2400
109 1 217 1 304 1 366 1 769 1 1145 1 1300 1 1420 1 2400 2400
110 1 218 1 305 1 367 1 770 1 1146 1 1301 1 1421 1 2400 2400
111 1 219 1 306 1 368 1 771 1 1147 1 1302 1 1422 1 2400 2400
112 1 220 1 307 1 369 1 772 1 1148 1 1303 1 1423 1 2400 2400
113 1 221 1 308 1 370 1 773 1 1149 1 1304 1 1424 1 2400 2400
114 1 222 1 309 1 371 1 774 1 1150 1 1305 1 1425 1 2400 2400
115 1 223 1 310 1 372 1 775 1 1151 1 1306 1 1426 1 2400 2400
116 1 224 1 311 1 373 1 776 1 1152 1 1307 1 1427 1 2400 2400
117 1 225 1 312 1 374 1 777 1 1153 1 1308 1 1428 1 2400 2400
118 1 226 1 313 1 375 1 778 1 1154 1 1309 1 1429 1 2400 2400
119 1 227 1 314 1 376 1 779 1 1155 1 1310 1 1430 1 2400 2400
0 1 228 1 315 1 377 1 780 1 1156 1 1311 1 1431 1 2400 2400
1 1 229 1 316 1 378 1 781 1 1157 1 1312 1 1432 1 2400 2400
2 1 230 1 317 1 379 1 782 1 1158 1 1313 1 1433 1 2400 2400
3 1 231 1 318 1 380 1 783 1 1159 1 1314 1 1434 1 2400 2400
4 1 232 1 319 1 381 1 784 1 1160 1 1315 1 1435 1 2400 2400
5 1 233 1 320 1 382 1 785 1 1161 1 1316 1 1436 1 2400 2400
6 1 234 1 321 1 383 1 786 1 1162 1 1317 1 1437 1 2400 2400
7 1 235 1 322 1 384 1 787 1 1163 1 1318 1 1438 1 2400 2400
8 1 236 1 323 1 385 1 788 1 1164 1 1319 1 1439 1 2400 2400
47 1 406 1 493 1 605 1 826 1 876 1 1064 1 1092 1 1320 1 1440 1 2400 2400
48 1 407 1 494 1 606 1 827 1 877 1 1065 1 1093 1 1321 1 1441 1 2400 2400
49 1 408 1 495 1 607 1 828 1 878 1 1066 1 1094 1 1322 1 1442 1 2400 2400
50 1 409 1 496 1 608 1 829 1 879 1 1067 1 1095 1 1323 1 1443 1 2400 2400
51 1 410 1 497 1 609 1 830 1 880 1 1068 1 1096 1 1324 1 1444 1 2400 2400
52 1 411 1 498 1 610 1 831 1 881 1 1069 1 1097 1 1325 1 1445 1 2400 2400
53 1 412 1 499 1 611 1 832 1 882 1 1070 1 1098 1 1326 1 1446 1 2400 2400
54 1 413 1 500 1 612 1 833 1 883 1 1071 1 1099 1 1327 1 1447 1 2400 2400
55 1 414 1 501 1 613 1 834 1 884 1 1072 1 1100 1 1328 1 1448 1 2400 2400
56 1 415 1 502 1 614 1 835 1 885 1 1073 1 1101 1 1329 1 1449 1 2400 2400
57 1 416 1 503 1 615 1 836 1 886 1 1074 1 1102 1 1330 1 1450 1 2400 2400
58 1 417 1 504 1 616 1 837 1 887 1 1075 1 1103 1 1331 1 1451 1 2400 2400
59 1 418 1 505 1 617 1 838 1 888 1 1076 1 1104 1 1332 1 1452 1 2400 2400
60 1 419 1 506 1 618 1 839 1 889 1 1077 1 1105 1 1333 1 1453 1 2400 2400
61 1 420 1 507 1 619 1 720 1 890 1 1078 1 1106 1 1334 1 1454 1 2400 2400
62 1 421 1 508 1 620 1 721 1 891 1 1079 1 1107 1 1335 1 1455 1 2400 2400
63 1 422 1 509 1 621 1 722 1 892 1 960 1 1108 1 1336 1 1456 1 2400 2400
64 1 423 1 510 1 622 1 723 1 893 1 961 1 1109 1 1337 1 1457 1 2400 2400
65 1 424 1 511 1 623 1 724 1 894 1 962 1 1110 1 1338 1 1458 1 2400 2400
66 1 425 1 512 1 624 1 725 1 895 1 963 1 1111 1 1339 1 1459 1 2400 2400
67 1 426 1 513 1 625 1 726 1 896 1 964 1 1112 1 1340 1 1460 1 2400 2400
68 1 427 1 514 1 626 1 727 1 897 1 965 1 1113 1 1341 1 1461 1 2400 2400
69 1 428 1 515 1 627 1 728 1 898 1 966 1 1114 1 1342 1 1462 1 2400 2400
70 1 429 1 516 1 628 1 729 1 899 1 967 1 1115 1 1343 1 1463 1 2400 2400
71 1 430 1 517 1 629 1 730 1 900 1 968 1 1116 1 1344 1 1464 1 2400 2400
72 1 431 1 518 1 630 1 731 1 901 1 969 1 1117 1 1345 1 1465 1 2400 2400
73 1 432 1 519 1 631 1 732 1 902 1 970 1 1118 1 1346 1 1466 1 2400 2400
74 1 433 1 520 1 632 1 733 1 903 1 971 1 1119 1 1347 1 1467 1 2400 2400
75 1 434 1 521 1 633 1 734 1 904 1 972 1 1120 1 1348 1 1468 1 2400 2400
76 1 435 1 522 1 634 1 735 1 905 1 973 1 1121 1 1349 1 1469 1 2400 2400
77 1 436 1 523 1 635 1 736 1 906 1 974 1 1122 1 1350 1 1470 1 2400 2400
78 1 437 1 524 1 636 1 737 1 907 1 975 1 1123 1 1351 1 1471 1 2400 2400
79 1 438 1 525 1 637 1 738 1 908 1 976 1 1124 1 1352 1 1472 1 2400 2400
80 1 439 1 526 1 638 1 739 1 909 1 977 1 1125 1 1353 1 1473 1 2400 2400
81 1 440 1 527 1 639 1 740 1 910 1 978 1 1126 1 1354 1 1474 1 2400 2400
82 1 441 1 528 1 640 1 741 1 911 1 979 1 1127 1 1355 1 1475 1 2400 2400
83 1 442 1 529 1 641 1 742 1 912 1 980 1 1128 1 1356 1 1476 1 2400 2400
84 1 443 1 530 1 642 1 743 1 913 1 981 1 1129 1 1357 1 1477 1 2400 2400
85 1 444 1 531 1 643 1 744 1 914 1 982 1 1130 1 1358 1 1478 1 2400 2400
86 1 445 1 532 1 644 1 745 1 915 1 983 1 1131 1 1359 1 1479 1 2400 2400
87 1 446 1 533 1 645 1 746 1 916 1 984 1 1132 1 1360 1 1480 1 2400 2400
88 1 447 1 534 1 646 1 747 1 917 1 985 1 1133 1 1361 1 1481 1 2400 2400
89 1 448 1 535 1 647 1 748 1 918 1 986 1 1134 1 1362 1 1482 1 2400 2400
90 1 449 1 536 1 648 1 749 1 919 1 987 1 1135 1 1363 1 1483 1 2400 2400
91 1 450 1 537 1 649 1 750 1 920 1 988 1 1136 1 1364 1 1484 1 2400 2400
92 1 451 1 538 1 650 1 751 1 921 1 989 1 1137 1 1365 1 1485 1 2400 2400
93 1 452 1 539 1 651 1 752 1 922 1 990 1 1138 1 1366 1 1486 1 2400 2400
94 1 453 1 540 1 652 1 753 1 923 1 991 1 1139 1 1367 1 1487 1 2400 2400
95 1 454 1 541 1 653 1 754 1 924 1 992 1 1140 1 1368 1 1488 1 2400 2400
96 1 455 1 542 1 654 1 755 1 925 1 993 1 1141 1 1369 1 1489 1 2400 2400
97 1 456 1 543 1 655 1 756 1 926 1 994 1 1142 1 1370 1 1490 1 2400 2400
98 1 457 1 544 1 656 1 757 1 927 1 995 1 1143 1 1371 1 1491 1 2400 2400
99 1 458 1 545 1 657 1 758 1 928 1 996 1 1144 1 1372 1 1492 1 2400 2400
100 1 459 1 546 1 658 1 759 1 929 1 997 1 1145 1 1373 1 1493 1 2400 2400
101 1 460 1 547 1 659 1 760 1 930 1 998 1 1146 1 1374 1 1494 1 2400 2400
102 1 461 1 548 1 660 1 761 1 931 1 999 1 1147 1 1375 1 1495 1 2400 2400
103 1 462 1 549 1 661 1 762 1 932 1 1000 1 1148 1 1376 1 1496 1 2400 2400
104 1 463 1 550 1 662 1 763 1 933 1 1001 1 1149 1 1377 1 1497 1 2400 2400
105 1 464 1 551 1 663 1 764 1 934 1 1002 1 1150 1 1378 1 1498 1 2400 2400
106 1 465 1 552 1 664 1 765 1 935 1 1003 1 1151 1 1379 1 1499 1 2400 2400
107 1 466 1 553 1 665 1 766 1 936 1 1004 1 1152 1 1380 1 1500 1 2400 2400
108 1 467 1 554 1 666 1 767 1 937 1 1005 1 1153 1 1381 1 1501 1 2400 2400
109 1 468 1 555 1 667 1 768 1 938 1 1006 1 1154 1 1382 1 1502 1 2400 2400
110 1 469 1 556 1 668 1 769 1 939 1 1007 1 1155 1 1383 1 1503 1 2400 2400
111 1 470 1 557 1 669 1 770 1 940 1 1008 1 1156 1 1384 1 1504 1 2400 2400
112 1 471 1 558 1 670 1 771 1 941 1 1009 1 1157 1 1385 1 1505 1 2400 2400
113 1 472 1 559 1 671 1 772 1 942 1 1010 1 1158 1 1386 1 1506 1 2400 2400
114 1 473 1 560 1 672 1 773 1 943 1 1011 1 1159 1 1387 1 1507 1 2400 2400
115 1 474 1 561 1 673 1 774 1 944 1 1012 1 1160 1 1388 1 1508 1 2400 2400
116 1 475 1 562 1 674 1 775 1 945 1 1013 1 1161 1 1389 1 1509 1 2400 2400
117 1 476 1 563 1 675 1 776 1 946 1 1014 1 1162 1 1390 1 1510 1 2400 2400
118 1 477 1 564 1 676 1 777 1 947 1 1015 1 1163 1 1391 1 1511 1 2400 2400
119 1 478 1 565 1 677 1 778 1 948 1 1016 1 1164 1 1392 1 1512 1 2400 2400
0 1 479 1 566 1 678 1 779 1 949 1 1017 1 1165 1 1393 1 1513 1 2400 2400
1 1 360 1 567 1 679 1 780 1 950 1 1018 1 1166 1 1394 1 1514 1 2400 2400
2 1 361 1 568 1 680 1 781 1 951 1 1019 1 1167 1 1395 1 1515 1 2400 2400
3 1 362 1 569 1 681 1 782 1 952 1 1020 1 1168 1 1396 1 1516 1 2400 2400
4 1 363 1 570 1 682 1 783 1 953 1 1021 1 1169 1 1397 1 1517 1 2400 2400
5 1 364 1 571 1 683 1 784 1 954 1 1022 1 1170 1 1398 1 1518 1 2400 2400
6 1 365 1 572 1 684 1 785 1 955 1 1023 1 1171 1 1399 1 1519 1 2400 2400
7 1 366 1 573 1 685 1 786 1 956 1 1024 1 1172 1 1400 1 1520 1 2400 2400
8 1 367 1 574 1 686 1 787 1 957 1 1025 1 1173 1 1401 1 1521 1 2400 2400
9 1 368 1 575 1 687 1 788 1 958 1 1026 1 1174 1 1402 1 1522 1 2400 2400
10 1 369 1 576 1 688 1 789 1 959 1 1027 1 1175 1 1403 1 1523 1 2400 2400
11 1 370 1 577 1 689 1 790 1 840 1 1028 1 1176 1 1404 1 1524 1 2400 2400
12 1 371 1 578 1 690 1 791 1 841 1 1029 1 1177 1 1405 1 1525 1 2400 2400
13 1 372 1 579 1 691 1 792 1 842 1 1030 1 1178 1 1406 1 1526 1 2400 2400
14 1 373 1 580 1 692 1 793 1 843 1 1031 1 1179 1 1407 1 1527 1 2400 2400
15 1 374 1 581 1 693 1 794 1 844 1 1032 1 1180 1 1408 1 1528 1 2400 2400
16 1 375 1 582 1 694 1 795 1 845 1 1033 1 1181 1 1409 1 1529 1 2400 2400
17 1 376 1 583 1 695 1 796 1 846 1 1034 1 1182 1 1410 1 1530 1 2400 2400
18 1 377 1 584 1 696 1 797 1 847 1 1035 1 1183 1 1411 1 1531 1 2400 2400
19 1 378 1 585 1 697 1 798 1 848 1 1036 1 1184 1 1412 1 1532 1 2400 2400
20 1 379 1 586 1 698 1 799 1 849 1 1037 1 1185 1 1413 1 1533 1 2400 2400
21 1 380 1 587 1 699 1 800 1 850 1 1038 1 1186 1 1414 1 1534 1 2400 2400
22 1 381 1 588 1 700 1 801 1 851 1 1039 1 1187 1 1415 1 1535 1 2400 2400
23 1 382 1 589 1 701 1 802 1 852 1 1040 1 1188 1 1416 1 1536 1 2400 2400
24 1 383 1 590 1 702 1 803 1 853 1 1041 1 1189 1 1417 1 1537 1 2400 2400
25 1 384 1 591 1 703 1 804 1 854 1 1042 1 1190 1 1418 1 1538 1 2400 2400
26 1 385 1 592 1 704 1 805 1 855 1 1043 1 1191 1 1419 1 1539 1 2400 2400
27 1 386 1 593 1 705 1 806 1 856 1 1044 1 1192 1 1420 1 1540 1 2400 2400
28 1 387 1 594 1 706 1 807 1 857 1 1045 1 1193 1 1421 1 1541 1 2400 2400
29 1 388 1 595 1 707 1 808 1 858 1 1046 1 1194 1 1422 1 1542 1 2400 2400
30 1 389 1 596 1 708 1 809 1 859 1 1047 1 1195 1 1423 1 1543 1 2400 2400
31 1 390 1 597 1 709 1 810 1 860 1 1048 1 1196 1 1424 1 1544 1 2400 2400
32 1 391 1 598 1 710 1 811 1 861 1 1049 1 1197 1 1425 1 1545 1 2400 2400
33 1 392 1 599 1 711 1 812 1 862 1 1050 1 1198 1 1426 1 1546 1 2400 2400
34 1 393 1 480 1 712 1 813 1 863 1 1051 1 1199 1 1427 1 1547 1 2400 2400
35 1 394 1 481 1 713 1 814 1 864 1 1052 1 1080 1 1428 1 1548 1 2400 2400
36 1 395 1 482 1 714 1 815 1 865 1 1053 1 1081 1 1429 1 1549 1 2400 2400
37 1 396 1 483 1 715 1 816 1 866 1 1054 1 1082 1 1430 1 1550 1 2400 2400
38 1 397 1 484 1 716 1 817 1 867 1 1055 1 1083 1 1431 1 1551 1 2400 2400
39 1 398 1 485 1 717 1 818 1 868 1 1056 1 1084 1 1432 1 1552 1 2400 2400
40 1 399 1 486 1 718 1 819 1 869 1 1057 1 1085 1 1433 1 1553 1 2400 2400
41 1 400 1 487 1 719 1 820 1 870 1 1058 1 1086 1 1434 1 1554 1 2400 2400
42 1 401 1 488 1 600 1 821 1 871 1 1059 1 1087 1 1435 1 1555 1 2400 2400
43 1 402 1 489 1 601 1 822 1 872 1 1060 1 1088 1 1436 1 1556 1 2400 2400
44 1 403 1 490 1 602 1 823 1 873 1 1061 1 1089 1 1437 1 1557 1 2400 2400
45 1 404 1 491 1 603 1 824 1 874 1 1062 1 1090 1 1438 1 1558 1 2400 2400
46 1 405 1 492 1 604 1 825 1 875 1 1063 1 1091 1 1439 1 1559 1 2400 2400
81 1 234 1 404 1 532 1 960 1 1201 1 1440 1 1560 1 2400 2400
82 1 235 1 405 1 533 1 961 1 1202 1 1441 1 1561 1 2400 2400
83 1 236 1 406 1 534 1 962 1 1203 1 1442 1 1562 1 2400 2400
84 1 237 1 407 1 535 1 963 1 1204 1 1443 1 1563 1 2400 2400
85 1 238 1 408 1 536 1 964 1 1205 1 1444 1 1564 1 2400 2400
86 1 239 1 409 1 537 1 965 1 1206 1 1445 1 1565 1 2400 2400
87 1 120 1 410 1 538 1 966 1 1207 1 1446 1 1566 1 2400 2400
88 1 121 1 411 1 539 1 967 1 1208 1 1447 1 1567 1 2400 2400
89 1 122 1 412 1 540 1 968 1 1209 1 1448 1 1568 1 2400 2400
90 1 123 1 413 1 541 1 969 1 1210 1 1449 1 1569 1 2400 2400
91 1 124 1 414 1 542 1 970 1 1211 1 1450 1 1570 1 2400 2400
92 1 125 1 415 1 543 1 971 1 1212 1 1451 1 1571 1 2400 2400
93 1 126 1 416 1 544 1 972 1 1213 1 1452 1 1572 1 2400 2400
94 1 127 1 417 1 545 1 973 1 1214 1 1453 1 1573 1 2400 2400
95 1 128 1 418 1 546 1 974 1 1215 1 1454 1 1574 1 2400 2400
96 1 129 1 419 1 547 1 975 1 1216 1 1455 1 1575 1 2400 2400
97 1 130 1 420 1 548 1 976 1 1217 1 1456 1 1576 1 2400 2400
98 1 131 1 421 1 549 1 977 1 1218 1 1457 1 1577 1 2400 2400
99 1 132 1 422 1 550 1 978 1 1219 1 1458 1 1578 1 2400 2400
100 1 133 1 423 1 551 1 979 1 1220 1 1459 1 1579 1 2400 2400
101 1 134 1 424 1 552 1 980 1 1221 1 1460 1 1580 1 2400 2400
102 1 135 1 425 1 553 1 981 1 1222 1 1461 1 1581 1 2400 2400
103 1 136 1 426 1 554 1 982 1 1223 1 1462 1 1582 1 2400 2400
104 1 137 1 427 1 555 1 983 1 1224 1 1463 1 1583 1 2400 2400
105 1 138 1 428 1 556 1 984 1 1225 1 1464 1 1584 1 2400 2400
106 1 139 1 429 1 557 1 985 1 1226 1 1465 1 1585 1 2400 2400
107 1 140 1 430 1 558 1 986 1 1227 1 1466 1 1586 1 2400 2400
108 1 141 1 431 1 559 1 987 1 1228 1 1467 1 1587 1 2400 2400
109 1 142 1 432 1 560 1 988 1 1229 1 1468 1 1588 1 2400 2400
110 1 143 1 433 1 561 1 989 1 1230 1 1469 1 1589 1 2400 2400
111 1 144 1 434 1 562 1 990 1 1231 1 1470 1 1590 1 2400 2400
112 1 145 1 435 1 563 1 991 1 1232 1 1471 1 1591 1 2400 2400
113 1 146 1 436 1 564 1 992 1 1233 1 1472 1 1592 1 2400 2400
114 1 147 1 437 1 565 1 993 1 1234 1 1473 1 1593 1 2400 2400
115 1 148 1 438 1 566 1 994 1 1235 1 1474 1 1594 1 2400 2400
116 1 149 1 439 1 567 1 995 1 1236 1 1475 1 1595 1 2400 2400
117 1 150 1 440 1 568 1 996 1 1237 1 1476 1 1596 1 2400 2400
118 1 151 1 441 1 569 1 997 1 1238 1 1477 1 1597 1 2400 2400
119 1 152 1 442 1 570 1 998 1 1239 1 1478 1 1598 1 2400 2400
0 1 153 1 443 1 571 1 999 1 1240 1 1479 1 1599 1 2400 2400
1 1 154 1 444 1 572 1 1000 1 1241 1 1480 1 1600 1 2400 2400
2 1 155 1 445 1 573 1 1001 1 1242 1 1481 1 1601 1 2400 2400
3 1 156 1 446 1 574 1 1002 1 1243 1 1482 1 1602 1 2400 2400
4 1 157 1 447 1 575 1 1003 1 1244 1 1483 1 1603 1 2400 2400
5 1 158 1 448 1 576 1 1004 1 1245 1 1484 1 1604 1 2400 2400
6 1 159 1 449 1 577 1 1005 1 1246 1 1485 1 1605 1 2400 2400
7 1 160 1 450 1 578 1 1006 1 1247 1 1486 1 1606 1 2400 2400
8 1 161 1 451 1 579 1 1007 1 1248 1 1487 1 1607 1 2400 2400
9 1 162 1 452 1 580 1 1008 1 1249 1 1488 1 1608 1 2400 2400
10 1 163 1 453 1 581 1 1009 1 1250 1 1489 1 1609 1 2400 2400
11 1 164 1 454 1 582 1 1010 1 1251 1 1490 1 1610 1 2400 2400
12 1 165 1 455 1 583 1 1011 1 1252 1 1491 1 1611 1 2400 2400
13 1 166 1 456 1 584 1 1012 1 1253 1 1492 1 1612 1 2400 2400
14 1 167 1 457 1 585 1 1013 1 1254 1 1493 1 1613 1 2400 2400
15 1 168 1 458 1 586 1 1014 1 1255 1 1494 1 1614 1 2400 2400
16 1 169 1 459 1 587 1 1015 1 1256 1 1495 1 1615 1 2400 2400
17 1 170 1 460 1 588 1 1016 1 1257 1 1496 1 1616 1 2400 2400
18 1 171 1 461 1 589 1 1017 1 1258 1 1497 1 1617 1 2400 2400
19 1 172 1 462 1 590 1 1018 1 1259 1 1498 1 1618 1 2400 2400
20 1 173 1 463 1 591 1 1019 1 1260 1 1499 1 1619 1 2400 2400
21 1 174 1 464 1 592 1 1020 1 1261 1 1500 1 1620 1 2400 2400
22 1 175 1 465 1 593 1 1021 1 1262 1 1501 1 1621 1 2400 2400
23 1 176 1 466 1 594 1 1022 1 1263 1 1502 1 1622 1 2400 2400
24 1 177 1 467 1 595 1 1023 1 1264 1 1503 1 1623 1 2400 2400
25 1 178 1 468 1 596 1 1024 1 1265 1 1504 1 1624 1 2400 2400
26 1 179 1 469 1 597 1 1025 1 1266 1 1505 1 1625 1 2400 2400
27 1 180 1 470 1 598 1 1026 1 1267 1 1506 1 1626 1 2400 2400
28 1 181 1 471 1 599 1 1027 1 1268 1 1507 1 1627 1 2400 2400
29 1 182 1 472 1 480 1 1028 1 1269 1 1508 1 1628 1 2400 2400
30 1 183 1 473 1 481 1 1029 1 1270 1 1509 1 1629 1 2400 2400
31 1 184 1 474 1 482 1 1030 1 1271 1 1510 1 1630 1 2400 2400
32 1 185 1 475 1 483 1 1031 1 1272 1 1511 1 1631 1 2400 2400
33 1 186 1 476 1 484 1 1032 1 1273 1 1512 1 1632 1 2400 2400
34 1 187 1 477 1 485 1 1033 1 1274 1 1513 1 1633 1 2400 2400
35 1 188 1 478 1 486 1 1034 1 1275 1 1514 1 1634 1 2400 2400
36 1 189 1 479 1 487 1 1035 1 1276 1 1515 1 1635 1 2400 2400
37 1 190 1 360 1 488 1 1036 1 1277 1 1516 1 1636 1 2400 2400
38 1 191 1 361 1 489 1 1037 1 1278 1 1517 1 1637 1 2400 2400
39 1 192 1 362 1 490 1 1038 1 1279 1 1518 1 1638 1 2400 2400
40 1 193 1 363 1 491 1 1039 1 1280 1 1519 1 1639 1 2400 2400
41 1 194 1 364 1 492 1 1040 1 1281 1 1520 1 1640 1 2400 2400
42 1 195 1 365 1 493 1 1041 1 1282 1 1521 1 1641 1 2400 2400
43 1 196 1 366 1 494 1 1042 1 1283 1 1522 1 1642 1 2400 2400
44 1 197 1 367 1 495 1 1043 1 1284 1 1523 1 1643 1 2400 2400
45 1 198 1 368 1 496 1 1044 1 1285 1 1524 1 1644 1 2400 2400
46 1 199 1 369 1 497 1 1045 1 1286 1 1525 1 1645 1 2400 2400
47 1 200 1 370 1 498 1 1046 1 1287 1 1526 1 1646 1 2400 2400
48 1 201 1 371 1 499 1 1047 1 1288 1 1527 1 1647 1 2400 2400
49 1 202 1 372 1 500 1 1048 1 1289 1 1528 1 1648 1 2400 2400
50 1 203 1 373 1 501 1 1049 1 1290 1 1529 1 1649 1 2400 2400
51 1 204 1 374 1 502 1 1050 1 1291 1 1530 1 1650 1 2400 2400
52 1 205 1 375 1 503 1 1051 1 1292 1 1531 1 1651 1 2400 2400
53 1 206 1 376 1 504 1 1052 1 1293 1 1532 1 1652 1 2400 2400
54 1 207 1 377 1 505 1 1053 1 1294 1 1533 1 1653 1 2400 2400
55 1 208 1 378 1 506 1 1054 1 1295 1 1534 1 1654 1 2400 2400
56 1 209 1 379 1 507 1 1055 1 1296 1 1535 1 1655 1 2400 2400
57 1 210 1 380 1 508 1 1056 1 1297 1 1536 1 1656 1 2400 2400
58 1 211 1 381 1 509 1 1057 1 1298 1 1537 1 1657 1 2400 2400
59 1 212 1 382 1 510 1 1058 1 1299 1 1538 1 1658 1 2400 2400
60 1 213 1 383 1 511 1 1059 1 1300 1 1539 1 1659 1 2400 2400
61 1 214 1 384 1 512 1 1060 1 1301 1 1540 1 1660 1 2400 2400
62 1 215 1 385 1 513 1 1061 1 1302 1 1541 1 1661 1 2400 2400
63 1 216 1 386 1 514 1 1062 1 1303 1 1542 1 1662 1 2400 2400
64 1 217 1 387 1 515 1 1063 1 1304 1 1543 1 1663 1 2400 2400
65 1 218 1 388 1 516 1 1064 1 1305 1 1544 1 1664 1 2400 2400
66 1 219 1 389 1 517 1 1065 1 1306 1 1545 1 1665 1 2400 2400
67 1 220 1 390 1 518 1 1066 1 1307 1 1546 1 1666 1 2400 2400
68 1 221 1 391 1 519 1 1067 1 1308 1 1547 1 1667 1 2400 2400
69 1 222 1 392 1 520 1 1068 1 1309 1 1548 1 1668 1 2400 2400
70 1 223 1 393 1 521 1 1069 1 1310 1 1549 1 1669 1 2400 2400
71 1 224 1 394 1 522 1 1070 1 1311 1 1550 1 1670 1 2400 2400
72 1 225 1 395 1 523 1 1071 1 1312 1 1551 1 1671 1 2400 2400
73 1 226 1 396 1 524 1 1072 1 1313 1 1552 1 1672 1 2400 2400
74 1 227 1 397 1 525 1 1073 1 1314 1 1553 1 1673 1 2400 2400
75 1 228 1 398 1 526 1 1074 1 1315 1 1554 1 1674 1 2400 2400
76 1 229 1 399 1 527 1 1075 1 1316 1 1555 1 1675 1 2400 2400
77 1 230 1 400 1 528 1 1076 1 1317 1 1556 1 1676 1 2400 2400
78 1 231 1 401 1 529 1 1077 1 1318 1 1557 1 1677 1 2400 2400
79 1 232 1 402 1 530 1 1078 1 1319 1 1558 1 1678 1 2400 2400
80 1 233 1 403 1 531 1 1079 1 1200 1 1559 1 1679 1 2400 2400
128 1 298 1 518 1 704 1 809 1 894 1 978 1 1088 1 1200 1 1560 1 2400 2400
129 1 299 1 519 1 705 1 810 1 895 1 979 1 1089 1 1201 1 1561 1 2400 2400
130 1 300 1 520 1 706 1 811 1 896 1 980 1 1090 1 1202 1 1562 1 2400 2400
131 1 301 1 521 1 707 1 812 1 897 1 981 1 1091 1 1203 1 1563 1 2400 2400
132 1 302 1 522 1 708 1 813 1 898 1 982 1 1092 1 1204 1 1564 1 2400 2400
133 1 303 1 523 1 709 1 814 1 899 1 983 1 1093 1 1205 1 1565 1 2400 2400
134 1 304 1 524 1 710 1 815 1 900 1 984 1 1094 1 1206 1 1566 1 2400 2400
135 1 305 1 525 1 711 1 816 1 901 1 985 1 1095 1 1207 1 1567 1 2400 2400
136 1 306 1 526 1 712 1 817 1 902 1 986 1 1096 1 1208 1 1568 1 2400 2400
137 1 307 1 527 1 713 1 818 1 903 1 987 1 1097 1 1209 1 1569 1 2400 2400
138 1 308 1 528 1 714 1 819 1 904 1 988 1 1098 1 1210 1 1570 1 2400 2400
139 1 309 1 529 1 715 1 820 1 905 1 989 1 1099 1 1211 1 1571 1 2400 2400
140 1 310 1 530 1 716 1 821 1 906 1 990 1 1100 1 1212 1 1572 1 2400 2400
141 1 311 1 531 1 717 1 822 1 907 1 991 1 1101 1 1213 1 1573 1 2400 2400
142 1 312 1 532 1 718 1 823 1 908 1 992 1 1102 1 1214 1 1574 1 2400 2400
143 1 313 1 533 1 719 1 824 1 909 1 993 1 1103 1 1215 1 1575 1 2400 2400
144 1 314 1 534 1 600 1 825 1 910 1 994 1 1104 1 1216 1 1576 1 2400 2400
145 1 315 1 535 1 601 1 826 1 911 1 995 1 1105 1 1217 1 1577 1 2400 2400
146 1 316 1 536 1 602 1 827 1 912 1 996 1 1106 1 1218 1 1578 1 2400 2400
147 1 317 1 537 1 603 1 828 1 913 1 997 1 1107 1 1219 1 1579 1 2400 2400
148 1 318 1 538 1 604 1 829 1 914 1 998 1 1108 1 1220 1 1580 1 2400 2400
149 1 319 1 539 1 605 1 830 1 915 1 999 1 1109 1 1221 1 1581 1 2400 2400
150 1 320 1 540 1 606 1 831 1 916 1 1000 1 1110 1 1222 1 1582 1 2400 2400
151 1 321 1 541 1 607 1 832 1 917 1 1001 1 1111 1 1223 1 1583 1 2400 2400
152 1 322 1 542 1 608 1 833 1 918 1 1002 1 1112 1 1224 1 1584 1 2400 2400
153 1 323 1 543 1 609 1 834 1 919 1 1003 1 1113 1 1225 1 1585 1 2400 2400
154 1 324 1 544 1 610 1 835 1 920 1 1004 1 1114 1 1226 1 1586 1 2400 2400
155 1 325 1 545 1 611 1 836 1 921 1 1005 1 1115 1 1227 1 1587 1 2400 2400
156 1 326 1 546 1 612 1 837 1 922 1 1006 1 1116 1 1228 1 1588 1 2400 2400
157 1 327 1 547 1 613 1 838 1 923 1 1007 1 1117 1 1229 1 1589 1 2400 2400
158 1 328 1 548 1 614 1 839 1 924 1 1008 1 1118 1 1230 1 1590 1 2400 2400
159 1 329 1 549 1 615 1 720 1 925 1 1009 1 1119 1 1231 1 1591 1 2400 2400
160 1 330 1 550 1 616 1 721 1 926 1 1010 1 1120 1 1232 1 1592 1 2400 2400
161 1 331 1 551 1 617 1 722 1 927 1 1011 1 1121 1 1233 1 1593 1 2400 2400
162 1 332 1 552 1 618 1 723 1 928 1 1012 1 1122 1 1234 1 1594 1 2400 2400
163 1 333 1 553 1 619 1 724 1 929 1 1013 1 1123 1 1235 1 1595 1 2400 2400
164 1 334 1 554 1 620 1 725 1 930 1 1014 1 1124 1 1236 1 1596 1 2400 2400
165 1 335 1 555 1 621 1 726 1 931 1 1015 1 1125 1 1237 1 1597 1 2400 2400
166 1 336 1 556 1 622 1 727 1 932 1 1016 1 1126 1 1238 1 1598 1 2400 2400
167 1 337 1 557 1 623 1 728 1 933 1 1017 1 1127 1 1239 1 1599 1 2400 2400
168 1 338 1 558 1 624 1 729 1 934 1 1018 1 1128 1 1240 1 1600 1 2400 2400
169 1 339 1 559 1 625 1 730 1 935 1 1019 1 1129 1 1241 1 1601 1 2400 2400
170 1 340 1 560 1 626 1 731 1 936 1 1020 1 1130 1 1242 1 1602 1 2400 2400
171 1 341 1 561 1 627 1 732 1 937 1 1021 1 1131 1 1243 1 1603 1 2400 2400
172 1 342 1 562 1 628 1 733 1 938 1 1022 1 1132 1 1244 1 1604 1 2400 2400
173 1 343 1 563 1 629 1 734 1 939 1 1023 1 1133 1 1245 1 1605 1 2400 2400
174 1 344 1 564 1 630 1 735 1 940 1 1024 1 1134 1 1246 1 1606 1 2400 2400
175 1 345 1 565 1 631 1 736 1 941 1 1025 1 1135 1 1247 1 1607 1 2400 2400
176 1 346 1 566 1 632 1 737 1 942 1 1026 1 1136 1 1248 1 1608 1 2400 2400
177 1 347 1 567 1 633 1 738 1 943 1 1027 1 1137 1 1249 1 1609 1 2400 2400
178 1 348 1 568 1 634 1 739 1 944 1 1028 1 1138 1 1250 1 1610 1 2400 2400
179 1 349 1 569 1 635 1 740 1 945 1 1029 1 1139 1 1251 1 1611 1 2400 2400
180 1 350 1 570 1 636 1 741 1 946 1 1030 1 1140 1 1252 1 1612 1 2400 2400
181 1 351 1 571 1 637 1 742 1 947 1 1031 1 1141 1 1253 1 1613 1 2400 2400
182 1 352 1 572 1 638 1 743 1 948 1 1032 1 1142 1 1254 1 1614 1 2400 2400
183 1 353 1 573 1 639 1 744 1 949 1 1033 1 1143 1 1255 1 1615 1 2400 2400
184 1 354 1 574 1 640 1 745 1 950 1 1034 1 1144 1 1256 1 1616 1 2400 2400
185 1 355 1 575 1 641 1 746 1 951 1 1035 1 1145 1 1257 1 1617 1 2400 2400
186 1 356 1 576 1 642 1 747 1 952 1 1036 1 1146 1 1258 1 1618 1 2400 2400
187 1 357 1 577 1 643 1 748 1 953 1 1037 1 1147 1 1259 1 1619 1 2400 2400
188 1 358 1 578 1 644 1 749 1 954 1 1038 1 1148 1 1260 1 1620 1 2400 2400
189 1 359 1 579 1 645 1 750 1 955 1 1039 1 1149 1 1261 1 1621 1 2400 2400
190 1 240 1 580 1 646 1 751 1 956 1 1040 1 1150 1 1262 1 1622 1 2400 2400
191 1 241 1 581 1 647 1 752 1 957 1 1041 1 1151 1 1263 1 1623 1 2400 2400
192 1 242 1 582 1 648 1 753 1 958 1 1042 1 1152 1 1264 1 1624 1 2400 2400
193 1 243 1 583 1 649 1 754 1 959 1 1043 1 1153 1 1265 1 1625 1 2400 2400
194 1 244 1 584 1 650 1 755 1 840 1 1044 1 1154 1 1266 1 1626 1 2400 2400
195 1 245 1 585 1 651 1 756 1 841 1 1045 1 1155 1 1267 1 1627 1 2400 2400
196 1 246 1 586 1 652 1 757 1 842 1 1046 1 1156 1 1268 1 1628 1 2400 2400
197 1 247 1 587 1 653 1 758 1 843 1 1047 1 1157 1 1269 1 1629 1 2400 2400
198 1 248 1 588 1 654 1 759 1 844 1 1048 1 1158 1 1270 1 1630 1 2400 2400
199 1 249 1 589 1 655 1 760 1 845 1 1049 1 1159 1 1271 1 1631 1 2400 2400
200 1 250 1 590 1 656 1 761 1 846 1 1050 1 1160 1 1272 1 1632 1 2400 2400
201 1 251 1 591 1 657 1 762 1 847 1 1051 1 1161 1 1273 1 1633 1 2400 2400
202 1 252 1 592 1 658 1 763 1 848 1 1052 1 1162 1 1274 1 1634 1 2400 2400
203 1 253 1 593 1 659 1 764 1 849 1 1053 1 1163 1 1275 1 1635 1 2400 2400
204 1 254 1 594 1 660 1 765 1 850 1 1054 1 1164 1 1276 1 1636 1 2400 2400
205 1 255 1 595 1 661 1 766 1 851 1 1055 1 1165 1 1277 1 1637 1 2400 2400
206 1 256 1 596 1 662 1 767 1 852 1 1056 1 1166 1 1278 1 1638 1 2400 2400
207 1 257 1 597 1 663 1 768 1 853 1 1057 1 1167 1 1279 1 1639 1 2400 2400
208 1 258 1 598 1 664 1 769 1 854 1 1058 1 1168 1 1280 1 1640 1 2400 2400
209 1 259 1 599 1 665 1 770 1 855 1 1059 1 1169 1 1281 1 1641 1 2400 2400
210 1 260 1 480 1 666 1 771 1 856 1 1060 1 1170 1 1282 1 1642 1 2400 2400
211 1 261 1 481 1 667 1 772 1 857 1 1061 1 1171 1 1283 1 1643 1 2400 2400
212 1 262 1 482 1 668 1 773 1 858 1 1062 1 1172 1 1284 1 1644 1 2400 2400
213 1 263 1 483 1 669 1 774 1 859 1 1063 1 1173 1 1285 1 1645 1 2400 2400
214 1 264 1 484 1 670 1 775 1 860 1 1064 1 1174 1 1286 1 1646 1 2400 2400
215 1 265 1 485 1 671 1 776 1 861 1 1065 1 1175 1 1287 1 1647 1 2400 2400
216 1 266 1 486 1 672 1 777 1 862 1 1066 1 1176 1 1288 1 1648 1 2400 2400
217 1 267 1 487 1 673 1 778 1 863 1 1067 1 1177 1 1289 1 1649 1 2400 2400
218 1 268 1 488 1 674 1 779 1 864 1 1068 1 1178 1 1290 1 1650 1 2400 2400
219 1 269 1 489 1 675 1 780 1 865 1 1069 1 1179 1 1291 1 1651 1 2400 2400
220 1 270 1 490 1 676 1 781 1 866 1 1070 1 1180 1 1292 1 1652 1 2400 2400
221 1 271 1 491 1 677 1 782 1 867 1 1071 1 1181 1 1293 1 1653 1 2400 2400
222 1 272 1 492 1 678 1 783 1 868 1 1072 1 1182 1 1294 1 1654 1 2400 2400
223 1 273 1 493 1 679 1 784 1 869 1 1073 1 1183 1 1295 1 1655 1 2400 2400
224 1 274 1 494 1 680 1 785 1 870 1 1074 1 1184 1 1296 1 1656 1 2400 2400
225 1 275 1 495 1 681 1 786 1 871 1 1075 1 1185 1 1297 1 1657 1 2400 2400
226 1 276 1 496 1 682 1 787 1 872 1 1076 1 1186 1 1298 1 1658 1 2400 2400
227 1 277 1 497 1 683 1 788 1 873 1 1077 1 1187 1 1299 1 1659 1 2400 2400
228 1 278 1 498 1 684 1 789 1 874 1 1078 1 1188 1 1300 1 1660 1 2400 2400
229 1 279 1 499 1 685 1 790 1 875 1 1079 1 1189 1 1301 1 1661 1 2400 2400
230 1 280 1 500 1 686 1 791 1 876 1 960 1 1190 1 1302 1 1662 1 2400 2400
231 1 281 1 501 1 687 1 792 1 877 1 961 1 1191 1 1303 1 1663 1 2400 2400
232 1 282 1 502 1 688 1 793 1 878 1 962 1 1192 1 1304 1 1664 1 2400 2400
233 1 283 1 503 1 689 1 794 1 879 1 963 1 1193 1 1305 1 1665 1 2400 2400
234 1 284 1 504 1 690 1 795 1 880 1 964 1 1194 1 1306 1 1666 1 2400 2400
235 1 285 1 505 1 691 1 796 1 881 1 965 1 1195 1 1307 1 1667 1 2400 2400
236 1 286 1 506 1 692 1 797 1 882 1 966 1 1196 1 1308 1 1668 1 2400 2400
237 1 287 1 507 1 693 1 798 1 883 1 967 1 1197 1 1309 1 1669 1 2400 2400
238 1 288 1 508 1 694 1 799 1 884 1 968 1 1198 1 1310 1 1670 1 2400 2400
239 1 289 1 509 1 695 1 800 1 885 1 969 1 1199 1 1311 1 1671 1 2400 2400
120 1 290 1 510 1 696 1 801 1 886 1 970 1 1080 1 1312 1 1672 1 2400 2400
121 1 291 1 511 1 697 1 802 1 887 1 971 1 1081 1 1313 1 1673 1 2400 2400
122 1 292 1 512 1 698 1 803 1 888 1 972 1 1082 1 1314 1 1674 1 2400 2400
123 1 293 1 513 1 699 1 804 1 889 1 973 1 1083 1 1315 1 1675 1 2400 2400
124 1 294 1 514 1 700 1 805 1 890 1 974 1 1084 1 1316 1 1676 1 2400 2400
125 1 295 1 515 1 701 1 806 1 891 1 975 1 1085 1 1317 1 1677 1 2400 2400
126 1 296 1 516 1 702 1 807 1 892 1 976 1 1086 1 1318 1 1678 1 2400 2400
127 1 297 1 517 1 703 1 808 1 893 1 977 1 1087 1 1319 1 1679 1 2400 2400
59 1 214 1 1391 1 1680 1 2400 2400
60 1 215 1 1392 1 1681 1 2400 2400
61 1 216 1 1393 1 1682 1 2400 2400
62 1 217 1 1394 1 1683 1 2400 2400
63 1 218 1 1395 1 1684 1 2400 2400
64 1 219 1 1396 1 1685 1 2400 2400
65 1 220 1 1397 1 1686 1 2400 2400
66 1 221 1 1398 1 1687 1 2400 2400
67 1 222 1 1399 1 1688 1 2400 2400
68 1 223 1 1400 1 1689 1 2400 2400
69 1 224 1 1401 1 1690 1 2400 2400
70 1 225 1 1402 1 1691 1 2400 2400
71 1 226 1 1403 1 1692 1 2400 2400
72 1 227 1 1404 1 1693 1 2400 2400
73 1 228 1 1405 1 1694 1 2400 2400
74 1 229 1 1406 1 1695 1 2400 2400
75 1 230 1 1407 1 1696 1 2400 2400
76 1 231 1 1408 1 1697 1 2400 2400
77 1 232 1 1409 1 1698 1 2400 2400
78 1 233 1 1410 1 1699 1 2400 2400
79 1 234 1 1411 1 1700 1 2400 2400
80 1 235 1 1412 1 1701 1 2400 2400
81 1 236 1 1413 1 1702 1 2400 2400
82 1 237 1 1414 1 1703 1 2400 2400
83 1 238 1 1415 1 1704 1 2400 2400
84 1 239 1 1416 1 1705 1 2400 2400
85 1 120 1 1417 1 1706 1 2400 2400
86 1 121 1 1418 1 1707 1 2400 2400
87 1 122 1 1419 1 1708 1 2400 2400
88 1 123 1 1420 1 1709 1 2400 2400
89 1 124 1 1421 1 1710 1 2400 2400
90 1 125 1 1422 1 1711 1 2400 2400
91 1 126 1 1423 1 1712 1 2400 2400
92 1 127 1 1424 1 1713 1 2400 2400
93 1 128 1 1425 1 1714 1 2400 2400
94 1 129 1 1426 1 1715 1 2400 2400
95 1 130 1 1427 1 1716 1 2400 2400
96 1 131 1 1428 1 1717 1 2400 2400
97 1 132 1 1429 1 1718 1 2400 2400
98 1 133 1 1430 1 1719 1 2400 2400
99 1 134 1 1431 1 1720 1 2400 2400
100 1 135 1 1432 1 1721 1 2400 2400
101 1 136 1 1433 1 1722 1 2400 2400
102 1 137 1 1434 1 1723 1 2400 2400
103 1 138 1 1435 1 1724 1 2400 2400
104 1 139 1 1436 1 1725 1 2400 2400
105 1 140 1 1437 1 1726 1 2400 2400
106 1 141 1 1438 1 1727 1 2400 2400
107 1 142 1 1439 1 1728 1 2400 2400
108 1 143 1 1320 1 1729 1 2400 2400
109 1 144 1 1321 1 1730 1 2400 2400
110 1 145 1 1322 1 1731 1 2400 2400
111 1 146 1 1323 1 1732 1 2400 2400
112 1 147 1 1324 1 1733 1 2400 2400
113 1 148 1 1325 1 1734 1 2400 2400
114 1 149 1 1326 1 1735 1 2400 2400
115 1 150 1 1327 1 1736 1 2400 2400
116 1 151 1 1328 1 1737 1 2400 2400
117 1 152 1 1329 1 1738 1 2400 2400
118 1 153 1 1330 1 1739 1 2400 2400
119 1 154 1 1331 1 1740 1 2400 2400
0 1 155 1 1332 1 1741 1 2400 2400
1 1 156 1 1333 1 1742 1 2400 2400
2 1 157 1 1334 1 1743 1 2400 2400
3 1 158 1 1335 1 1744 1 2400 2400
4 1 159 1 1336 1 1745 1 2400 2400
5 1 160 1 1337 1 1746 1 2400 2400
6 1 161 1 1338 1 1747 1 2400 2400
7 1 162 1 1339 1 1748 1 2400 2400
8 1 163 1 1340 1 1749 1 2400 2400
9 1 164 1 1341 1 1750 1 2400 2400
10 1 165 1 1342 1 1751 1 2400 2400
11 1 166 1 1343 1 1752 1 2400 2400
12 1 167 1 1344 1 1753 1 2400 2400
13 1 168 1 1345 1 1754 1 2400 2400
14 1 169 1 1346 1 1755 1 2400 2400
15 1 170 1 1347 1 1756 1 2400 2400
16 1 171 1 1348 1 1757 1 2400 2400
17 1 172 1 1349 1 1758 1 2400 2400
18 1 173 1 1350 1 1759 1 2400 2400
19 1 174 1 1351 1 1760 1 2400 2400
20 1 175 1 1352 1 1761 1 2400 2400
21 1 176 1 1353 1 1762 1 2400 2400
22 1 177 1 1354 1 1763 1 2400 2400
23 1 178 1 1355 1 1764 1 2400 2400
24 1 179 1 1356 1 1765 1 2400 2400
25 1 180 1 1357 1 1766 1 2400 2400
26 1 181 1 1358 1 1767 1 2400 2400
27 1 182 1 1359 1 1768 1 2400 2400
28 1 183 1 1360 1 1769 1 2400 2400
29 1 184 1 1361 1 1770 1 2400 2400
30 1 185 1 1362 1 1771 1 2400 2400
31 1 186 1 1363 1 1772 1 2400 2400
32 1 187 1 1364 1 1773 1 2400 2400
33 1 188 1 1365 1 1774 1 2400 2400
34 1 189 1 1366 1 1775 1 2400 2400
35 1 190 1 1367 1 1776 1 2400 2400
36 1 191 1 1368 1 1777 1 2400 2400
37 1 192 1 1369 1 1778 1 2400 2400
38 1 193 1 1370 1 1779 1 2400 2400
39 1 194 1 1371 1 1780 1 2400 2400
40 1 195 1 1372 1 1781 1 2400 2400
41 1 196 1 1373 1 1782 1 2400 2400
42 1 197 1 1374 1 1783 1 2400 2400
43 1 198 1 1375 1 1784 1 2400 2400
44 1 199 1 1376 1 1785 1 2400 2400
45 1 200 1 1377 1 1786 1 2400 2400
46 1 201 1 1378 1 1787 1 2400 2400
47 1 202 1 1379 1 1788 1 2400 2400
48 1 203 1 1380 1 1789 1 2400 2400
49 1 204 1 1381 1 1790 1 2400 2400
50 1 205 1 1382 1 1791 1 2400 2400
51 1 206 1 1383 1 1792 1 2400 2400
52 1 207 1 1384 1 1793 1 2400 2400
53 1 208 1 1385 1 1794 1 2400 2400
54 1 209 1 1386 1 1795 1 2400 2400
55 1 210 1 1387 1 1796 1 2400 2400
56 1 211 1 1388 1 1797 1 2400 2400
57 1 212 1 1389 1 1798 1 2400 2400
58 1 213 1 1390 1 1799 1 2400 2400
111 1 161 1 674 1 879 1 1423 1 1800 1 2400 2400
112 1 162 1 675 1 880 1 1424 1 1801 1 2400 2400
113 1 163 1 676 1 881 1 1425 1 1802 1 2400 2400
114 1 164 1 677 1 882 1 1426 1 1803 1 2400 2400
115 1 165 1 678 1 883 1 1427 1 1804 1 2400 2400
116 1 166 1 679 1 884 1 1428 1 1805 1 2400 2400
117 1 167 1 680 1 885 1 1429 1 1806 1 2400 2400
118 1 168 1 681 1 886 1 1430 1 1807 1 2400 2400
119 1 169 1 682 1 887 1 1431 1 1808 1 2400 2400
0 1 170 1 683 1 888 1 1432 1 1809 1 2400 2400
1 1 171 1 684 1 889 1 1433 1 1810 1 2400 2400
2 1 172 1 685 1 890 1 1434 1 1811 1 2400 2400
3 1 173 1 686 1 891 1 1435 1 1812 1 2400 2400
4 1 174 1 687 1 892 1 1436 1 1813 1 2400 2400
5 1 175 1 688 1 893 1 1437 1 1814 1 2400 2400
6 1 176 1 689 1 894 1 1438 1 1815 1 2400 2400
7 1 177 1 690 1 895 1 1439 1 1816 1 2400 2400
8 1 178 1 691 1 896 1 1320 1 1817 1 2400 2400
9 1 179 1 692 1 897 1 1321 1 1818 1 2400 2400
10 1 180 1 693 1 898 1 1322 1 1819 1 2400 2400
11 1 181 1 694 1 899 1 1323 1 1820 1 2400 2400
12 1 182 1 695 1 900 1 1324 1 1821 1 2400 2400
13 1 183 1 696 1 901 1 1325 1 1822 1 2400 2400
14 1 184 1 697 1 902 1 1326 1 1823 1 2400 2400
15 1 185 1 698 1 903 1 1327 1 1824 1 2400 2400
16 1 186 1 699 1 904 1 1328 1 1825 1 2400 2400
17 1 187 1 700 1 905 1 1329 1 1826 1 2400 2400
18 1 188 1 701 1 906 1 1330 1 1827 1 2400 2400
19 1 189 1 702 1 907 1 1331 1 1828 1 2400 2400
20 1 190 1 703 1 908 1 1332 1 1829 1 2400 2400
21 1 191 1 704 1 909 1 1333 1 1830 1 2400 2400
22 1 192 1 705 1 910 1 1334 1 1831 1 2400 2400
23 1 193 1 706 1 911 1 1335 1 1832 1 2400 2400
24 1 194 1 707 1 912 1 1336 1 1833 1 2400 2400
25 1 195 1 708 1 913 1 1337 1 1834 1 2400 2400
26 1 196 1 709 1 914 1 1338 1 1835 1 2400 2400
27 1 197 1 710 1 915 1 1339 1 1836 1 2400 2400
28 1 198 1 711 1 916 1 1340 1 1837 1 2400 2400
29 1 199 1 712 1 917 1 1341 1 1838 1 2400 2400
30 1 200 1 713 1 918 1 1342 1 1839 1 2400 2400
31 1 201 1 714 1 919 1 1343 1 1840 1 2400 2400
32 1 202 1 715 1 920 1 1344 1 1841 1 2400 2400
33 1 203 1 716 1 921 1 1345 1 1842 1 2400 2400
34 1 204 1 717 1 922 1 1346 1 1843 1 2400 2400
35 1 205 1 718 1 923 1 1347 1 1844 1 2400 2400
36 1 206 1 719 1 924 1 1348 1 1845 1 2400 2400
37 1 207 1 600 1 925 1 1349 1 1846 1 2400 2400
38 1 208 1 601 1 926 1 1350 1 1847 1 2400 2400
39 1 209 1 602 1 927 1 1351 1 1848 1 2400 2400
40 1 210 1 603 1 928 1 1352 1 1849 1 2400 2400
41 1 211 1 604 1 929 1 1353 1 1850 1 2400 2400
42 1 212 1 605 1 930 1 1354 1 1851 1 2400 2400
43 1 213 1 606 1 931 1 1355 1 1852 1 2400 2400
44 1 214 1 607 1 932 1 1356 1 1853 1 2400 2400
45 1 215 1 608 1 933 1 1357 1 1854 1 2400 2400
46 1 216 1 609 1 934 1 1358 1 1855 1 2400 2400
47 1 217 1 610 1 935 1 1359 1 1856 1 2400 2400
48 1 218 1 611 1 936 1 1360 1 1857 1 2400 2400
49 1 219 1 612 1 937 1 1361 1 1858 1 2400 2400
50 1 220 1 613 1 938 1 1362 1 1859 1 2400 2400
51 1 221 1 614 1 939 1 1363 1 1860 1 2400 2400
52 1 222 1 615 1 940 1 1364 1 1861 1 2400 2400
53 1 223 1 616 1 941 1 1365 1 1862 1 2400 2400
54 1 224 1 617 1 942 1 1366 1 1863 1 2400 2400
55 1 225 1 618 1 943 1 1367 1 1864 1 2400 2400
56 1 226 1 619 1 944 1 1368 1 1865 1 2400 2400
57 1 227 1 620 1 945 1 1369 1 1866 1 2400 2400
58 1 228 1 621 1 946 1 1370 1 1867 1 2400 2400
59 1 229 1 622 1 947 1 1371 1 1868 1 2400 2400
60 1 230 1 623 1 948 1 1372 1 1869 1 2400 2400
61 1 231 1 624 1 949 1 1373 1 1870 1 2400 2400
62 1 232 1 625 1 950 1 1374 1 1871 1 2400 2400
63 1 233 1 626 1 951 1 1375 1 1872 1 2400 2400
64 1 234 1 627 1 952 1 1376 1 1873 1 2400 2400
65 1 235 1 628 1 953 1 1377 1 1874 1 2400 2400
66 1 236 1 629 1 954 1 1378 1 1875 1 2400 2400
67 1 237 1 630 1 955 1 1379 1 1876 1 2400 2400
68 1 238 1 631 1 956 1 1380 1 1877 1 2400 2400
69 1 239 1 632 1 957 1 1381 1 1878 1 2400 2400
70 1 120 1 633 1 958 1 1382 1 1879 1 2400 2400
71 1 121 1 634 1 959 1 1383 1 1880 1 2400 2400
72 1 122 1 635 1 840 1 1384 1 1881 1 2400 2400
73 1 123 1 636 1 841 1 1385 1 1882 1 2400 2400
74 1 124 1 637 1 842 1 1386 1 1883 1 2400 2400
75 1 125 1 638 1 843 1 1387 1 1884 1 2400 2400
76 1 126 1 639 1 844 1 1388 1 1885 1 2400 2400
77 1 127 1 640 1 845 1 1389 1 1886 1 2400 2400
78 1 128 1 641 1 846 1 1390 1 1887 1 2400 2400
79 1 129 1 642 1 847 1 1391 1 1888 1 2400 2400
80 1 130 1 643 1 848 1 1392 1 1889 1 2400 2400
81 1 131 1 644 1 849 1 1393 1 1890 1 2400 2400
82 1 132 1 645 1 850 1 1394 1 1891 1 2400 2400
83 1 133 1 646 1 851 1 1395 1 1892 1 2400 2400
84 1 134 1 647 1 852 1 1396 1 1893 1 2400 2400
85 1 135 1 648 1 853 1 1397 1 1894 1 2400 2400
86 1 136 1 649 1 854 1 1398 1 1895 1 2400 2400
87 1 137 1 650 1 855 1 1399 1 1896 1 2400 2400
88 1 138 1 651 1 856 1 1400 1 1897 1 2400 2400
89 1 139 1 652 1 857 1 1401 1 1898 1 2400 2400
90 1 140 1 653 1 858 1 1402 1 1899 1 2400 2400
91 1 141 1 654 1 859 1 1403 1 1900 1 2400 2400
92 1 142 1 655 1 860 1 1404 1 1901 1 2400 2400
93 1 143 1 656 1 861 1 1405 1 1902 1 2400 2400
94 1 144 1 657 1 862 1 1406 1 1903 1 2400 2400
95 1 145 1 658 1 863 1 1407 1 1904 1 2400 2400
96 1 146 1 659 1 864 1 1408 1 1905 1 2400 2400
97 1 147 1 660 1 865 1 1409 1 1906 1 2400 2400
98 1 148 1 661 1 866 1 1410 1 1907 1 2400 2400
99 1 149 1 662 1 867 1 1411 1 1908 1 2400 2400
100 1 150 1 663 1 868 1 1412 1 1909 1 2400 2400
101 1 151 1 664 1 869 1 1413 1 1910 1 2400 2400
102 1 152 1 665 1 870 1 1414 1 1911 1 2400 2400
103 1 153 1 666 1 871 1 1415 1 1912 1 2400 2400
104 1 154 1 667 1 872 1 1416 1 1913 1 2400 2400
105 1 155 1 668 1 873 1 1417 1 1914 1 2400 2400
106 1 156 1 669 1 874 1 1418 1 1915 1 2400 2400
107 1 157 1 670 1 875 1 1419 1 1916 1 2400 2400
108 1 158 1 671 1 876 1 1420 1 1917 1 2400 2400
109 1 159 1 672 1 877 1 1421 1 1918 1 2400 2400
110 1 160 1 673 1 878 1 1422 1 1919 1 2400 2400
35 1 708 1 885 1 1108 1 1358 1 1920 1 2400 2400
36 1 709 1 886 1 1109 1 1359 1 1921 1 2400 2400
37 1 710 1 887 1 1110 1 1360 1 1922 1 2400 2400
38 1 711 1 888 1 1111 1 1361 1 1923 1 2400 2400
39 1 712 1 889 1 1112 1 1362 1 1924 1 2400 2400
40 1 713 1 890 1 1113 1 1363 1 1925 1 2400 2400
41 1 714 1 891 1 1114 1 1364 1 1926 1 2400 2400
42 1 715 1 892 1 1115 1 1365 1 1927 1 2400 2400
43 1 716 1 893 1 1116 1 1366 1 1928 1 2400 2400
44 1 717 1 894 1 1117 1 1367 1 1929 1 2400 2400
45 1 718 1 895 1 1118 1 1368 1 1930 1 2400 2400
46 1 719 1 896 1 1119 1 1369 1 1931 1 2400 2400
47 1 600 1 897 1 1120 1 1370 1 1932 1 2400 2400
48 1 601 1 898 1 1121 1 1371 1 1933 1 2400 2400
49 1 602 1 899 1 1122 1 1372 1 1934 1 2400 2400
50 1 603 1 900 1 1123 1 1373 1 1935 1 2400 2400
51 1 604 1 901 1 1124 1 1374 1 1936 1 2400 2400
52 1 605 1 902 1 1125 1 1375 1 1937 1 2400 2400
53 1 606 1 903 1 1126 1 1376 1 1938 1 2400 2400
54 1 607 1 904 1 1127 1 1377 1 1939 1 2400 2400
55 1 608 1 905 1 1128 1 1378 1 1940 1 2400 2400
56 1 609 1 906 1 1129 1 1379 1 1941 1 2400 2400
57 1 610 1 907 1 1130 1 1380 1 1942 1 2400 2400
58 1 611 1 908 1 1131 1 1381 1 1943 1 2400 2400
59 1 612 1 909 1 1132 1 1382 1 1944 1 2400 2400
60 1 613 1 910 1 1133 1 1383 1 1945 1 2400 2400
61 1 614 1 911 1 1134 1 1384 1 1946 1 2400 2400
62 1 615 1 912 1 1135 1 1385 1 1947 1 2400 2400
63 1 616 1 913 1 1136 1 1386 1 1948 1 2400 2400
64 1 617 1 914 1 1137 1 1387 1 1949 1 2400 2400
65 1 618 1 915 1 1138 1 1388 1 1950 1 2400 2400
66 1 619 1 916 1 1139 1 1389 1 1951 1 2400 2400
67 1 620 1 917 1 1140 1 1390 1 1952 1 2400 2400
68 1 621 1 918 1 1141 1 1391 1 1953 1 2400 2400
69 1 622 1 919 1 1142 1 1392 1 1954 1 2400 2400
70 1 623 1 920 1 1143 1 1393 1 1955 1 2400 2400
71 1 624 1 921 1 1144 1 1394 1 1956 1 2400 2400
72 1 625 1 922 1 1145 1 1395 1 1957 1 2400 2400
73 1 626 1 923 1 1146 1 1396 1 1958 1 2400 2400
74 1 627 1 924 1 1147 1 1397 1 1959 1 2400 2400
75 1 628 1 925 1 1148 1 1398 1 1960 1 2400 2400
76 1 629 1 926 1 1149 1 1399 1 1961 1 2400 2400
77 1 630 1 927 1 1150 1 1400 1 1962 1 2400 2400
78 1 631 1 928 1 1151 1 1401 1 1963 1 2400 2400
79 1 632 1 929 1 1152 1 1402 1 1964 1 2400 2400
80 1 633 1 930 1 1153 1 1403 1 1965 1 2400 2400
81 1 634 1 931 1 1154 1 1404 1 1966 1 2400 2400
82 1 635 1 932 1 1155 1 1405 1 1967 1 2400 2400
83 1 636 1 933 1 1156 1 1406 1 1968 1 2400 2400
84 1 637 1 934 1 1157 1 1407 1 1969 1 2400 2400
85 1 638 1 935 1 1158 1 1408 1 1970 1 2400 2400
86 1 639 1 936 1 1159 1 1409 1 1971 1 2400 2400
87 1 640 1 937 1 1160 1 1410 1 1972 1 2400 2400
88 1 641 1 938 1 1161 1 1411 1 1973 1 2400 2400
89 1 642 1 939 1 1162 1 1412 1 1974 1 2400 2400
90 1 643 1 940 1 1163 1 1413 1 1975 1 2400 2400
91 1 644 1 941 1 1164 1 1414 1 1976 1 2400 2400
92 1 645 1 942 1 1165 1 1415 1 1977 1 2400 2400
93 1 646 1 943 1 1166 1 1416 1 1978 1 2400 2400
94 1 647 1 944 1 1167 1 1417 1 1979 1 2400 2400
95 1 648 1 945 1 1168 1 1418 1 1980 1 2400 2400
96 1 649 1 946 1 1169 1 1419 1 1981 1 2400 2400
97 1 650 1 947 1 1170 1 1420 1 1982 1 2400 2400
98 1 651 1 948 1 1171 1 1421 1 1983 1 2400 2400
99 1 652 1 949 1 1172 1 1422 1 1984 1 2400 2400
100 1 653 1 950 1 1173 1 1423 1 1985 1 2400 2400
101 1 654 1 951 1 1174 1 1424 1 1986 1 2400 2400
102 1 655 1 952 1 1175 1 1425 1 1987 1 2400 2400
103 1 656 1 953 1 1176 1 1426 1 1988 1 2400 2400
104 1 657 1 954 1 1177 1 1427 1 1989 1 2400 2400
105 1 658 1 955 1 1178 1 1428 1 1990 1 2400 2400
106 1 659 1 956 1 1179 1 1429 1 1991 1 2400 2400
107 1 660 1 957 1 1180 1 1430 1 1992 1 2400 2400
108 1 661 1 958 1 1181 1 1431 1 1993 1 2400 2400
109 1 662 1 959 1 1182 1 1432 1 1994 1 2400 2400
110 1 663 1 840 1 1183 1 1433 1 1995 1 2400 2400
111 1 664 1 841 1 1184 1 1434 1 1996 1 2400 2400
112 1 665 1 842 1 1185 1 1435 1 1997 1 2400 2400
113 1 666 1 843 1 1186 1 1436 1 1998 1 2400 2400
114 1 667 1 844 1 1187 1 1437 1 1999 1 2400 2400
115 1 668 1 845 1 1188 1 1438 1 2000 1 2400 2400
116 1 669 1 846 1 1189 1 1439 1 2001 1 2400 2400
117 1 670 1 847 1 1190 1 1320 1 2002 1 2400 2400
118 1 671 1 848 1 1191 1 1321 1 2003 1 2400 2400
119 1 672 1 849 1 1192 1 1322 1 2004 1 2400 2400
0 1 673 1 850 1 1193 1 1323 1 2005 1 2400 2400
1 1 674 1 851 1 1194 1 1324 1 2006 1 2400 2400
2 1 675 1 852 1 1195 1 1325 1 2007 1 2400 2400
3 1 676 1 853 1 1196 1 1326 1 2008 1 2400 2400
4 1 677 1 854 1 1197 1 1327 1 2009 1 2400 2400
5 1 678 1 855 1 1198 1 1328 1 2010 1 2400 2400
6 1 679 1 856 1 1199 1 1329 1 2011 1 2400 2400
7 1 680 1 857 1 1080 1 1330 1 2012 1 2400 2400
8 1 681 1 858 1 1081 1 1331 1 2013 1 2400 2400
9 1 682 1 859 1 1082 1 1332 1 2014 1 2400 2400
10 1 683 1 860 1 1083 1 1333 1 2015 1 2400 2400
11 1 684 1 861 1 1084 1 1334 1 2016 1 2400 2400
12 1 685 1 862 1 1085 1 1335 1 2017 1 2400 2400
13 1 686 1 863 1 1086 1 1336 1 2018 1 2400 2400
14 1 687 1 864 1 1087 1 1337 1 2019 1 2400 2400
15 1 688 1 865 1 1088 1 1338 1 2020 1 2400 2400
16 1 689 1 866 1 1089 1 1339 1 2021 1 2400 2400
17 1 690 1 867 1 1090 1 1340 1 2022 1 2400 2400
18 1 691 1 868 1 1091 1 1341 1 2023 1 2400 2400
19 1 692 1 869 1 1092 1 1342 1 2024 1 2400 2400
20 1 693 1 870 1 1093 1 1343 1 2025 1 2400 2400
21 1 694 1 871 1 1094 1 1344 1 2026 1 2400 2400
22 1 695 1 872 1 1095 1 1345 1 2027 1 2400 2400
23 1 696 1 873 1 1096 1 1346 1 2028 1 2400 2400
24 1 697 1 874 1 1097 1 1347 1 2029 1 2400 2400
25 1 698 1 875 1 1098 1 1348 1 2030 1 2400 2400
26 1 699 1 876 1 1099 1 1349 1 2031 1 2400 2400
27 1 700 1 877 1 1100 1 1350 1 2032 1 2400 2400
28 1 701 1 878 1 1101 1 1351 1 2033 1 2400 2400
29 1 702 1 879 1 1102 1 1352 1 2034 1 2400 2400
30 1 703 1 880 1 1103 1 1353 1 2035 1 2400 2400
31 1 704 1 881 1 1104 1 1354 1 2036 1 2400 2400
32 1 705 1 882 1 1105 1 1355 1 2037 1 2400 2400
33 1 706 1 883 1 1106 1 1356 1 2038 1 2400 2400
34 1 707 1 884 1 1107 1 1357 1 2039 1 2400 2400
129 1 627 1 860 1 1323 1 1676 1 2040 1 2400 2400
130 1 628 1 861 1 1324 1 1677 1 2041 1 2400 2400
131 1 629 1 862 1 1325 1 1678 1 2042 1 2400 2400
132 1 630 1 863 1 1326 1 1679 1 2043 1 2400 2400
133 1 631 1 864 1 1327 1 1560 1 2044 1 2400 2400
134 1 632 1 865 1 1328 1 1561 1 2045 1 2400 2400
135 1 633 1 866 1 1329 1 1562 1 2046 1 2400 2400
136 1 634 1 867 1 1330 1 1563 1 2047 1 2400 2400
137 1 635 1 868 1 1331 1 1564 1 2048 1 2400 2400
138 1 636 1 869 1 1332 1 1565 1 2049 1 2400 2400
139 1 637 1 870 1 1333 1 1566 1 2050 1 2400 2400
140 1 638 1 871 1 1334 1 1567 1 2051 1 2400 2400
141 1 639 1 872 1 1335 1 1568 1 2052 1 2400 2400
142 1 640 1 873 1 1336 1 1569 1 2053 1 2400 2400
143 1 641 1 874 1 1337 1 1570 1 2054 1 2400 2400
144 1 642 1 875 1 1338 1 1571 1 2055 1 2400 2400
145 1 643 1 876 1 1339 1 1572 1 2056 1 2400 2400
146 1 644 1 877 1 1340 1 1573 1 2057 1 2400 2400
147 1 645 1 878 1 1341 1 1574 1 2058 1 2400 2400
148 1 646 1 879 1 1342 1 1575 1 2059 1 2400 2400
149 1 647 1 880 1 1343 1 1576 1 2060 1 2400 2400
150 1 648 1 881 1 1344 1 1577 1 2061 1 2400 2400
151 1 649 1 882 1 1345 1 1578 1 2062 1 2400 2400
152 1 650 1 883 1 1346 1 1579 1 2063 1 2400 2400
153 1 651 1 884 1 1347 1 1580 1 2064 1 2400 2400
154 1 652 1 885 1 1348 1 1581 1 2065 1 2400 2400
155 1 653 1 886 1 1349 1 1582 1 2066 1 2400 2400
156 1 654 1 887 1 1350 1 1583 1 2067 1 2400 2400
157 1 655 1 888 1 1351 1 1584 1 2068 1 2400 2400
158 1 656 1 889 1 1352 1 1585 1 2069 1 2400 2400
159 1 657 1 890 1 1353 1 1586 1 2070 1 2400 2400
160 1 658 1 891 1 1354 1 1587 1 2071 1 2400 2400
161 1 659 1 892 1 1355 1 1588 1 2072 1 2400 2400
162 1 660 1 893 1 1356 1 1589 1 2073 1 2400 2400
163 1 661 1 894 1 1357 1 1590 1 2074 1 2400 2400
164 1 662 1 895 1 1358 1 1591 1 2075 1 2400 2400
165 1 663 1 896 1 1359 1 1592 1 2076 1 2400 2400
166 1 664 1 897 1 1360 1 1593 1 2077 1 2400 2400
167 1 665 1 898 1 1361 1 1594 1 2078 1 2400 2400
168 1 666 1 899 1 1362 1 1595 1 2079 1 2400 2400
169 1 667 1 900 1 1363 1 1596 1 2080 1 2400 2400
170 1 668 1 901 1 1364 1 1597 1 2081 1 2400 2400
171 1 669 1 902 1 1365 1 1598 1 2082 1 2400 2400
172 1 670 1 903 1 1366 1 1599 1 2083 1 2400 2400
173 1 671 1 904 1 1367 1 1600 1 2084 1 2400 2400
174 1 672 1 905 1 1368 1 1601 1 2085 1 2400 2400
175 1 673 1 906 1 1369 1 1602 1 2086 1 2400 2400
176 1 674 1 907 1 1370 1 1603 1 2087 1 2400 2400
177 1 675 1 908 1 1371 1 1604 1 2088 1 2400 2400
178 1 676 1 909 1 1372 1 1605 1 2089 1 2400 2400
179 1 677 1 910 1 1373 1 1606 1 2090 1 2400 2400
180 1 678 1 911 1 1374 1 1607 1 2091 1 2400 2400
181 1 679 1 912 1 1375 1 1608 1 2092 1 2400 2400
182 1 680 1 913 1 1376 1 1609 1 2093 1 2400 2400
183 1 681 1 914 1 1377 1 1610 1 2094 1 2400 2400
184 1 682 1 915 1 1378 1 1611 1 2095 1 2400 2400
185 1 683 1 916 1 1379 1 1612 1 2096 1 2400 2400
186 1 684 1 917 1 1380 1 1613 1 2097 1 2400 2400
187 1 685 1 918 1 1381 1 1614 1 2098 1 2400 2400
188 1 686 1 919 1 1382 1 1615 1 2099 1 2400 2400
189 1 687 1 920 1 1383 1 1616 1 2100 1 2400 2400
190 1 688 1 921 1 1384 1 1617 1 2101 1 2400 2400
191 1 689 1 922 1 1385 1 1618 1 2102 1 2400 2400
192 1 690 1 923 1 1386 1 1619 1 2103 1 2400 2400
193 1 691 1 924 1 1387 1 1620 1 2104 1 2400 2400
194 1 692 1 925 1 1388 1 1621 1 2105 1 2400 2400
195 1 693 1 926 1 1389 1 1622 1 2106 1 2400 2400
196 1 694 1 927 1 1390 1 1623 1 2107 1 2400 2400
197 1 695 1 928 1 1391 1 1624 1 2108 1 2400 2400
198 1 696 1 929 1 1392 1 1625 1 2109 1 2400 2400
199 1 697 1 930 1 1393 1 1626 1 2110 1 2400 2400
200 1 698 1 931 1 1394 1 1627 1 2111 1 2400 2400
201 1 699 1 932 1 1395 1 1628 1 2112 1 2400 2400
202 1 700 1 933 1 1396 1 1629 1 2113 1 2400 2400
203 1 701 1 934 1 1397 1 1630 1 2114 1 2400 2400
204 1 702 1 935 1 1398 1 1631 1 2115 1 2400 2400
205 1 703 1 936 1 1399 1 1632 1 2116 1 2400 2400
206 1 704 1 937 1 1400 1 1633 1 2117 1 2400 2400
207 1 705 1 938 1 1401 1 1634 1 2118 1 2400 2400
208 1 706 1 939 1 1402 1 1635 1 2119 1 2400 2400
209 1 707 1 940 1 1403 1 1636 1 2120 1 2400 2400
210 1 708 1 941 1 1404 1 1637 1 2121 1 2400 2400
211 1 709 1 942 1 1405 1 1638 1 2122 1 2400 2400
212 1 710 1 943 1 1406 1 1639 1 2123 1 2400 2400
213 1 711 1 944 1 1407 1 1640 1 2124 1 2400 2400
214 1 712 1 945 1 1408 1 1641 1 2125 1 2400 2400
215 1 713 1 946 1 1409 1 1642 1 2126 1 2400 2400
216 1 714 1 947 1 1410 1 1643 1 2127 1 2400 2400
217 1 715 1 948 1 1411 1 1644 1 2128 1 2400 2400
218 1 716 1 949 1 1412 1 1645 1 2129 1 2400 2400
219 1 717 1 950 1 1413 1 1646 1 2130 1 2400 2400
220 1 718 1 951 1 1414 1 1647 1 2131 1 2400 2400
221 1 719 1 952 1 1415 1 1648 1 2132 1 2400 2400
222 1 600 1 953 1 1416 1 1649 1 2133 1 2400 2400
223 1 601 1 954 1 1417 1 1650 1 2134 1 2400 2400
224 1 602 1 955 1 1418 1 1651 1 2135 1 2400 2400
225 1 603 1 956 1 1419 1 1652 1 2136 1 2400 2400
226 1 604 1 957 1 1420 1 1653 1 2137 1 2400 2400
227 1 605 1 958 1 1421 1 1654 1 2138 1 2400 2400
228 1 606 1 959 1 1422 1 1655 1 2139 1 2400 2400
229 1 607 1 840 1 1423 1 1656 1 2140 1 2400 2400
230 1 608 1 841 1 1424 1 1657 1 2141 1 2400 2400
231 1 609 1 842 1 1425 1 1658 1 2142 1 2400 2400
232 1 610 1 843 1 1426 1 1659 1 2143 1 2400 2400
233 1 611 1 844 1 1427 1 1660 1 2144 1 2400 2400
234 1 612 1 845 1 1428 1 1661 1 2145 1 2400 2400
235 1 613 1 846 1 1429 1 1662 1 2146 1 2400 2400
236 1 614 1 847 1 1430 1 1663 1 2147 1 2400 2400
237 1 615 1 848 1 1431 1 1664 1 2148 1 2400 2400
238 1 616 1 849 1 1432 1 1665 1 2149 1 2400 2400
239 1 617 1 850 1 1433 1 1666 1 2150 1 2400 2400
120 1 618 1 851 1 1434 1 1667 1 2151 1 2400 2400
121 1 619 1 852 1 1435 1 1668 1 2152 1 2400 2400
122 1 620 1 853 1 1436 1 1669 1 2153 1 2400 2400
123 1 621 1 854 1 1437 1 1670 1 2154 1 2400 2400
124 1 622 1 855 1 1438 1 1671 1 2155 1 2400 2400
125 1 623 1 856 1 1439 1 1672 1 2156 1 2400 2400
126 1 624 1 857 1 1320 1 1673 1 2157 1 2400 2400
127 1 625 1 858 1 1321 1 1674 1 2158 1 2400 2400
128 1 626 1 859 1 1322 1 1675 1 2159 1 2400 2400
22 1 214 1 1550 1 2160 1 2400 2400
23 1 215 1 1551 1 2161 1 2400 2400
24 1 216 1 1552 1 2162 1 2400 2400
25 1 217 1 1553 1 2163 1 2400 2400
26 1 218 1 1554 1 2164 1 2400 2400
27 1 219 1 1555 1 2165 1 2400 2400
28 1 220 1 1556 1 2166 1 2400 2400
29 1 221 1 1557 1 2167 1 2400 2400
30 1 222 1 1558 1 2168 1 2400 2400
31 1 223 1 1559 1 2169 1 2400 2400
32 1 224 1 1440 1 2170 1 2400 2400
33 1 225 1 1441 1 2171 1 2400 2400
34 1 226 1 1442 1 2172 1 2400 2400
35 1 227 1 1443 1 2173 1 2400 2400
36 1 228 1 1444 1 2174 1 2400 2400
37 1 229 1 1445 1 2175 1 2400 2400
38 1 230 1 1446 1 2176 1 2400 2400
39 1 231 1 1447 1 2177 1 2400 2400
40 1 232 1 1448 1 2178 1 2400 2400
41 1 233 1 1449 1 2179 1 2400 2400
42 1 234 1 1450 1 2180 1 2400 2400
43 1 235 1 1451 1 2181 1 2400 2400
44 1 236 1 1452 1 2182 1 2400 2400
45 1 237 1 1453 1 2183 1 2400 2400
46 1 238 1 1454 1 2184 1 2400 2400
47 1 239 1 1455 1 2185 1 2400 2400
48 1 120 1 1456 1 2186 1 2400 2400
49 1 121 1 1457 1 2187 1 2400 2400
50 1 122 1 1458 1 2188 1 2400 2400
51 1 123 1 1459 1 2189 1 2400 2400
52 1 124 1 1460 1 2190 1 2400 2400
53 1 125 1 1461 1 2191 1 2400 2400
54 1 126 1 1462 1 2192 1 2400 2400
55 1 127 1 1463 1 2193 1 2400 2400
56 1 128 1 1464 1 2194 1 2400 2400
57 1 129 1 1465 1 2195 1 2400 2400
58 1 130 1 1466 1 2196 1 2400 2400
59 1 131 1 1467 1 2197 1 2400 2400
60 1 132 1 1468 1 2198 1 2400 2400
61 1 133 1 1469 1 2199 1 2400 2400
62 1 134 1 1470 1 2200 1 2400 2400
63 1 135 1 1471 1 2201 1 2400 2400
64 1 136 1 1472 1 2202 1 2400 2400
65 1 137 1 1473 1 2203 1 2400 2400
66 1 138 1 1474 1 2204 1 2400 2400
67 1 139 1 1475 1 2205 1 2400 2400
68 1 140 1 1476 1 2206 1 2400 2400
69 1 141 1 1477 1 2207 1 2400 2400
70 1 142 1 1478 1 2208 1 2400 2400
71 1 143 1 1479 1 2209 1 2400 2400
72 1 144 1 1480 1 2210 1 2400 2400
73 1 145 1 1481 1 2211 1 2400 2400
74 1 146 1 1482 1 2212 1 2400 2400
75 1 147 1 1483 1 2213 1 2400 2400
76 1 148 1 1484 1 2214 1 2400 2400
77 1 149 1 1485 1 2215 1 2400 2400
78 1 150 1 1486 1 2216 1 2400 2400
79 1 151 1 1487 1 2217 1 2400 2400
80 1 152 1 1488 1 2218 1 2400 2400
81 1 153 1 1489 1 2219 1 2400 2400
82 1 154 1 1490 1 2220 1 2400 2400
83 1 155 1 1491 1 2221 1 2400 2400
84 1 156 1 1492 1 2222 1 2400 2400
85 1 157 1 1493 1 2223 1 2400 2400
86 1 158 1 1494 1 2224 1 2400 2400
87 1 159 1 1495 1 2225 1 2400 2400
88 1 160 1 1496 1 2226 1 2400 2400
89 1 161 1 1497 1 2227 1 2400 2400
90 1 162 1 1498 1 2228 1 2400 2400
91 1 163 1 1499 1 2229 1 2400 2400
92 1 164 1 1500 1 2230 1 2400 2400
93 1 165 1 1501 1 2231 1 2400 2400
94 1 166 1 1502 1 2232 1 2400 2400
95 1 167 1 1503 1 2233 1 2400 2400
96 1 168 1 1504 1 2234 1 2400 2400
97 1 169 1 1505 1 2235 1 2400 2400
98 1 170 1 1506 1 2236 1 2400 2400
99 1 171 1 1507 1 2237 1 2400 2400
100 1 172 1 1508 1 2238 1 2400 2400
101 1 173 1 1509 1 2239 1 2400 2400
102 1 174 1 1510 1 2240 1 2400 2400
103 1 175 1 1511 1 2241 1 2400 2400
104 1 176 1 1512 1 2242 1 2400 2400
105 1 177 1 1513 1 2243 1 2400 2400
106 1 178 1 1514 1 2244 1 2400 2400
107 1 179 1 1515 1 2245 1 2400 2400
108 1 180 1 1516 1 2246 1 2400 2400
109 1 181 1 1517 1 2247 1 2400 2400
110 1 182 1 1518 1 2248 1 2400 2400
111 1 183 1 1519 1 2249 1 2400 2400
112 1 184 1 1520 1 2250 1 2400 2400
113 1 185 1 1521 1 2251 1 2400 2400
114 1 186 1 1522 1 2252 1 2400 2400
115 1 187 1 1523 1 2253 1 2400 2400
116 1 188 1 1524 1 2254 1 2400 2400
117 1 189 1 1525 1 2255 1 2400 2400
118 1 190 1 1526 1 2256 1 2400 2400
119 1 191 1 1527 1 2257 1 2400 2400
0 1 192 1 1528 1 2258 1 2400 2400
1 1 193 1 1529 1 2259 1 2400 2400
2 1 194 1 1530 1 2260 1 2400 2400
3 1 195 1 1531 1 2261 1 2400 2400
4 1 196 1 1532 1 2262 1 2400 2400
5 1 197 1 1533 1 2263 1 2400 2400
6 1 198 1 1534 1 2264 1 2400 2400
7 1 199 1 1535 1 2265 1 2400 2400
8 1 200 1 1536 1 2266 1 2400 2400
9 1 201 1 1537 1 2267 1 2400 2400
10 1 202 1 1538 1 2268 1 2400 2400
11 1 203 1 1539 1 2269 1 2400 2400
12 1 204 1 1540 1 2270 1 2400 2400
13 1 205 1 1541 1 2271 1 2400 2400
14 1 206 1 1542 1 2272 1 2400 2400
15 1 207 1 1543 1 2273 1 2400 2400
16 1 208 1 1544 1 2274 1 2400 2400
17 1 209 1 1545 1 2275 1 2400 2400
18 1 210 1 1546 1 2276 1 2400 2400
19 1 211 1 1547 1 2277 1 2400 2400
20 1 212 1 1548 1 2278 1 2400 2400
21 1 213 1 1549 1 2279 1 2400 2400
203 1 1045 1 1261 1 1327 1 2280 1 2400 2400
204 1 1046 1 1262 1 1328 1 2281 1 2400 2400
205 1 1047 1 1263 1 1329 1 2282 1 2400 2400
206 1 1048 1 1264 1 1330 1 2283 1 2400 2400
207 1 1049 1 1265 1 1331 1 2284 1 2400 2400
208 1 1050 1 1266 1 1332 1 2285 1 2400 2400
209 1 1051 1 1267 1 1333 1 2286 1 2400 2400
210 1 1052 1 1268 1 1334 1 2287 1 2400 2400
211 1 1053 1 1269 1 1335 1 2288 1 2400 2400
212 1 1054 1 1270 1 1336 1 2289 1 2400 2400
213 1 1055 1 1271 1 1337 1 2290 1 2400 2400
214 1 1056 1 1272 1 1338 1 2291 1 2400 2400
215 1 1057 1 1273 1 1339 1 2292 1 2400 2400
216 1 1058 1 1274 1 1340 1 2293 1 2400 2400
217 1 1059 1 1275 1 1341 1 2294 1 2400 2400
218 1 1060 1 1276 1 1342 1 2295 1 2400 2400
219 1 1061 1 1277 1 1343 1 2296 1 2400 2400
220 1 1062 1 1278 1 1344 1 2297 1 2400 2400
221 1 1063 1 1279 1 1345 1 2298 1 2400 2400
222 1 1064 1 1280 1 1346 1 2299 1 2400 2400
223 1 1065 1 1281 1 1347 1 2300 1 2400 2400
224 1 1066 1 1282 1 1348 1 2301 1 2400 2400
225 1 1067 1 1283 1 1349 1 2302 1 2400 2400
226 1 1068 1 1284 1 1350 1 2303 1 2400 2400
227 1 1069 1 1285 1 1351 1 2304 1 2400 2400
228 1 1070 1 1286 1 1352 1 2305 1 2400 2400
229 1 1071 1 1287 1 1353 1 2306 1 2400 2400
230 1 1072 1 1288 1 1354 1 2307 1 2400 2400
231 1 1073 1 1289 1 1355 1 2308 1 2400 2400
232 1 1074 1 1290 1 1356 1 2309 1 2400 2400
233 1 1075 1 1291 1 1357 1 2310 1 2400 2400
234 1 1076 1 1292 1 1358 1 2311 1 2400 2400
235 1 1077 1 1293 1 1359 1 2312 1 2400 2400
236 1 1078 1 1294 1 1360 1 2313 1 2400 2400
237 1 1079 1 1295 1 1361 1 2314 1 2400 2400
238 1 960 1 1296 1 1362 1 2315 1 2400 2400
239 1 961 1 1297 1 1363 1 2316 1 2400 2400
120 1 962 1 1298 1 1364 1 2317 1 2400 2400
121 1 963 1 1299 1 1365 1 2318 1 2400 2400
122 1 964 1 1300 1 1366 1 2319 1 2400 2400
123 1 965 1 1301 1 1367 1 2320 1 2400 2400
124 1 966 1 1302 1 1368 1 2321 1 2400 2400
125 1 967 1 1303 1 1369 1 2322 1 2400 2400
126 1 968 1 1304 1 1370 1 2323 1 2400 2400
127 1 969 1 1305 1 1371 1 2324 1 2400 2400
128 1 970 1 1306 1 1372 1 2325 1 2400 2400
129 1 971 1 1307 1 1373 1 2326 1 2400 2400
130 1 972 1 1308 1 1374 1 2327 1 2400 2400
131 1 973 1 1309 1 1375 1 2328 1 2400 2400
132 1 974 1 1310 1 1376 1 2329 1 2400 2400
133 1 975 1 1311 1 1377 1 2330 1 2400 2400
134 1 976 1 1312 1 1378 1 2331 1 2400 2400
135 1 977 1 1313 1 1379 1 2332 1 2400 2400
136 1 978 1 1314 1 1380 1 2333 1 2400 2400
137 1 979 1 1315 1 1381 1 2334 1 2400 2400
138 1 980 1 1316 1 1382 1 2335 1 2400 2400
139 1 981 1 1317 1 1383 1 2336 1 2400 2400
140 1 982 1 1318 1 1384 1 2337 1 2400 2400
141 1 983 1 1319 1 1385 1 2338 1 2400 2400
142 1 984 1 1200 1 1386 1 2339 1 2400 2400
143 1 985 1 1201 1 1387 1 2340 1 2400 2400
144 1 986 1 1202 1 1388 1 2341 1 2400 2400
145 1 987 1 1203 1 1389 1 2342 1 2400 2400
146 1 988 1 1204 1 1390 1 2343 1 2400 2400
147 1 989 1 1205 1 1391 1 2344 1 2400 2400
148 1 990 1 1206 1 1392 1 2345 1 2400 2400
149 1 991 1 1207 1 1393 1 2346 1 2400 2400
150 1 992 1 1208 1 1394 1 2347 1 2400 2400
151 1 993 1 1209 1 1395 1 2348 1 2400 2400
152 1 994 1 1210 1 1396 1 2349 1 2400 2400
153 1 995 1 1211 1 1397 1 2350 1 2400 2400
154 1 996 1 1212 1 1398 1 2351 1 2400 2400
155 1 997 1 1213 1 1399 1 2352 1 2400 2400
156 1 998 1 1214 1 1400 1 2353 1 2400 2400
157 1 999 1 1215 1 1401 1 2354 1 2400 2400
158 1 1000 1 1216 1 1402 1 2355 1 2400 2400
159 1 1001 1 1217 1 1403 1 2356 1 2400 2400
160 1 1002 1 1218 1 1404 1 2357 1 2400 2400
161 1 1003 1 1219 1 1405 1 2358 1 2400 2400
162 1 1004 1 1220 1 1406 1 2359 1 2400 2400
163 1 1005 1 1221 1 1407 1 2360 1 2400 2400
164 1 1006 1 1222 1 1408 1 2361 1 2400 2400
165 1 1007 1 1223 1 1409 1 2362 1 2400 2400
166 1 1008 1 1224 1 1410 1 2363 1 2400 2400
167 1 1009 1 1225 1 1411 1 2364 1 2400 2400
168 1 1010 1 1226 1 1412 1 2365 1 2400 2400
169 1 1011 1 1227 1 1413 1 2366 1 2400 2400
170 1 1012 1 1228 1 1414 1 2367 1 2400 2400
171 1 1013 1 1229 1 1415 1 2368 1 2400 2400
172 1 1014 1 1230 1 1416 1 2369 1 2400 2400
173 1 1015 1 1231 1 1417 1 2370 1 2400 2400
174 1 1016 1 1232 1 1418 1 2371 1 2400 2400
175 1 1017 1 1233 1 1419 1 2372 1 2400 2400
176 1 1018 1 1234 1 1420 1 2373 1 2400 2400
177 1 1019 1 1235 1 1421 1 2374 1 2400 2400
178 1 1020 1 1236 1 1422 1 2375 1 2400 2400
179 1 1021 1 1237 1 1423 1 2376 1 2400 2400
180 1 1022 1 1238 1 1424 1 2377 1 2400 2400
181 1 1023 1 1239 1 1425 1 2378 1 2400 2400
182 1 1024 1 1240 1 1426 1 2379 1 2400 2400
183 1 1025 1 1241 1 1427 1 2380 1 2400 2400
184 1 1026 1 1242 1 1428 1 2381 1 2400 2400
185 1 1027 1 1243 1 1429 1 2382 1 2400 2400
186 1 1028 1 1244 1 1430 1 2383 1 2400 2400
187 1 1029 1 1245 1 1431 1 2384 1 2400 2400
188 1 1030 1 1246 1 1432 1 2385 1 2400 2400
189 1 1031 1 1247 1 1433 1 2386 1 2400 2400
190 1 1032 1 1248 1 1434 1 2387 1 2400 2400
191 1 1033 1 1249 1 1435 1 2388 1 2400 2400
192 1 1034 1 1250 1 1436 1 2389 1 2400 2400
193 1 1035 1 1251 1 1437 1 2390 1 2400 2400
194 1 1036 1 1252 1 1438 1 2391 1 2400 2400
195 1 1037 1 1253 1 1439 1 2392 1 2400 2400
196 1 1038 1 1254 1 1320 1 2393 1 2400 2400
197 1 1039 1 1255 1 1321 1 2394 1 2400 2400
198 1 1040 1 1256 1 1322 1 2395 1 2400 2400
199 1 1041 1 1257 1 1323 1 2396 1 2400 2400
200 1 1042 1 1258 1 1324 1 2397 1 2400 2400
201 1 1043 1 1259 1 1325 1 2398 1 2400 2400
202 1 1044 1 1260 1 1326 1 2399 1 2400 2400
