1540
770
0
0
9 1 117 1 230 1 257 1 523 1 693 1 770 1 847 1 1540 1540
10 1 118 1 154 1 258 1 524 1 694 1 771 1 848 1 1540 1540
11 1 119 1 155 1 259 1 525 1 695 1 772 1 849 1 1540 1540
12 1 120 1 156 1 260 1 526 1 696 1 773 1 850 1 1540 1540
13 1 121 1 157 1 261 1 527 1 697 1 774 1 851 1 1540 1540
14 1 122 1 158 1 262 1 528 1 698 1 775 1 852 1 1540 1540
15 1 123 1 159 1 263 1 529 1 699 1 776 1 853 1 1540 1540
16 1 124 1 160 1 264 1 530 1 700 1 777 1 854 1 1540 1540
17 1 125 1 161 1 265 1 531 1 701 1 778 1 855 1 1540 1540
18 1 126 1 162 1 266 1 532 1 702 1 779 1 856 1 1540 1540
19 1 127 1 163 1 267 1 533 1 703 1 780 1 857 1 1540 1540
20 1 128 1 164 1 268 1 534 1 704 1 781 1 858 1 1540 1540
21 1 129 1 165 1 269 1 535 1 705 1 782 1 859 1 1540 1540
22 1 130 1 166 1 270 1 536 1 706 1 783 1 860 1 1540 1540
23 1 131 1 167 1 271 1 537 1 707 1 784 1 861 1 1540 1540
24 1 132 1 168 1 272 1 538 1 708 1 785 1 862 1 1540 1540
25 1 133 1 169 1 273 1 462 1 709 1 786 1 863 1 1540 1540
26 1 134 1 170 1 274 1 463 1 710 1 787 1 864 1 1540 1540
27 1 135 1 171 1 275 1 464 1 711 1 788 1 865 1 1540 1540
28 1 136 1 172 1 276 1 465 1 712 1 789 1 866 1 1540 1540
29 1 137 1 173 1 277 1 466 1 713 1 790 1 867 1 1540 1540
30 1 138 1 174 1 278 1 467 1 714 1 791 1 868 1 1540 1540
31 1 139 1 175 1 279 1 468 1 715 1 792 1 869 1 1540 1540
32 1 140 1 176 1 280 1 469 1 716 1 793 1 870 1 1540 1540
33 1 141 1 177 1 281 1 470 1 717 1 794 1 871 1 1540 1540
34 1 142 1 178 1 282 1 471 1 718 1 795 1 872 1 1540 1540
35 1 143 1 179 1 283 1 472 1 719 1 796 1 873 1 1540 1540
36 1 144 1 180 1 284 1 473 1 720 1 797 1 874 1 1540 1540
37 1 145 1 181 1 285 1 474 1 721 1 798 1 875 1 1540 1540
38 1 146 1 182 1 286 1 475 1 722 1 799 1 876 1 1540 1540
39 1 147 1 183 1 287 1 476 1 723 1 800 1 877 1 1540 1540
40 1 148 1 184 1 288 1 477 1 724 1 801 1 878 1 1540 1540
41 1 149 1 185 1 289 1 478 1 725 1 802 1 879 1 1540 1540
42 1 150 1 186 1 290 1 479 1 726 1 803 1 880 1 1540 1540
43 1 151 1 187 1 291 1 480 1 727 1 804 1 881 1 1540 1540
44 1 152 1 188 1 292 1 481 1 728 1 805 1 882 1 1540 1540
45 1 153 1 189 1 293 1 482 1 729 1 806 1 883 1 1540 1540
46 1 77 1 190 1 294 1 483 1 730 1 807 1 884 1 1540 1540
47 1 78 1 191 1 295 1 484 1 731 1 808 1 885 1 1540 1540
48 1 79 1 192 1 296 1 485 1 732 1 809 1 886 1 1540 1540
49 1 80 1 193 1 297 1 486 1 733 1 810 1 887 1 1540 1540
50 1 81 1 194 1 298 1 487 1 734 1 811 1 888 1 1540 1540
51 1 82 1 195 1 299 1 488 1 735 1 812 1 889 1 1540 1540
52 1 83 1 196 1 300 1 489 1 736 1 813 1 890 1 1540 1540
53 1 84 1 197 1 301 1 490 1 737 1 814 1 891 1 1540 1540
54 1 85 1 198 1 302 1 491 1 738 1 815 1 892 1 1540 1540
55 1 86 1 199 1 303 1 492 1 739 1 816 1 893 1 1540 1540
56 1 87 1 200 1 304 1 493 1 740 1 817 1 894 1 1540 1540
57 1 88 1 201 1 305 1 494 1 741 1 818 1 895 1 1540 1540
58 1 89 1 202 1 306 1 495 1 742 1 819 1 896 1 1540 1540
59 1 90 1 203 1 307 1 496 1 743 1 820 1 897 1 1540 1540
60 1 91 1 204 1 231 1 497 1 744 1 821 1 898 1 1540 1540
61 1 92 1 205 1 232 1 498 1 745 1 822 1 899 1 1540 1540
62 1 93 1 206 1 233 1 499 1 746 1 823 1 900 1 1540 1540
63 1 94 1 207 1 234 1 500 1 747 1 824 1 901 1 1540 1540
64 1 95 1 208 1 235 1 501 1 748 1 825 1 902 1 1540 1540
65 1 96 1 209 1 236 1 502 1 749 1 826 1 903 1 1540 1540
66 1 97 1 210 1 237 1 503 1 750 1 827 1 904 1 1540 1540
67 1 98 1 211 1 238 1 504 1 751 1 828 1 905 1 1540 1540
68 1 99 1 212 1 239 1 505 1 752 1 829 1 906 1 1540 1540
69 1 100 1 213 1 240 1 506 1 753 1 830 1 907 1 1540 1540
70 1 101 1 214 1 241 1 507 1 754 1 831 1 908 1 1540 1540
71 1 102 1 215 1 242 1 508 1 755 1 832 1 909 1 1540 1540
72 1 103 1 216 1 243 1 509 1 756 1 833 1 910 1 1540 1540
73 1 104 1 217 1 244 1 510 1 757 1 834 1 911 1 1540 1540
74 1 105 1 218 1 245 1 511 1 758 1 835 1 912 1 1540 1540
75 1 106 1 219 1 246 1 512 1 759 1 836 1 913 1 1540 1540
76 1 107 1 220 1 247 1 513 1 760 1 837 1 914 1 1540 1540
0 1 108 1 221 1 248 1 514 1 761 1 838 1 915 1 1540 1540
1 1 109 1 222 1 249 1 515 1 762 1 839 1 916 1 1540 1540
2 1 110 1 223 1 250 1 516 1 763 1 840 1 917 1 1540 1540
3 1 111 1 224 1 251 1 517 1 764 1 841 1 918 1 1540 1540
4 1 112 1 225 1 252 1 518 1 765 1 842 1 919 1 1540 1540
5 1 113 1 226 1 253 1 519 1 766 1 843 1 920 1 1540 1540
6 1 114 1 227 1 254 1 520 1 767 1 844 1 921 1 1540 1540
7 1 115 1 228 1 255 1 521 1 768 1 845 1 922 1 1540 1540
8 1 116 1 229 1 256 1 522 1 769 1 846 1 923 1 1540 1540
39 1 269 1 356 1 433 1 483 1 567 1 635 1 740 1 847 1 924 1 1540 1540
40 1 270 1 357 1 434 1 484 1 568 1 636 1 741 1 848 1 925 1 1540 1540
41 1 271 1 358 1 435 1 485 1 569 1 637 1 742 1 849 1 926 1 1540 1540
42 1 272 1 359 1 436 1 486 1 570 1 638 1 743 1 850 1 927 1 1540 1540
43 1 273 1 360 1 437 1 487 1 571 1 639 1 744 1 851 1 928 1 1540 1540
44 1 274 1 361 1 438 1 488 1 572 1 640 1 745 1 852 1 929 1 1540 1540
45 1 275 1 362 1 439 1 489 1 573 1 641 1 746 1 853 1 930 1 1540 1540
46 1 276 1 363 1 440 1 490 1 574 1 642 1 747 1 854 1 931 1 1540 1540
47 1 277 1 364 1 441 1 491 1 575 1 643 1 748 1 855 1 932 1 1540 1540
48 1 278 1 365 1 442 1 492 1 576 1 644 1 749 1 856 1 933 1 1540 1540
49 1 279 1 366 1 443 1 493 1 577 1 645 1 750 1 857 1 934 1 1540 1540
50 1 280 1 367 1 444 1 494 1 578 1 646 1 751 1 858 1 935 1 1540 1540
51 1 281 1 368 1 445 1 495 1 579 1 647 1 752 1 859 1 936 1 1540 1540
52 1 282 1 369 1 446 1 496 1 580 1 648 1 753 1 860 1 937 1 1540 1540
53 1 283 1 370 1 447 1 497 1 581 1 649 1 754 1 861 1 938 1 1540 1540
54 1 284 1 371 1 448 1 498 1 582 1 650 1 755 1 862 1 939 1 1540 1540
55 1 285 1 372 1 449 1 499 1 583 1 651 1 756 1 863 1 940 1 1540 1540
56 1 286 1 373 1 450 1 500 1 584 1 652 1 757 1 864 1 941 1 1540 1540
57 1 287 1 374 1 451 1 501 1 585 1 653 1 758 1 865 1 942 1 1540 1540
58 1 288 1 375 1 452 1 502 1 586 1 654 1 759 1 866 1 943 1 1540 1540
59 1 289 1 376 1 453 1 503 1 587 1 655 1 760 1 867 1 944 1 1540 1540
60 1 290 1 377 1 454 1 504 1 588 1 656 1 761 1 868 1 945 1 1540 1540
61 1 291 1 378 1 455 1 505 1 589 1 657 1 762 1 869 1 946 1 1540 1540
62 1 292 1 379 1 456 1 506 1 590 1 658 1 763 1 870 1 947 1 1540 1540
63 1 293 1 380 1 457 1 507 1 591 1 659 1 764 1 871 1 948 1 1540 1540
64 1 294 1 381 1 458 1 508 1 592 1 660 1 765 1 872 1 949 1 1540 1540
65 1 295 1 382 1 459 1 509 1 593 1 661 1 766 1 873 1 950 1 1540 1540
66 1 296 1 383 1 460 1 510 1 594 1 662 1 767 1 874 1 951 1 1540 1540
67 1 297 1 384 1 461 1 511 1 595 1 663 1 768 1 875 1 952 1 1540 1540
68 1 298 1 308 1 385 1 512 1 596 1 664 1 769 1 876 1 953 1 1540 1540
69 1 299 1 309 1 386 1 513 1 597 1 665 1 693 1 877 1 954 1 1540 1540
70 1 300 1 310 1 387 1 514 1 598 1 666 1 694 1 878 1 955 1 1540 1540
71 1 301 1 311 1 388 1 515 1 599 1 667 1 695 1 879 1 956 1 1540 1540
72 1 302 1 312 1 389 1 516 1 600 1 668 1 696 1 880 1 957 1 1540 1540
73 1 303 1 313 1 390 1 517 1 601 1 669 1 697 1 881 1 958 1 1540 1540
74 1 304 1 314 1 391 1 518 1 602 1 670 1 698 1 882 1 959 1 1540 1540
75 1 305 1 315 1 392 1 519 1 603 1 671 1 699 1 883 1 960 1 1540 1540
76 1 306 1 316 1 393 1 520 1 604 1 672 1 700 1 884 1 961 1 1540 1540
0 1 307 1 317 1 394 1 521 1 605 1 673 1 701 1 885 1 962 1 1540 1540
1 1 231 1 318 1 395 1 522 1 606 1 674 1 702 1 886 1 963 1 1540 1540
2 1 232 1 319 1 396 1 523 1 607 1 675 1 703 1 887 1 964 1 1540 1540
3 1 233 1 320 1 397 1 524 1 608 1 676 1 704 1 888 1 965 1 1540 1540
4 1 234 1 321 1 398 1 525 1 609 1 677 1 705 1 889 1 966 1 1540 1540
5 1 235 1 322 1 399 1 526 1 610 1 678 1 706 1 890 1 967 1 1540 1540
6 1 236 1 323 1 400 1 527 1 611 1 679 1 707 1 891 1 968 1 1540 1540
7 1 237 1 324 1 401 1 528 1 612 1 680 1 708 1 892 1 969 1 1540 1540
8 1 238 1 325 1 402 1 529 1 613 1 681 1 709 1 893 1 970 1 1540 1540
9 1 239 1 326 1 403 1 530 1 614 1 682 1 710 1 894 1 971 1 1540 1540
10 1 240 1 327 1 404 1 531 1 615 1 683 1 711 1 895 1 972 1 1540 1540
11 1 241 1 328 1 405 1 532 1 539 1 684 1 712 1 896 1 973 1 1540 1540
12 1 242 1 329 1 406 1 533 1 540 1 685 1 713 1 897 1 974 1 1540 1540
13 1 243 1 330 1 407 1 534 1 541 1 686 1 714 1 898 1 975 1 1540 1540
14 1 244 1 331 1 408 1 535 1 542 1 687 1 715 1 899 1 976 1 1540 1540
15 1 245 1 332 1 409 1 536 1 543 1 688 1 716 1 900 1 977 1 1540 1540
16 1 246 1 333 1 410 1 537 1 544 1 689 1 717 1 901 1 978 1 1540 1540
17 1 247 1 334 1 411 1 538 1 545 1 690 1 718 1 902 1 979 1 1540 1540
18 1 248 1 335 1 412 1 462 1 546 1 691 1 719 1 903 1 980 1 1540 1540
19 1 249 1 336 1 413 1 463 1 547 1 692 1 720 1 904 1 981 1 1540 1540
20 1 250 1 337 1 414 1 464 1 548 1 616 1 721 1 905 1 982 1 1540 1540
21 1 251 1 338 1 415 1 465 1 549 1 617 1 722 1 906 1 983 1 1540 1540
22 1 252 1 339 1 416 1 466 1 550 1 618 1 723 1 907 1 984 1 1540 1540
23 1 253 1 340 1 417 1 467 1 551 1 619 1 724 1 908 1 985 1 1540 1540
24 1 254 1 341 1 418 1 468 1 552 1 620 1 725 1 909 1 986 1 1540 1540
25 1 255 1 342 1 419 1 469 1 553 1 621 1 726 1 910 1 987 1 1540 1540
26 1 256 1 343 1 420 1 470 1 554 1 622 1 727 1 911 1 988 1 1540 1540
27 1 257 1 344 1 421 1 471 1 555 1 623 1 728 1 912 1 989 1 1540 1540
28 1 258 1 345 1 422 1 472 1 556 1 624 1 729 1 913 1 990 1 1540 1540
29 1 259 1 346 1 423 1 473 1 557 1 625 1 730 1 914 1 991 1 1540 1540
30 1 260 1 347 1 424 1 474 1 558 1 626 1 731 1 915 1 992 1 1540 1540
31 1 261 1 348 1 425 1 475 1 559 1 627 1 732 1 916 1 993 1 1540 1540
32 1 262 1 349 1 426 1 476 1 560 1 628 1 733 1 917 1 994 1 1540 1540
33 1 263 1 350 1 427 1 477 1 561 1 629 1 734 1 918 1 995 1 1540 1540
34 1 264 1 351 1 428 1 478 1 562 1 630 1 735 1 919 1 996 1 1540 1540
35 1 265 1 352 1 429 1 479 1 563 1 631 1 736 1 920 1 997 1 1540 1540
36 1 266 1 353 1 430 1 480 1 564 1 632 1 737 1 921 1 998 1 1540 1540
37 1 267 1 354 1 431 1 481 1 565 1 633 1 738 1 922 1 999 1 1540 1540
38 1 268 1 355 1 432 1 482 1 566 1 634 1 739 1 923 1 1000 1 1540 1540
4 1 114 1 275 1 360 1 651 1 771 1 924 1 1001 1 1540 1540
5 1 115 1 276 1 361 1 652 1 772 1 925 1 1002 1 1540 1540
6 1 116 1 277 1 362 1 653 1 773 1 926 1 1003 1 1540 1540
7 1 117 1 278 1 363 1 654 1 774 1 927 1 1004 1 1540 1540
8 1 118 1 279 1 364 1 655 1 775 1 928 1 1005 1 1540 1540
9 1 119 1 280 1 365 1 656 1 776 1 929 1 1006 1 1540 1540
10 1 120 1 281 1 366 1 657 1 777 1 930 1 1007 1 1540 1540
11 1 121 1 282 1 367 1 658 1 778 1 931 1 1008 1 1540 1540
12 1 122 1 283 1 368 1 659 1 779 1 932 1 1009 1 1540 1540
13 1 123 1 284 1 369 1 660 1 780 1 933 1 1010 1 1540 1540
14 1 124 1 285 1 370 1 661 1 781 1 934 1 1011 1 1540 1540
15 1 125 1 286 1 371 1 662 1 782 1 935 1 1012 1 1540 1540
16 1 126 1 287 1 372 1 663 1 783 1 936 1 1013 1 1540 1540
17 1 127 1 288 1 373 1 664 1 784 1 937 1 1014 1 1540 1540
18 1 128 1 289 1 374 1 665 1 785 1 938 1 1015 1 1540 1540
19 1 129 1 290 1 375 1 666 1 786 1 939 1 1016 1 1540 1540
20 1 130 1 291 1 376 1 667 1 787 1 940 1 1017 1 1540 1540
21 1 131 1 292 1 377 1 668 1 788 1 941 1 1018 1 1540 1540
22 1 132 1 293 1 378 1 669 1 789 1 942 1 1019 1 1540 1540
23 1 133 1 294 1 379 1 670 1 790 1 943 1 1020 1 1540 1540
24 1 134 1 295 1 380 1 671 1 791 1 944 1 1021 1 1540 1540
25 1 135 1 296 1 381 1 672 1 792 1 945 1 1022 1 1540 1540
26 1 136 1 297 1 382 1 673 1 793 1 946 1 1023 1 1540 1540
27 1 137 1 298 1 383 1 674 1 794 1 947 1 1024 1 1540 1540
28 1 138 1 299 1 384 1 675 1 795 1 948 1 1025 1 1540 1540
29 1 139 1 300 1 308 1 676 1 796 1 949 1 1026 1 1540 1540
30 1 140 1 301 1 309 1 677 1 797 1 950 1 1027 1 1540 1540
31 1 141 1 302 1 310 1 678 1 798 1 951 1 1028 1 1540 1540
32 1 142 1 303 1 311 1 679 1 799 1 952 1 1029 1 1540 1540
33 1 143 1 304 1 312 1 680 1 800 1 953 1 1030 1 1540 1540
34 1 144 1 305 1 313 1 681 1 801 1 954 1 1031 1 1540 1540
35 1 145 1 306 1 314 1 682 1 802 1 955 1 1032 1 1540 1540
36 1 146 1 307 1 315 1 683 1 803 1 956 1 1033 1 1540 1540
37 1 147 1 231 1 316 1 684 1 804 1 957 1 1034 1 1540 1540
38 1 148 1 232 1 317 1 685 1 805 1 958 1 1035 1 1540 1540
39 1 149 1 233 1 318 1 686 1 806 1 959 1 1036 1 1540 1540
40 1 150 1 234 1 319 1 687 1 807 1 960 1 1037 1 1540 1540
41 1 151 1 235 1 320 1 688 1 808 1 961 1 1038 1 1540 1540
42 1 152 1 236 1 321 1 689 1 809 1 962 1 1039 1 1540 1540
43 1 153 1 237 1 322 1 690 1 810 1 963 1 1040 1 1540 1540
44 1 77 1 238 1 323 1 691 1 811 1 964 1 1041 1 1540 1540
45 1 78 1 239 1 324 1 692 1 812 1 965 1 1042 1 1540 1540
46 1 79 1 240 1 325 1 616 1 813 1 966 1 1043 1 1540 1540
47 1 80 1 241 1 326 1 617 1 814 1 967 1 1044 1 1540 1540
48 1 81 1 242 1 327 1 618 1 815 1 968 1 1045 1 1540 1540
49 1 82 1 243 1 328 1 619 1 816 1 969 1 1046 1 1540 1540
50 1 83 1 244 1 329 1 620 1 817 1 970 1 1047 1 1540 1540
51 1 84 1 245 1 330 1 621 1 818 1 971 1 1048 1 1540 1540
52 1 85 1 246 1 331 1 622 1 819 1 972 1 1049 1 1540 1540
53 1 86 1 247 1 332 1 623 1 820 1 973 1 1050 1 1540 1540
54 1 87 1 248 1 333 1 624 1 821 1 974 1 1051 1 1540 1540
55 1 88 1 249 1 334 1 625 1 822 1 975 1 1052 1 1540 1540
56 1 89 1 250 1 335 1 626 1 823 1 976 1 1053 1 1540 1540
57 1 90 1 251 1 336 1 627 1 824 1 977 1 1054 1 1540 1540
58 1 91 1 252 1 337 1 628 1 825 1 978 1 1055 1 1540 1540
59 1 92 1 253 1 338 1 629 1 826 1 979 1 1056 1 1540 1540
60 1 93 1 254 1 339 1 630 1 827 1 980 1 1057 1 1540 1540
61 1 94 1 255 1 340 1 631 1 828 1 981 1 1058 1 1540 1540
62 1 95 1 256 1 341 1 632 1 829 1 982 1 1059 1 1540 1540
63 1 96 1 257 1 342 1 633 1 830 1 983 1 1060 1 1540 1540
64 1 97 1 258 1 343 1 634 1 831 1 984 1 1061 1 1540 1540
65 1 98 1 259 1 344 1 635 1 832 1 985 1 1062 1 1540 1540
66 1 99 1 260 1 345 1 636 1 833 1 986 1 1063 1 1540 1540
67 1 100 1 261 1 346 1 637 1 834 1 987 1 1064 1 1540 1540
68 1 101 1 262 1 347 1 638 1 835 1 988 1 1065 1 1540 1540
69 1 102 1 263 1 348 1 639 1 836 1 989 1 1066 1 1540 1540
70 1 103 1 264 1 349 1 640 1 837 1 990 1 1067 1 1540 1540
71 1 104 1 265 1 350 1 641 1 838 1 991 1 1068 1 1540 1540
72 1 105 1 266 1 351 1 642 1 839 1 992 1 1069 1 1540 1540
73 1 106 1 267 1 352 1 643 1 840 1 993 1 1070 1 1540 1540
74 1 107 1 268 1 353 1 644 1 841 1 994 1 1071 1 1540 1540
75 1 108 1 269 1 354 1 645 1 842 1 995 1 1072 1 1540 1540
76 1 109 1 270 1 355 1 646 1 843 1 996 1 1073 1 1540 1540
0 1 110 1 271 1 356 1 647 1 844 1 997 1 1074 1 1540 1540
1 1 111 1 272 1 357 1 648 1 845 1 998 1 1075 1 1540 1540
2 1 112 1 273 1 358 1 649 1 846 1 999 1 1076 1 1540 1540
3 1 113 1 274 1 359 1 650 1 770 1 1000 1 1077 1 1540 1540
85 1 212 1 338 1 412 1 466 1 593 1 634 1 693 1 770 1 1001 1 1540 1540
86 1 213 1 339 1 413 1 467 1 594 1 635 1 694 1 771 1 1002 1 1540 1540
87 1 214 1 340 1 414 1 468 1 595 1 636 1 695 1 772 1 1003 1 1540 1540
88 1 215 1 341 1 415 1 469 1 596 1 637 1 696 1 773 1 1004 1 1540 1540
89 1 216 1 342 1 416 1 470 1 597 1 638 1 697 1 774 1 1005 1 1540 1540
90 1 217 1 343 1 417 1 471 1 598 1 639 1 698 1 775 1 1006 1 1540 1540
91 1 218 1 344 1 418 1 472 1 599 1 640 1 699 1 776 1 1007 1 1540 1540
92 1 219 1 345 1 419 1 473 1 600 1 641 1 700 1 777 1 1008 1 1540 1540
93 1 220 1 346 1 420 1 474 1 601 1 642 1 701 1 778 1 1009 1 1540 1540
94 1 221 1 347 1 421 1 475 1 602 1 643 1 702 1 779 1 1010 1 1540 1540
95 1 222 1 348 1 422 1 476 1 603 1 644 1 703 1 780 1 1011 1 1540 1540
96 1 223 1 349 1 423 1 477 1 604 1 645 1 704 1 781 1 1012 1 1540 1540
97 1 224 1 350 1 424 1 478 1 605 1 646 1 705 1 782 1 1013 1 1540 1540
98 1 225 1 351 1 425 1 479 1 606 1 647 1 706 1 783 1 1014 1 1540 1540
99 1 226 1 352 1 426 1 480 1 607 1 648 1 707 1 784 1 1015 1 1540 1540
100 1 227 1 353 1 427 1 481 1 608 1 649 1 708 1 785 1 1016 1 1540 1540
101 1 228 1 354 1 428 1 482 1 609 1 650 1 709 1 786 1 1017 1 1540 1540
102 1 229 1 355 1 429 1 483 1 610 1 651 1 710 1 787 1 1018 1 1540 1540
103 1 230 1 356 1 430 1 484 1 611 1 652 1 711 1 788 1 1019 1 1540 1540
104 1 154 1 357 1 431 1 485 1 612 1 653 1 712 1 789 1 1020 1 1540 1540
105 1 155 1 358 1 432 1 486 1 613 1 654 1 713 1 790 1 1021 1 1540 1540
106 1 156 1 359 1 433 1 487 1 614 1 655 1 714 1 791 1 1022 1 1540 1540
107 1 157 1 360 1 434 1 488 1 615 1 656 1 715 1 792 1 1023 1 1540 1540
108 1 158 1 361 1 435 1 489 1 539 1 657 1 716 1 793 1 1024 1 1540 1540
109 1 159 1 362 1 436 1 490 1 540 1 658 1 717 1 794 1 1025 1 1540 1540
110 1 160 1 363 1 437 1 491 1 541 1 659 1 718 1 795 1 1026 1 1540 1540
111 1 161 1 364 1 438 1 492 1 542 1 660 1 719 1 796 1 1027 1 1540 1540
112 1 162 1 365 1 439 1 493 1 543 1 661 1 720 1 797 1 1028 1 1540 1540
113 1 163 1 366 1 440 1 494 1 544 1 662 1 721 1 798 1 1029 1 1540 1540
114 1 164 1 367 1 441 1 495 1 545 1 663 1 722 1 799 1 1030 1 1540 1540
115 1 165 1 368 1 442 1 496 1 546 1 664 1 723 1 800 1 1031 1 1540 1540
116 1 166 1 369 1 443 1 497 1 547 1 665 1 724 1 801 1 1032 1 1540 1540
117 1 167 1 370 1 444 1 498 1 548 1 666 1 725 1 802 1 1033 1 1540 1540
118 1 168 1 371 1 445 1 499 1 549 1 667 1 726 1 803 1 1034 1 1540 1540
119 1 169 1 372 1 446 1 500 1 550 1 668 1 727 1 804 1 1035 1 1540 1540
120 1 170 1 373 1 447 1 501 1 551 1 669 1 728 1 805 1 1036 1 1540 1540
121 1 171 1 374 1 448 1 502 1 552 1 670 1 729 1 806 1 1037 1 1540 1540
122 1 172 1 375 1 449 1 503 1 553 1 671 1 730 1 807 1 1038 1 1540 1540
123 1 173 1 376 1 450 1 504 1 554 1 672 1 731 1 808 1 1039 1 1540 1540
124 1 174 1 377 1 451 1 505 1 555 1 673 1 732 1 809 1 1040 1 1540 1540
125 1 175 1 378 1 452 1 506 1 556 1 674 1 733 1 810 1 1041 1 1540 1540
126 1 176 1 379 1 453 1 507 1 557 1 675 1 734 1 811 1 1042 1 1540 1540
127 1 177 1 380 1 454 1 508 1 558 1 676 1 735 1 812 1 1043 1 1540 1540
128 1 178 1 381 1 455 1 509 1 559 1 677 1 736 1 813 1 1044 1 1540 1540
129 1 179 1 382 1 456 1 510 1 560 1 678 1 737 1 814 1 1045 1 1540 1540
130 1 180 1 383 1 457 1 511 1 561 1 679 1 738 1 815 1 1046 1 1540 1540
131 1 181 1 384 1 458 1 512 1 562 1 680 1 739 1 816 1 1047 1 1540 1540
132 1 182 1 308 1 459 1 513 1 563 1 681 1 740 1 817 1 1048 1 1540 1540
133 1 183 1 309 1 460 1 514 1 564 1 682 1 741 1 818 1 1049 1 1540 1540
134 1 184 1 310 1 461 1 515 1 565 1 683 1 742 1 819 1 1050 1 1540 1540
135 1 185 1 311 1 385 1 516 1 566 1 684 1 743 1 820 1 1051 1 1540 1540
136 1 186 1 312 1 386 1 517 1 567 1 685 1 744 1 821 1 1052 1 1540 1540
137 1 187 1 313 1 387 1 518 1 568 1 686 1 745 1 822 1 1053 1 1540 1540
138 1 188 1 314 1 388 1 519 1 569 1 687 1 746 1 823 1 1054 1 1540 1540
139 1 189 1 315 1 389 1 520 1 570 1 688 1 747 1 824 1 1055 1 1540 1540
140 1 190 1 316 1 390 1 521 1 571 1 689 1 748 1 825 1 1056 1 1540 1540
141 1 191 1 317 1 391 1 522 1 572 1 690 1 749 1 826 1 1057 1 1540 1540
142 1 192 1 318 1 392 1 523 1 573 1 691 1 750 1 827 1 1058 1 1540 1540
143 1 193 1 319 1 393 1 524 1 574 1 692 1 751 1 828 1 1059 1 1540 1540
144 1 194 1 320 1 394 1 525 1 575 1 616 1 752 1 829 1 1060 1 1540 1540
145 1 195 1 321 1 395 1 526 1 576 1 617 1 753 1 830 1 1061 1 1540 1540
146 1 196 1 322 1 396 1 527 1 577 1 618 1 754 1 831 1 1062 1 1540 1540
147 1 197 1 323 1 397 1 528 1 578 1 619 1 755 1 832 1 1063 1 1540 1540
148 1 198 1 324 1 398 1 529 1 579 1 620 1 756 1 833 1 1064 1 1540 1540
149 1 199 1 325 1 399 1 530 1 580 1 621 1 757 1 834 1 1065 1 1540 1540
150 1 200 1 326 1 400 1 531 1 581 1 622 1 758 1 835 1 1066 1 1540 1540
151 1 201 1 327 1 401 1 532 1 582 1 623 1 759 1 836 1 1067 1 1540 1540
152 1 202 1 328 1 402 1 533 1 583 1 624 1 760 1 837 1 1068 1 1540 1540
153 1 203 1 329 1 403 1 534 1 584 1 625 1 761 1 838 1 1069 1 1540 1540
77 1 204 1 330 1 404 1 535 1 585 1 626 1 762 1 839 1 1070 1 1540 1540
78 1 205 1 331 1 405 1 536 1 586 1 627 1 763 1 840 1 1071 1 1540 1540
79 1 206 1 332 1 406 1 537 1 587 1 628 1 764 1 841 1 1072 1 1540 1540
80 1 207 1 333 1 407 1 538 1 588 1 629 1 765 1 842 1 1073 1 1540 1540
81 1 208 1 334 1 408 1 462 1 589 1 630 1 766 1 843 1 1074 1 1540 1540
82 1 209 1 335 1 409 1 463 1 590 1 631 1 767 1 844 1 1075 1 1540 1540
83 1 210 1 336 1 410 1 464 1 591 1 632 1 768 1 845 1 1076 1 1540 1540
84 1 211 1 337 1 411 1 465 1 592 1 633 1 769 1 846 1 1077 1 1540 1540
51 1 86 1 918 1 1078 1 1540 1540
52 1 87 1 919 1 1079 1 1540 1540
53 1 88 1 920 1 1080 1 1540 1540
54 1 89 1 921 1 1081 1 1540 1540
55 1 90 1 922 1 1082 1 1540 1540
56 1 91 1 923 1 1083 1 1540 1540
57 1 92 1 847 1 1084 1 1540 1540
58 1 93 1 848 1 1085 1 1540 1540
59 1 94 1 849 1 1086 1 1540 1540
60 1 95 1 850 1 1087 1 1540 1540
61 1 96 1 851 1 1088 1 1540 1540
62 1 97 1 852 1 1089 1 1540 1540
63 1 98 1 853 1 1090 1 1540 1540
64 1 99 1 854 1 1091 1 1540 1540
65 1 100 1 855 1 1092 1 1540 1540
66 1 101 1 856 1 1093 1 1540 1540
67 1 102 1 857 1 1094 1 1540 1540
68 1 103 1 858 1 1095 1 1540 1540
69 1 104 1 859 1 1096 1 1540 1540
70 1 105 1 860 1 1097 1 1540 1540
71 1 106 1 861 1 1098 1 1540 1540
72 1 107 1 862 1 1099 1 1540 1540
73 1 108 1 863 1 1100 1 1540 1540
74 1 109 1 864 1 1101 1 1540 1540
75 1 110 1 865 1 1102 1 1540 1540
76 1 111 1 866 1 1103 1 1540 1540
0 1 112 1 867 1 1104 1 1540 1540
1 1 113 1 868 1 1105 1 1540 1540
2 1 114 1 869 1 1106 1 1540 1540
3 1 115 1 870 1 1107 1 1540 1540
4 1 116 1 871 1 1108 1 1540 1540
5 1 117 1 872 1 1109 1 1540 1540
6 1 118 1 873 1 1110 1 1540 1540
7 1 119 1 874 1 1111 1 1540 1540
8 1 120 1 875 1 1112 1 1540 1540
9 1 121 1 876 1 1113 1 1540 1540
10 1 122 1 877 1 1114 1 1540 1540
11 1 123 1 878 1 1115 1 1540 1540
12 1 124 1 879 1 1116 1 1540 1540
13 1 125 1 880 1 1117 1 1540 1540
14 1 126 1 881 1 1118 1 1540 1540
15 1 127 1 882 1 1119 1 1540 1540
16 1 128 1 883 1 1120 1 1540 1540
17 1 129 1 884 1 1121 1 1540 1540
18 1 130 1 885 1 1122 1 1540 1540
19 1 131 1 886 1 1123 1 1540 1540
20 1 132 1 887 1 1124 1 1540 1540
21 1 133 1 888 1 1125 1 1540 1540
22 1 134 1 889 1 1126 1 1540 1540
23 1 135 1 890 1 1127 1 1540 1540
24 1 136 1 891 1 1128 1 1540 1540
25 1 137 1 892 1 1129 1 1540 1540
26 1 138 1 893 1 1130 1 1540 1540
27 1 139 1 894 1 1131 1 1540 1540
28 1 140 1 895 1 1132 1 1540 1540
29 1 141 1 896 1 1133 1 1540 1540
30 1 142 1 897 1 1134 1 1540 1540
31 1 143 1 898 1 1135 1 1540 1540
32 1 144 1 899 1 1136 1 1540 1540
33 1 145 1 900 1 1137 1 1540 1540
34 1 146 1 901 1 1138 1 1540 1540
35 1 147 1 902 1 1139 1 1540 1540
36 1 148 1 903 1 1140 1 1540 1540
37 1 149 1 904 1 1141 1 1540 1540
38 1 150 1 905 1 1142 1 1540 1540
39 1 151 1 906 1 1143 1 1540 1540
40 1 152 1 907 1 1144 1 1540 1540
41 1 153 1 908 1 1145 1 1540 1540
42 1 77 1 909 1 1146 1 1540 1540
43 1 78 1 910 1 1147 1 1540 1540
44 1 79 1 911 1 1148 1 1540 1540
45 1 80 1 912 1 1149 1 1540 1540
46 1 81 1 913 1 1150 1 1540 1540
47 1 82 1 914 1 1151 1 1540 1540
48 1 83 1 915 1 1152 1 1540 1540
49 1 84 1 916 1 1153 1 1540 1540
50 1 85 1 917 1 1154 1 1540 1540
26 1 118 1 451 1 570 1 873 1 1155 1 1540 1540
27 1 119 1 452 1 571 1 874 1 1156 1 1540 1540
28 1 120 1 453 1 572 1 875 1 1157 1 1540 1540
29 1 121 1 454 1 573 1 876 1 1158 1 1540 1540
30 1 122 1 455 1 574 1 877 1 1159 1 1540 1540
31 1 123 1 456 1 575 1 878 1 1160 1 1540 1540
32 1 124 1 457 1 576 1 879 1 1161 1 1540 1540
33 1 125 1 458 1 577 1 880 1 1162 1 1540 1540
34 1 126 1 459 1 578 1 881 1 1163 1 1540 1540
35 1 127 1 460 1 579 1 882 1 1164 1 1540 1540
36 1 128 1 461 1 580 1 883 1 1165 1 1540 1540
37 1 129 1 385 1 581 1 884 1 1166 1 1540 1540
38 1 130 1 386 1 582 1 885 1 1167 1 1540 1540
39 1 131 1 387 1 583 1 886 1 1168 1 1540 1540
40 1 132 1 388 1 584 1 887 1 1169 1 1540 1540
41 1 133 1 389 1 585 1 888 1 1170 1 1540 1540
42 1 134 1 390 1 586 1 889 1 1171 1 1540 1540
43 1 135 1 391 1 587 1 890 1 1172 1 1540 1540
44 1 136 1 392 1 588 1 891 1 1173 1 1540 1540
45 1 137 1 393 1 589 1 892 1 1174 1 1540 1540
46 1 138 1 394 1 590 1 893 1 1175 1 1540 1540
47 1 139 1 395 1 591 1 894 1 1176 1 1540 1540
48 1 140 1 396 1 592 1 895 1 1177 1 1540 1540
49 1 141 1 397 1 593 1 896 1 1178 1 1540 1540
50 1 142 1 398 1 594 1 897 1 1179 1 1540 1540
51 1 143 1 399 1 595 1 898 1 1180 1 1540 1540
52 1 144 1 400 1 596 1 899 1 1181 1 1540 1540
53 1 145 1 401 1 597 1 900 1 1182 1 1540 1540
54 1 146 1 402 1 598 1 901 1 1183 1 1540 1540
55 1 147 1 403 1 599 1 902 1 1184 1 1540 1540
56 1 148 1 404 1 600 1 903 1 1185 1 1540 1540
57 1 149 1 405 1 601 1 904 1 1186 1 1540 1540
58 1 150 1 406 1 602 1 905 1 1187 1 1540 1540
59 1 151 1 407 1 603 1 906 1 1188 1 1540 1540
60 1 152 1 408 1 604 1 907 1 1189 1 1540 1540
61 1 153 1 409 1 605 1 908 1 1190 1 1540 1540
62 1 77 1 410 1 606 1 909 1 1191 1 1540 1540
63 1 78 1 411 1 607 1 910 1 1192 1 1540 1540
64 1 79 1 412 1 608 1 911 1 1193 1 1540 1540
65 1 80 1 413 1 609 1 912 1 1194 1 1540 1540
66 1 81 1 414 1 610 1 913 1 1195 1 1540 1540
67 1 82 1 415 1 611 1 914 1 1196 1 1540 1540
68 1 83 1 416 1 612 1 915 1 1197 1 1540 1540
69 1 84 1 417 1 613 1 916 1 1198 1 1540 1540
70 1 85 1 418 1 614 1 917 1 1199 1 1540 1540
71 1 86 1 419 1 615 1 918 1 1200 1 1540 1540
72 1 87 1 420 1 539 1 919 1 1201 1 1540 1540
73 1 88 1 421 1 540 1 920 1 1202 1 1540 1540
74 1 89 1 422 1 541 1 921 1 1203 1 1540 1540
75 1 90 1 423 1 542 1 922 1 1204 1 1540 1540
76 1 91 1 424 1 543 1 923 1 1205 1 1540 1540
0 1 92 1 425 1 544 1 847 1 1206 1 1540 1540
1 1 93 1 426 1 545 1 848 1 1207 1 1540 1540
2 1 94 1 427 1 546 1 849 1 1208 1 1540 1540
3 1 95 1 428 1 547 1 850 1 1209 1 1540 1540
4 1 96 1 429 1 548 1 851 1 1210 1 1540 1540
5 1 97 1 430 1 549 1 852 1 1211 1 1540 1540
6 1 98 1 431 1 550 1 853 1 1212 1 1540 1540
7 1 99 1 432 1 551 1 854 1 1213 1 1540 1540
8 1 100 1 433 1 552 1 855 1 1214 1 1540 1540
9 1 101 1 434 1 553 1 856 1 1215 1 1540 1540
10 1 102 1 435 1 554 1 857 1 1216 1 1540 1540
11 1 103 1 436 1 555 1 858 1 1217 1 1540 1540
12 1 104 1 437 1 556 1 859 1 1218 1 1540 1540
13 1 105 1 438 1 557 1 860 1 1219 1 1540 1540
14 1 106 1 439 1 558 1 861 1 1220 1 1540 1540
15 1 107 1 440 1 559 1 862 1 1221 1 1540 1540
16 1 108 1 441 1 560 1 863 1 1222 1 1540 1540
17 1 109 1 442 1 561 1 864 1 1223 1 1540 1540
18 1 110 1 443 1 562 1 865 1 1224 1 1540 1540
19 1 111 1 444 1 563 1 866 1 1225 1 1540 1540
20 1 112 1 445 1 564 1 867 1 1226 1 1540 1540
21 1 113 1 446 1 565 1 868 1 1227 1 1540 1540
22 1 114 1 447 1 566 1 869 1 1228 1 1540 1540
23 1 115 1 448 1 567 1 870 1 1229 1 1540 1540
24 1 116 1 449 1 568 1 871 1 1230 1 1540 1540
25 1 117 1 450 1 569 1 872 1 1231 1 1540 1540
27 1 408 1 584 1 721 1 877 1 1232 1 1540 1540
28 1 409 1 585 1 722 1 878 1 1233 1 1540 1540
29 1 410 1 586 1 723 1 879 1 1234 1 1540 1540
30 1 411 1 587 1 724 1 880 1 1235 1 1540 1540
31 1 412 1 588 1 725 1 881 1 1236 1 1540 1540
32 1 413 1 589 1 726 1 882 1 1237 1 1540 1540
33 1 414 1 590 1 727 1 883 1 1238 1 1540 1540
34 1 415 1 591 1 728 1 884 1 1239 1 1540 1540
35 1 416 1 592 1 729 1 885 1 1240 1 1540 1540
36 1 417 1 593 1 730 1 886 1 1241 1 1540 1540
37 1 418 1 594 1 731 1 887 1 1242 1 1540 1540
38 1 419 1 595 1 732 1 888 1 1243 1 1540 1540
39 1 420 1 596 1 733 1 889 1 1244 1 1540 1540
40 1 421 1 597 1 734 1 890 1 1245 1 1540 1540
41 1 422 1 598 1 735 1 891 1 1246 1 1540 1540
42 1 423 1 599 1 736 1 892 1 1247 1 1540 1540
43 1 424 1 600 1 737 1 893 1 1248 1 1540 1540
44 1 425 1 601 1 738 1 894 1 1249 1 1540 1540
45 1 426 1 602 1 739 1 895 1 1250 1 1540 1540
46 1 427 1 603 1 740 1 896 1 1251 1 1540 1540
47 1 428 1 604 1 741 1 897 1 1252 1 1540 1540
48 1 429 1 605 1 742 1 898 1 1253 1 1540 1540
49 1 430 1 606 1 743 1 899 1 1254 1 1540 1540
50 1 431 1 607 1 744 1 900 1 1255 1 1540 1540
51 1 432 1 608 1 745 1 901 1 1256 1 1540 1540
52 1 433 1 609 1 746 1 902 1 1257 1 1540 1540
53 1 434 1 610 1 747 1 903 1 1258 1 1540 1540
54 1 435 1 611 1 748 1 904 1 1259 1 1540 1540
55 1 436 1 612 1 749 1 905 1 1260 1 1540 1540
56 1 437 1 613 1 750 1 906 1 1261 1 1540 1540
57 1 438 1 614 1 751 1 907 1 1262 1 1540 1540
58 1 439 1 615 1 752 1 908 1 1263 1 1540 1540
59 1 440 1 539 1 753 1 909 1 1264 1 1540 1540
60 1 441 1 540 1 754 1 910 1 1265 1 1540 1540
61 1 442 1 541 1 755 1 911 1 1266 1 1540 1540
62 1 443 1 542 1 756 1 912 1 1267 1 1540 1540
63 1 444 1 543 1 757 1 913 1 1268 1 1540 1540
64 1 445 1 544 1 758 1 914 1 1269 1 1540 1540
65 1 446 1 545 1 759 1 915 1 1270 1 1540 1540
66 1 447 1 546 1 760 1 916 1 1271 1 1540 1540
67 1 448 1 547 1 761 1 917 1 1272 1 1540 1540
68 1 449 1 548 1 762 1 918 1 1273 1 1540 1540
69 1 450 1 549 1 763 1 919 1 1274 1 1540 1540
70 1 451 1 550 1 764 1 920 1 1275 1 1540 1540
71 1 452 1 551 1 765 1 921 1 1276 1 1540 1540
72 1 453 1 552 1 766 1 922 1 1277 1 1540 1540
73 1 454 1 553 1 767 1 923 1 1278 1 1540 1540
74 1 455 1 554 1 768 1 847 1 1279 1 1540 1540
75 1 456 1 555 1 769 1 848 1 1280 1 1540 1540
76 1 457 1 556 1 693 1 849 1 1281 1 1540 1540
0 1 458 1 557 1 694 1 850 1 1282 1 1540 1540
1 1 459 1 558 1 695 1 851 1 1283 1 1540 1540
2 1 460 1 559 1 696 1 852 1 1284 1 1540 1540
3 1 461 1 560 1 697 1 853 1 1285 1 1540 1540
4 1 385 1 561 1 698 1 854 1 1286 1 1540 1540
5 1 386 1 562 1 699 1 855 1 1287 1 1540 1540
6 1 387 1 563 1 700 1 856 1 1288 1 1540 1540
7 1 388 1 564 1 701 1 857 1 1289 1 1540 1540
8 1 389 1 565 1 702 1 858 1 1290 1 1540 1540
9 1 390 1 566 1 703 1 859 1 1291 1 1540 1540
10 1 391 1 567 1 704 1 860 1 1292 1 1540 1540
11 1 392 1 568 1 705 1 861 1 1293 1 1540 1540
12 1 393 1 569 1 706 1 862 1 1294 1 1540 1540
13 1 394 1 570 1 707 1 863 1 1295 1 1540 1540
14 1 395 1 571 1 708 1 864 1 1296 1 1540 1540
15 1 396 1 572 1 709 1 865 1 1297 1 1540 1540
16 1 397 1 573 1 710 1 866 1 1298 1 1540 1540
17 1 398 1 574 1 711 1 867 1 1299 1 1540 1540
18 1 399 1 575 1 712 1 868 1 1300 1 1540 1540
19 1 400 1 576 1 713 1 869 1 1301 1 1540 1540
20 1 401 1 577 1 714 1 870 1 1302 1 1540 1540
21 1 402 1 578 1 715 1 871 1 1303 1 1540 1540
22 1 403 1 579 1 716 1 872 1 1304 1 1540 1540
23 1 404 1 580 1 717 1 873 1 1305 1 1540 1540
24 1 405 1 581 1 718 1 874 1 1306 1 1540 1540
25 1 406 1 582 1 719 1 875 1 1307 1 1540 1540
26 1 407 1 583 1 720 1 876 1 1308 1 1540 1540
78 1 404 1 551 1 850 1 1040 1 1309 1 1540 1540
79 1 405 1 552 1 851 1 1041 1 1310 1 1540 1540
80 1 406 1 553 1 852 1 1042 1 1311 1 1540 1540
81 1 407 1 554 1 853 1 1043 1 1312 1 1540 1540
82 1 408 1 555 1 854 1 1044 1 1313 1 1540 1540
83 1 409 1 556 1 855 1 1045 1 1314 1 1540 1540
84 1 410 1 557 1 856 1 1046 1 1315 1 1540 1540
85 1 411 1 558 1 857 1 1047 1 1316 1 1540 1540
86 1 412 1 559 1 858 1 1048 1 1317 1 1540 1540
87 1 413 1 560 1 859 1 1049 1 1318 1 1540 1540
88 1 414 1 561 1 860 1 1050 1 1319 1 1540 1540
89 1 415 1 562 1 861 1 1051 1 1320 1 1540 1540
90 1 416 1 563 1 862 1 1052 1 1321 1 1540 1540
91 1 417 1 564 1 863 1 1053 1 1322 1 1540 1540
92 1 418 1 565 1 864 1 1054 1 1323 1 1540 1540
93 1 419 1 566 1 865 1 1055 1 1324 1 1540 1540
94 1 420 1 567 1 866 1 1056 1 1325 1 1540 1540
95 1 421 1 568 1 867 1 1057 1 1326 1 1540 1540
96 1 422 1 569 1 868 1 1058 1 1327 1 1540 1540
97 1 423 1 570 1 869 1 1059 1 1328 1 1540 1540
98 1 424 1 571 1 870 1 1060 1 1329 1 1540 1540
99 1 425 1 572 1 871 1 1061 1 1330 1 1540 1540
100 1 426 1 573 1 872 1 1062 1 1331 1 1540 1540
101 1 427 1 574 1 873 1 1063 1 1332 1 1540 1540
102 1 428 1 575 1 874 1 1064 1 1333 1 1540 1540
103 1 429 1 576 1 875 1 1065 1 1334 1 1540 1540
104 1 430 1 577 1 876 1 1066 1 1335 1 1540 1540
105 1 431 1 578 1 877 1 1067 1 1336 1 1540 1540
106 1 432 1 579 1 878 1 1068 1 1337 1 1540 1540
107 1 433 1 580 1 879 1 1069 1 1338 1 1540 1540
108 1 434 1 581 1 880 1 1070 1 1339 1 1540 1540
109 1 435 1 582 1 881 1 1071 1 1340 1 1540 1540
110 1 436 1 583 1 882 1 1072 1 1341 1 1540 1540
111 1 437 1 584 1 883 1 1073 1 1342 1 1540 1540
112 1 438 1 585 1 884 1 1074 1 1343 1 1540 1540
113 1 439 1 586 1 885 1 1075 1 1344 1 1540 1540
114 1 440 1 587 1 886 1 1076 1 1345 1 1540 1540
115 1 441 1 588 1 887 1 1077 1 1346 1 1540 1540
116 1 442 1 589 1 888 1 1001 1 1347 1 1540 1540
117 1 443 1 590 1 889 1 1002 1 1348 1 1540 1540
118 1 444 1 591 1 890 1 1003 1 1349 1 1540 1540
119 1 445 1 592 1 891 1 1004 1 1350 1 1540 1540
120 1 446 1 593 1 892 1 1005 1 1351 1 1540 1540
121 1 447 1 594 1 893 1 1006 1 1352 1 1540 1540
122 1 448 1 595 1 894 1 1007 1 1353 1 1540 1540
123 1 449 1 596 1 895 1 1008 1 1354 1 1540 1540
124 1 450 1 597 1 896 1 1009 1 1355 1 1540 1540
125 1 451 1 598 1 897 1 1010 1 1356 1 1540 1540
126 1 452 1 599 1 898 1 1011 1 1357 1 1540 1540
127 1 453 1 600 1 899 1 1012 1 1358 1 1540 1540
128 1 454 1 601 1 900 1 1013 1 1359 1 1540 1540
129 1 455 1 602 1 901 1 1014 1 1360 1 1540 1540
130 1 456 1 603 1 902 1 1015 1 1361 1 1540 1540
131 1 457 1 604 1 903 1 1016 1 1362 1 1540 1540
132 1 458 1 605 1 904 1 1017 1 1363 1 1540 1540
133 1 459 1 606 1 905 1 1018 1 1364 1 1540 1540
134 1 460 1 607 1 906 1 1019 1 1365 1 1540 1540
135 1 461 1 608 1 907 1 1020 1 1366 1 1540 1540
136 1 385 1 609 1 908 1 1021 1 1367 1 1540 1540
137 1 386 1 610 1 909 1 1022 1 1368 1 1540 1540
138 1 387 1 611 1 910 1 1023 1 1369 1 1540 1540
139 1 388 1 612 1 911 1 1024 1 1370 1 1540 1540
140 1 389 1 613 1 912 1 1025 1 1371 1 1540 1540
141 1 390 1 614 1 913 1 1026 1 1372 1 1540 1540
142 1 391 1 615 1 914 1 1027 1 1373 1 1540 1540
143 1 392 1 539 1 915 1 1028 1 1374 1 1540 1540
144 1 393 1 540 1 916 1 1029 1 1375 1 1540 1540
145 1 394 1 541 1 917 1 1030 1 1376 1 1540 1540
146 1 395 1 542 1 918 1 1031 1 1377 1 1540 1540
147 1 396 1 543 1 919 1 1032 1 1378 1 1540 1540
148 1 397 1 544 1 920 1 1033 1 1379 1 1540 1540
149 1 398 1 545 1 921 1 1034 1 1380 1 1540 1540
150 1 399 1 546 1 922 1 1035 1 1381 1 1540 1540
151 1 400 1 547 1 923 1 1036 1 1382 1 1540 1540
152 1 401 1 548 1 847 1 1037 1 1383 1 1540 1540
153 1 402 1 549 1 848 1 1038 1 1384 1 1540 1540
77 1 403 1 550 1 849 1 1039 1 1385 1 1540 1540
14 1 94 1 949 1 1386 1 1540 1540
15 1 95 1 950 1 1387 1 1540 1540
16 1 96 1 951 1 1388 1 1540 1540
17 1 97 1 952 1 1389 1 1540 1540
18 1 98 1 953 1 1390 1 1540 1540
19 1 99 1 954 1 1391 1 1540 1540
20 1 100 1 955 1 1392 1 1540 1540
21 1 101 1 956 1 1393 1 1540 1540
22 1 102 1 957 1 1394 1 1540 1540
23 1 103 1 958 1 1395 1 1540 1540
24 1 104 1 959 1 1396 1 1540 1540
25 1 105 1 960 1 1397 1 1540 1540
26 1 106 1 961 1 1398 1 1540 1540
27 1 107 1 962 1 1399 1 1540 1540
28 1 108 1 963 1 1400 1 1540 1540
29 1 109 1 964 1 1401 1 1540 1540
30 1 110 1 965 1 1402 1 1540 1540
31 1 111 1 966 1 1403 1 1540 1540
32 1 112 1 967 1 1404 1 1540 1540
33 1 113 1 968 1 1405 1 1540 1540
34 1 114 1 969 1 1406 1 1540 1540
35 1 115 1 970 1 1407 1 1540 1540
36 1 116 1 971 1 1408 1 1540 1540
37 1 117 1 972 1 1409 1 1540 1540
38 1 118 1 973 1 1410 1 1540 1540
39 1 119 1 974 1 1411 1 1540 1540
40 1 120 1 975 1 1412 1 1540 1540
41 1 121 1 976 1 1413 1 1540 1540
42 1 122 1 977 1 1414 1 1540 1540
43 1 123 1 978 1 1415 1 1540 1540
44 1 124 1 979 1 1416 1 1540 1540
45 1 125 1 980 1 1417 1 1540 1540
46 1 126 1 981 1 1418 1 1540 1540
47 1 127 1 982 1 1419 1 1540 1540
48 1 128 1 983 1 1420 1 1540 1540
49 1 129 1 984 1 1421 1 1540 1540
50 1 130 1 985 1 1422 1 1540 1540
51 1 131 1 986 1 1423 1 1540 1540
52 1 132 1 987 1 1424 1 1540 1540
53 1 133 1 988 1 1425 1 1540 1540
54 1 134 1 989 1 1426 1 1540 1540
55 1 135 1 990 1 1427 1 1540 1540
56 1 136 1 991 1 1428 1 1540 1540
57 1 137 1 992 1 1429 1 1540 1540
58 1 138 1 993 1 1430 1 1540 1540
59 1 139 1 994 1 1431 1 1540 1540
60 1 140 1 995 1 1432 1 1540 1540
61 1 141 1 996 1 1433 1 1540 1540
62 1 142 1 997 1 1434 1 1540 1540
63 1 143 1 998 1 1435 1 1540 1540
64 1 144 1 999 1 1436 1 1540 1540
65 1 145 1 1000 1 1437 1 1540 1540
66 1 146 1 924 1 1438 1 1540 1540
67 1 147 1 925 1 1439 1 1540 1540
68 1 148 1 926 1 1440 1 1540 1540
69 1 149 1 927 1 1441 1 1540 1540
70 1 150 1 928 1 1442 1 1540 1540
71 1 151 1 929 1 1443 1 1540 1540
72 1 152 1 930 1 1444 1 1540 1540
73 1 153 1 931 1 1445 1 1540 1540
74 1 77 1 932 1 1446 1 1540 1540
75 1 78 1 933 1 1447 1 1540 1540
76 1 79 1 934 1 1448 1 1540 1540
0 1 80 1 935 1 1449 1 1540 1540
1 1 81 1 936 1 1450 1 1540 1540
2 1 82 1 937 1 1451 1 1540 1540
3 1 83 1 938 1 1452 1 1540 1540
4 1 84 1 939 1 1453 1 1540 1540
5 1 85 1 940 1 1454 1 1540 1540
6 1 86 1 941 1 1455 1 1540 1540
7 1 87 1 942 1 1456 1 1540 1540
8 1 88 1 943 1 1457 1 1540 1540
9 1 89 1 944 1 1458 1 1540 1540
10 1 90 1 945 1 1459 1 1540 1540
11 1 91 1 946 1 1460 1 1540 1540
12 1 92 1 947 1 1461 1 1540 1540
13 1 93 1 948 1 1462 1 1540 1540
152 1 616 1 831 1 889 1 1463 1 1540 1540
153 1 617 1 832 1 890 1 1464 1 1540 1540
77 1 618 1 833 1 891 1 1465 1 1540 1540
78 1 619 1 834 1 892 1 1466 1 1540 1540
79 1 620 1 835 1 893 1 1467 1 1540 1540
80 1 621 1 836 1 894 1 1468 1 1540 1540
81 1 622 1 837 1 895 1 1469 1 1540 1540
82 1 623 1 838 1 896 1 1470 1 1540 1540
83 1 624 1 839 1 897 1 1471 1 1540 1540
84 1 625 1 840 1 898 1 1472 1 1540 1540
85 1 626 1 841 1 899 1 1473 1 1540 1540
86 1 627 1 842 1 900 1 1474 1 1540 1540
87 1 628 1 843 1 901 1 1475 1 1540 1540
88 1 629 1 844 1 902 1 1476 1 1540 1540
89 1 630 1 845 1 903 1 1477 1 1540 1540
90 1 631 1 846 1 904 1 1478 1 1540 1540
91 1 632 1 770 1 905 1 1479 1 1540 1540
92 1 633 1 771 1 906 1 1480 1 1540 1540
93 1 634 1 772 1 907 1 1481 1 1540 1540
94 1 635 1 773 1 908 1 1482 1 1540 1540
95 1 636 1 774 1 909 1 1483 1 1540 1540
96 1 637 1 775 1 910 1 1484 1 1540 1540
97 1 638 1 776 1 911 1 1485 1 1540 1540
98 1 639 1 777 1 912 1 1486 1 1540 1540
99 1 640 1 778 1 913 1 1487 1 1540 1540
100 1 641 1 779 1 914 1 1488 1 1540 1540
101 1 642 1 780 1 915 1 1489 1 1540 1540
102 1 643 1 781 1 916 1 1490 1 1540 1540
103 1 644 1 782 1 917 1 1491 1 1540 1540
104 1 645 1 783 1 918 1 1492 1 1540 1540
105 1 646 1 784 1 919 1 1493 1 1540 1540
106 1 647 1 785 1 920 1 1494 1 1540 1540
107 1 648 1 786 1 921 1 1495 1 1540 1540
108 1 649 1 787 1 922 1 1496 1 1540 1540
109 1 650 1 788 1 923 1 1497 1 1540 1540
110 1 651 1 789 1 847 1 1498 1 1540 1540
111 1 652 1 790 1 848 1 1499 1 1540 1540
112 1 653 1 791 1 849 1 1500 1 1540 1540
113 1 654 1 792 1 850 1 1501 1 1540 1540
114 1 655 1 793 1 851 1 1502 1 1540 1540
115 1 656 1 794 1 852 1 1503 1 1540 1540
116 1 657 1 795 1 853 1 1504 1 1540 1540
117 1 658 1 796 1 854 1 1505 1 1540 1540
118 1 659 1 797 1 855 1 1506 1 1540 1540
119 1 660 1 798 1 856 1 1507 1 1540 1540
120 1 661 1 799 1 857 1 1508 1 1540 1540
121 1 662 1 800 1 858 1 1509 1 1540 1540
122 1 663 1 801 1 859 1 1510 1 1540 1540
123 1 664 1 802 1 860 1 1511 1 1540 1540
124 1 665 1 803 1 861 1 1512 1 1540 1540
125 1 666 1 804 1 862 1 1513 1 1540 1540
126 1 667 1 805 1 863 1 1514 1 1540 1540
127 1 668 1 806 1 864 1 1515 1 1540 1540
128 1 669 1 807 1 865 1 1516 1 1540 1540
129 1 670 1 808 1 866 1 1517 1 1540 1540
130 1 671 1 809 1 867 1 1518 1 1540 1540
131 1 672 1 810 1 868 1 1519 1 1540 1540
132 1 673 1 811 1 869 1 1520 1 1540 1540
133 1 674 1 812 1 870 1 1521 1 1540 1540
134 1 675 1 813 1 871 1 1522 1 1540 1540
135 1 676 1 814 1 872 1 1523 1 1540 1540
136 1 677 1 815 1 873 1 1524 1 1540 1540
137 1 678 1 816 1 874 1 1525 1 1540 1540
138 1 679 1 817 1 875 1 1526 1 1540 1540
139 1 680 1 818 1 876 1 1527 1 1540 1540
140 1 681 1 819 1 877 1 1528 1 1540 1540
141 1 682 1 820 1 878 1 1529 1 1540 1540
142 1 683 1 821 1 879 1 1530 1 1540 1540
143 1 684 1 822 1 880 1 1531 1 1540 1540
144 1 685 1 823 1 881 1 1532 1 1540 1540
145 1 686 1 824 1 882 1 1533 1 1540 1540
146 1 687 1 825 1 883 1 1534 1 1540 1540
147 1 688 1 826 1 884 1 1535 1 1540 1540
148 1 689 1 827 1 885 1 1536 1 1540 1540
149 1 690 1 828 1 886 1 1537 1 1540 1540
150 1 691 1 829 1 887 1 1538 1 1540 1540
151 1 692 1 830 1 888 1 1539 1 1540 1540
