1920
960
0
0
9 9 117 117 204 204 314 26 669 189 877 205 960 0 1056 0 1920 1920
10 9 118 117 205 204 315 26 670 189 878 205 961 0 1057 0 1920 1920
11 9 119 117 206 204 316 26 671 189 879 205 962 0 1058 0 1920 1920
12 9 120 117 207 204 317 26 576 189 880 205 963 0 1059 0 1920 1920
13 9 121 117 208 204 318 26 577 189 881 205 964 0 1060 0 1920 1920
14 9 122 117 209 204 319 26 578 189 882 205 965 0 1061 0 1920 1920
15 9 123 117 210 204 320 26 579 189 883 205 966 0 1062 0 1920 1920
16 9 124 117 211 204 321 26 580 189 884 205 967 0 1063 0 1920 1920
17 9 125 117 212 204 322 26 581 189 885 205 968 0 1064 0 1920 1920
18 9 126 117 213 204 323 26 582 189 886 205 969 0 1065 0 1920 1920
19 9 127 117 214 204 324 26 583 189 887 205 970 0 1066 0 1920 1920
20 9 128 117 215 204 325 26 584 189 888 205 971 0 1067 0 1920 1920
21 9 129 117 216 204 326 26 585 189 889 205 972 0 1068 0 1920 1920
22 9 130 117 217 204 327 26 586 189 890 205 973 0 1069 0 1920 1920
23 9 131 117 218 204 328 26 587 189 891 205 974 0 1070 0 1920 1920
24 9 132 117 219 204 329 26 588 189 892 205 975 0 1071 0 1920 1920
25 9 133 117 220 204 330 26 589 189 893 205 976 0 1072 0 1920 1920
26 9 134 117 221 204 331 26 590 189 894 205 977 0 1073 0 1920 1920
27 9 135 117 222 204 332 26 591 189 895 205 978 0 1074 0 1920 1920
28 9 136 117 223 204 333 26 592 189 896 205 979 0 1075 0 1920 1920
29 9 137 117 224 204 334 26 593 189 897 205 980 0 1076 0 1920 1920
30 9 138 117 225 204 335 26 594 189 898 205 981 0 1077 0 1920 1920
31 9 139 117 226 204 336 26 595 189 899 205 982 0 1078 0 1920 1920
32 9 140 117 227 204 337 26 596 189 900 205 983 0 1079 0 1920 1920
33 9 141 117 228 204 338 26 597 189 901 205 984 0 1080 0 1920 1920
34 9 142 117 229 204 339 26 598 189 902 205 985 0 1081 0 1920 1920
35 9 143 117 230 204 340 26 599 189 903 205 986 0 1082 0 1920 1920
36 9 144 117 231 204 341 26 600 189 904 205 987 0 1083 0 1920 1920
37 9 145 117 232 204 342 26 601 189 905 205 988 0 1084 0 1920 1920
38 9 146 117 233 204 343 26 602 189 906 205 989 0 1085 0 1920 1920
39 9 147 117 234 204 344 26 603 189 907 205 990 0 1086 0 1920 1920
40 9 148 117 235 204 345 26 604 189 908 205 991 0 1087 0 1920 1920
41 9 149 117 236 204 346 26 605 189 909 205 992 0 1088 0 1920 1920
42 9 150 117 237 204 347 26 606 189 910 205 993 0 1089 0 1920 1920
43 9 151 117 238 204 348 26 607 189 911 205 994 0 1090 0 1920 1920
44 9 152 117 239 204 349 26 608 189 912 205 995 0 1091 0 1920 1920
45 9 153 117 240 204 350 26 609 189 913 205 996 0 1092 0 1920 1920
46 9 154 117 241 204 351 26 610 189 914 205 997 0 1093 0 1920 1920
47 9 155 117 242 204 352 26 611 189 915 205 998 0 1094 0 1920 1920
48 9 156 117 243 204 353 26 612 189 916 205 999 0 1095 0 1920 1920
49 9 157 117 244 204 354 26 613 189 917 205 1000 0 1096 0 1920 1920
50 9 158 117 245 204 355 26 614 189 918 205 1001 0 1097 0 1920 1920
51 9 159 117 246 204 356 26 615 189 919 205 1002 0 1098 0 1920 1920
52 9 160 117 247 204 357 26 616 189 920 205 1003 0 1099 0 1920 1920
53 9 161 117 248 204 358 26 617 189 921 205 1004 0 1100 0 1920 1920
54 9 162 117 249 204 359 26 618 189 922 205 1005 0 1101 0 1920 1920
55 9 163 117 250 204 360 26 619 189 923 205 1006 0 1102 0 1920 1920
56 9 164 117 251 204 361 26 620 189 924 205 1007 0 1103 0 1920 1920
57 9 165 117 252 204 362 26 621 189 925 205 1008 0 1104 0 1920 1920
58 9 166 117 253 204 363 26 622 189 926 205 1009 0 1105 0 1920 1920
59 9 167 117 254 204 364 26 623 189 927 205 1010 0 1106 0 1920 1920
60 9 168 117 255 204 365 26 624 189 928 205 1011 0 1107 0 1920 1920
61 9 169 117 256 204 366 26 625 189 929 205 1012 0 1108 0 1920 1920
62 9 170 117 257 204 367 26 626 189 930 205 1013 0 1109 0 1920 1920
63 9 171 117 258 204 368 26 627 189 931 205 1014 0 1110 0 1920 1920
64 9 172 117 259 204 369 26 628 189 932 205 1015 0 1111 0 1920 1920
65 9 173 117 260 204 370 26 629 189 933 205 1016 0 1112 0 1920 1920
66 9 174 117 261 204 371 26 630 189 934 205 1017 0 1113 0 1920 1920
67 9 175 117 262 204 372 26 631 189 935 205 1018 0 1114 0 1920 1920
68 9 176 117 263 204 373 26 632 189 936 205 1019 0 1115 0 1920 1920
69 9 177 117 264 204 374 26 633 189 937 205 1020 0 1116 0 1920 1920
70 9 178 117 265 204 375 26 634 189 938 205 1021 0 1117 0 1920 1920
71 9 179 117 266 204 376 26 635 189 939 205 1022 0 1118 0 1920 1920
72 9 180 117 267 204 377 26 636 189 940 205 1023 0 1119 0 1920 1920
73 9 181 117 268 204 378 26 637 189 941 205 1024 0 1120 0 1920 1920
74 9 182 117 269 204 379 26 638 189 942 205 1025 0 1121 0 1920 1920
75 9 183 117 270 204 380 26 639 189 943 205 1026 0 1122 0 1920 1920
76 9 184 117 271 204 381 26 640 189 944 205 1027 0 1123 0 1920 1920
77 9 185 117 272 204 382 26 641 189 945 205 1028 0 1124 0 1920 1920
78 9 186 117 273 204 383 26 642 189 946 205 1029 0 1125 0 1920 1920
79 9 187 117 274 204 288 26 643 189 947 205 1030 0 1126 0 1920 1920
80 9 188 117 275 204 289 26 644 189 948 205 1031 0 1127 0 1920 1920
81 9 189 117 276 204 290 26 645 189 949 205 1032 0 1128 0 1920 1920
82 9 190 117 277 204 291 26 646 189 950 205 1033 0 1129 0 1920 1920
83 9 191 117 278 204 292 26 647 189 951 205 1034 0 1130 0 1920 1920
84 9 96 117 279 204 293 26 648 189 952 205 1035 0 1131 0 1920 1920
85 9 97 117 280 204 294 26 649 189 953 205 1036 0 1132 0 1920 1920
86 9 98 117 281 204 295 26 650 189 954 205 1037 0 1133 0 1920 1920
87 9 99 117 282 204 296 26 651 189 955 205 1038 0 1134 0 1920 1920
88 9 100 117 283 204 297 26 652 189 956 205 1039 0 1135 0 1920 1920
89 9 101 117 284 204 298 26 653 189 957 205 1040 0 1136 0 1920 1920
90 9 102 117 285 204 299 26 654 189 958 205 1041 0 1137 0 1920 1920
91 9 103 117 286 204 300 26 655 189 959 205 1042 0 1138 0 1920 1920
92 9 104 117 287 204 301 26 656 189 864 205 1043 0 1139 0 1920 1920
93 9 105 117 192 204 302 26 657 189 865 205 1044 0 1140 0 1920 1920
94 9 106 117 193 204 303 26 658 189 866 205 1045 0 1141 0 1920 1920
95 9 107 117 194 204 304 26 659 189 867 205 1046 0 1142 0 1920 1920
0 9 108 117 195 204 305 26 660 189 868 205 1047 0 1143 0 1920 1920
1 9 109 117 196 204 306 26 661 189 869 205 1048 0 1144 0 1920 1920
2 9 110 117 197 204 307 26 662 189 870 205 1049 0 1145 0 1920 1920
3 9 111 117 198 204 308 26 663 189 871 205 1050 0 1146 0 1920 1920
4 9 112 117 199 204 309 26 664 189 872 205 1051 0 1147 0 1920 1920
5 9 113 117 200 204 310 26 665 189 873 205 1052 0 1148 0 1920 1920
6 9 114 117 201 204 311 26 666 189 874 205 1053 0 1149 0 1920 1920
7 9 115 117 202 204 312 26 667 189 875 205 1054 0 1150 0 1920 1920
8 9 116 117 203 204 313 26 668 189 876 205 1055 0 1151 0 1920 1920
71 167 358 166 445 253 509 125 610 226 732 156 800 224 924 252 1056 0 1152 0 1920 1920
72 167 359 166 446 253 510 125 611 226 733 156 801 224 925 252 1057 0 1153 0 1920 1920
73 167 360 166 447 253 511 125 612 226 734 156 802 224 926 252 1058 0 1154 0 1920 1920
74 167 361 166 448 253 512 125 613 226 735 156 803 224 927 252 1059 0 1155 0 1920 1920
75 167 362 166 449 253 513 125 614 226 736 156 804 224 928 252 1060 0 1156 0 1920 1920
76 167 363 166 450 253 514 125 615 226 737 156 805 224 929 252 1061 0 1157 0 1920 1920
77 167 364 166 451 253 515 125 616 226 738 156 806 224 930 252 1062 0 1158 0 1920 1920
78 167 365 166 452 253 516 125 617 226 739 156 807 224 931 252 1063 0 1159 0 1920 1920
79 167 366 166 453 253 517 125 618 226 740 156 808 224 932 252 1064 0 1160 0 1920 1920
80 167 367 166 454 253 518 125 619 226 741 156 809 224 933 252 1065 0 1161 0 1920 1920
81 167 368 166 455 253 519 125 620 226 742 156 810 224 934 252 1066 0 1162 0 1920 1920
82 167 369 166 456 253 520 125 621 226 743 156 811 224 935 252 1067 0 1163 0 1920 1920
83 167 370 166 457 253 521 125 622 226 744 156 812 224 936 252 1068 0 1164 0 1920 1920
84 167 371 166 458 253 522 125 623 226 745 156 813 224 937 252 1069 0 1165 0 1920 1920
85 167 372 166 459 253 523 125 624 226 746 156 814 224 938 252 1070 0 1166 0 1920 1920
86 167 373 166 460 253 524 125 625 226 747 156 815 224 939 252 1071 0 1167 0 1920 1920
87 167 374 166 461 253 525 125 626 226 748 156 816 224 940 252 1072 0 1168 0 1920 1920
88 167 375 166 462 253 526 125 627 226 749 156 817 224 941 252 1073 0 1169 0 1920 1920
89 167 376 166 463 253 527 125 628 226 750 156 818 224 942 252 1074 0 1170 0 1920 1920
90 167 377 166 464 253 528 125 629 226 751 156 819 224 943 252 1075 0 1171 0 1920 1920
91 167 378 166 465 253 529 125 630 226 752 156 820 224 944 252 1076 0 1172 0 1920 1920
92 167 379 166 466 253 530 125 631 226 753 156 821 224 945 252 1077 0 1173 0 1920 1920
93 167 380 166 467 253 531 125 632 226 754 156 822 224 946 252 1078 0 1174 0 1920 1920
94 167 381 166 468 253 532 125 633 226 755 156 823 224 947 252 1079 0 1175 0 1920 1920
95 167 382 166 469 253 533 125 634 226 756 156 824 224 948 252 1080 0 1176 0 1920 1920
0 167 383 166 470 253 534 125 635 226 757 156 825 224 949 252 1081 0 1177 0 1920 1920
1 167 288 166 471 253 535 125 636 226 758 156 826 224 950 252 1082 0 1178 0 1920 1920
2 167 289 166 472 253 536 125 637 226 759 156 827 224 951 252 1083 0 1179 0 1920 1920
3 167 290 166 473 253 537 125 638 226 760 156 828 224 952 252 1084 0 1180 0 1920 1920
4 167 291 166 474 253 538 125 639 226 761 156 829 224 953 252 1085 0 1181 0 1920 1920
5 167 292 166 475 253 539 125 640 226 762 156 830 224 954 252 1086 0 1182 0 1920 1920
6 167 293 166 476 253 540 125 641 226 763 156 831 224 955 252 1087 0 1183 0 1920 1920
7 167 294 166 477 253 541 125 642 226 764 156 832 224 956 252 1088 0 1184 0 1920 1920
8 167 295 166 478 253 542 125 643 226 765 156 833 224 957 252 1089 0 1185 0 1920 1920
9 167 296 166 479 253 543 125 644 226 766 156 834 224 958 252 1090 0 1186 0 1920 1920
10 167 297 166 384 253 544 125 645 226 767 156 835 224 959 252 1091 0 1187 0 1920 1920
11 167 298 166 385 253 545 125 646 226 672 156 836 224 864 252 1092 0 1188 0 1920 1920
12 167 299 166 386 253 546 125 647 226 673 156 837 224 865 252 1093 0 1189 0 1920 1920
13 167 300 166 387 253 547 125 648 226 674 156 838 224 866 252 1094 0 1190 0 1920 1920
14 167 301 166 388 253 548 125 649 226 675 156 839 224 867 252 1095 0 1191 0 1920 1920
15 167 302 166 389 253 549 125 650 226 676 156 840 224 868 252 1096 0 1192 0 1920 1920
16 167 303 166 390 253 550 125 651 226 677 156 841 224 869 252 1097 0 1193 0 1920 1920
17 167 304 166 391 253 551 125 652 226 678 156 842 224 870 252 1098 0 1194 0 1920 1920
18 167 305 166 392 253 552 125 653 226 679 156 843 224 871 252 1099 0 1195 0 1920 1920
19 167 306 166 393 253 553 125 654 226 680 156 844 224 872 252 1100 0 1196 0 1920 1920
20 167 307 166 394 253 554 125 655 226 681 156 845 224 873 252 1101 0 1197 0 1920 1920
21 167 308 166 395 253 555 125 656 226 682 156 846 224 874 252 1102 0 1198 0 1920 1920
22 167 309 166 396 253 556 125 657 226 683 156 847 224 875 252 1103 0 1199 0 1920 1920
23 167 310 166 397 253 557 125 658 226 684 156 848 224 876 252 1104 0 1200 0 1920 1920
24 167 311 166 398 253 558 125 659 226 685 156 849 224 877 252 1105 0 1201 0 1920 1920
25 167 312 166 399 253 559 125 660 226 686 156 850 224 878 252 1106 0 1202 0 1920 1920
26 167 313 166 400 253 560 125 661 226 687 156 851 224 879 252 1107 0 1203 0 1920 1920
27 167 314 166 401 253 561 125 662 226 688 156 852 224 880 252 1108 0 1204 0 1920 1920
28 167 315 166 402 253 562 125 663 226 689 156 853 224 881 252 1109 0 1205 0 1920 1920
29 167 316 166 403 253 563 125 664 226 690 156 854 224 882 252 1110 0 1206 0 1920 1920
30 167 317 166 404 253 564 125 665 226 691 156 855 224 883 252 1111 0 1207 0 1920 1920
31 167 318 166 405 253 565 125 666 226 692 156 856 224 884 252 1112 0 1208 0 1920 1920
32 167 319 166 406 253 566 125 667 226 693 156 857 224 885 252 1113 0 1209 0 1920 1920
33 167 320 166 407 253 567 125 668 226 694 156 858 224 886 252 1114 0 1210 0 1920 1920
34 167 321 166 408 253 568 125 669 226 695 156 859 224 887 252 1115 0 1211 0 1920 1920
35 167 322 166 409 253 569 125 670 226 696 156 860 224 888 252 1116 0 1212 0 1920 1920
36 167 323 166 410 253 570 125 671 226 697 156 861 224 889 252 1117 0 1213 0 1920 1920
37 167 324 166 411 253 571 125 576 226 698 156 862 224 890 252 1118 0 1214 0 1920 1920
38 167 325 166 412 253 572 125 577 226 699 156 863 224 891 252 1119 0 1215 0 1920 1920
39 167 326 166 413 253 573 125 578 226 700 156 768 224 892 252 1120 0 1216 0 1920 1920
40 167 327 166 414 253 574 125 579 226 701 156 769 224 893 252 1121 0 1217 0 1920 1920
41 167 328 166 415 253 575 125 580 226 702 156 770 224 894 252 1122 0 1218 0 1920 1920
42 167 329 166 416 253 480 125 581 226 703 156 771 224 895 252 1123 0 1219 0 1920 1920
43 167 330 166 417 253 481 125 582 226 704 156 772 224 896 252 1124 0 1220 0 1920 1920
44 167 331 166 418 253 482 125 583 226 705 156 773 224 897 252 1125 0 1221 0 1920 1920
45 167 332 166 419 253 483 125 584 226 706 156 774 224 898 252 1126 0 1222 0 1920 1920
46 167 333 166 420 253 484 125 585 226 707 156 775 224 899 252 1127 0 1223 0 1920 1920
47 167 334 166 421 253 485 125 586 226 708 156 776 224 900 252 1128 0 1224 0 1920 1920
48 167 335 166 422 253 486 125 587 226 709 156 777 224 901 252 1129 0 1225 0 1920 1920
49 167 336 166 423 253 487 125 588 226 710 156 778 224 902 252 1130 0 1226 0 1920 1920
50 167 337 166 424 253 488 125 589 226 711 156 779 224 903 252 1131 0 1227 0 1920 1920
51 167 338 166 425 253 489 125 590 226 712 156 780 224 904 252 1132 0 1228 0 1920 1920
52 167 339 166 426 253 490 125 591 226 713 156 781 224 905 252 1133 0 1229 0 1920 1920
53 167 340 166 427 253 491 125 592 226 714 156 782 224 906 252 1134 0 1230 0 1920 1920
54 167 341 166 428 253 492 125 593 226 715 156 783 224 907 252 1135 0 1231 0 1920 1920
55 167 342 166 429 253 493 125 594 226 716 156 784 224 908 252 1136 0 1232 0 1920 1920
56 167 343 166 430 253 494 125 595 226 717 156 785 224 909 252 1137 0 1233 0 1920 1920
57 167 344 166 431 253 495 125 596 226 718 156 786 224 910 252 1138 0 1234 0 1920 1920
58 167 345 166 432 253 496 125 597 226 719 156 787 224 911 252 1139 0 1235 0 1920 1920
59 167 346 166 433 253 497 125 598 226 720 156 788 224 912 252 1140 0 1236 0 1920 1920
60 167 347 166 434 253 498 125 599 226 721 156 789 224 913 252 1141 0 1237 0 1920 1920
61 167 348 166 435 253 499 125 600 226 722 156 790 224 914 252 1142 0 1238 0 1920 1920
62 167 349 166 436 253 500 125 601 226 723 156 791 224 915 252 1143 0 1239 0 1920 1920
63 167 350 166 437 253 501 125 602 226 724 156 792 224 916 252 1144 0 1240 0 1920 1920
64 167 351 166 438 253 502 125 603 226 725 156 793 224 917 252 1145 0 1241 0 1920 1920
65 167 352 166 439 253 503 125 604 226 726 156 794 224 918 252 1146 0 1242 0 1920 1920
66 167 353 166 440 253 504 125 605 226 727 156 795 224 919 252 1147 0 1243 0 1920 1920
67 167 354 166 441 253 505 125 606 226 728 156 796 224 920 252 1148 0 1244 0 1920 1920
68 167 355 166 442 253 506 125 607 226 729 156 797 224 921 252 1149 0 1245 0 1920 1920
69 167 356 166 443 253 507 125 608 226 730 156 798 224 922 252 1150 0 1246 0 1920 1920
70 167 357 166 444 253 508 125 609 226 731 156 799 224 923 252 1151 0 1247 0 1920 1920
81 81 114 114 332 44 436 52 816 240 961 1 1152 0 1248 0 1920 1920
82 81 115 114 333 44 437 52 817 240 962 1 1153 0 1249 0 1920 1920
83 81 116 114 334 44 438 52 818 240 963 1 1154 0 1250 0 1920 1920
84 81 117 114 335 44 439 52 819 240 964 1 1155 0 1251 0 1920 1920
85 81 118 114 336 44 440 52 820 240 965 1 1156 0 1252 0 1920 1920
86 81 119 114 337 44 441 52 821 240 966 1 1157 0 1253 0 1920 1920
87 81 120 114 338 44 442 52 822 240 967 1 1158 0 1254 0 1920 1920
88 81 121 114 339 44 443 52 823 240 968 1 1159 0 1255 0 1920 1920
89 81 122 114 340 44 444 52 824 240 969 1 1160 0 1256 0 1920 1920
90 81 123 114 341 44 445 52 825 240 970 1 1161 0 1257 0 1920 1920
91 81 124 114 342 44 446 52 826 240 971 1 1162 0 1258 0 1920 1920
92 81 125 114 343 44 447 52 827 240 972 1 1163 0 1259 0 1920 1920
93 81 126 114 344 44 448 52 828 240 973 1 1164 0 1260 0 1920 1920
94 81 127 114 345 44 449 52 829 240 974 1 1165 0 1261 0 1920 1920
95 81 128 114 346 44 450 52 830 240 975 1 1166 0 1262 0 1920 1920
0 81 129 114 347 44 451 52 831 240 976 1 1167 0 1263 0 1920 1920
1 81 130 114 348 44 452 52 832 240 977 1 1168 0 1264 0 1920 1920
2 81 131 114 349 44 453 52 833 240 978 1 1169 0 1265 0 1920 1920
3 81 132 114 350 44 454 52 834 240 979 1 1170 0 1266 0 1920 1920
4 81 133 114 351 44 455 52 835 240 980 1 1171 0 1267 0 1920 1920
5 81 134 114 352 44 456 52 836 240 981 1 1172 0 1268 0 1920 1920
6 81 135 114 353 44 457 52 837 240 982 1 1173 0 1269 0 1920 1920
7 81 136 114 354 44 458 52 838 240 983 1 1174 0 1270 0 1920 1920
8 81 137 114 355 44 459 52 839 240 984 1 1175 0 1271 0 1920 1920
9 81 138 114 356 44 460 52 840 240 985 1 1176 0 1272 0 1920 1920
10 81 139 114 357 44 461 52 841 240 986 1 1177 0 1273 0 1920 1920
11 81 140 114 358 44 462 52 842 240 987 1 1178 0 1274 0 1920 1920
12 81 141 114 359 44 463 52 843 240 988 1 1179 0 1275 0 1920 1920
13 81 142 114 360 44 464 52 844 240 989 1 1180 0 1276 0 1920 1920
14 81 143 114 361 44 465 52 845 240 990 1 1181 0 1277 0 1920 1920
15 81 144 114 362 44 466 52 846 240 991 1 1182 0 1278 0 1920 1920
16 81 145 114 363 44 467 52 847 240 992 1 1183 0 1279 0 1920 1920
17 81 146 114 364 44 468 52 848 240 993 1 1184 0 1280 0 1920 1920
18 81 147 114 365 44 469 52 849 240 994 1 1185 0 1281 0 1920 1920
19 81 148 114 366 44 470 52 850 240 995 1 1186 0 1282 0 1920 1920
20 81 149 114 367 44 471 52 851 240 996 1 1187 0 1283 0 1920 1920
21 81 150 114 368 44 472 52 852 240 997 1 1188 0 1284 0 1920 1920
22 81 151 114 369 44 473 52 853 240 998 1 1189 0 1285 0 1920 1920
23 81 152 114 370 44 474 52 854 240 999 1 1190 0 1286 0 1920 1920
24 81 153 114 371 44 475 52 855 240 1000 1 1191 0 1287 0 1920 1920
25 81 154 114 372 44 476 52 856 240 1001 1 1192 0 1288 0 1920 1920
26 81 155 114 373 44 477 52 857 240 1002 1 1193 0 1289 0 1920 1920
27 81 156 114 374 44 478 52 858 240 1003 1 1194 0 1290 0 1920 1920
28 81 157 114 375 44 479 52 859 240 1004 1 1195 0 1291 0 1920 1920
29 81 158 114 376 44 384 52 860 240 1005 1 1196 0 1292 0 1920 1920
30 81 159 114 377 44 385 52 861 240 1006 1 1197 0 1293 0 1920 1920
31 81 160 114 378 44 386 52 862 240 1007 1 1198 0 1294 0 1920 1920
32 81 161 114 379 44 387 52 863 240 1008 1 1199 0 1295 0 1920 1920
33 81 162 114 380 44 388 52 768 240 1009 1 1200 0 1296 0 1920 1920
34 81 163 114 381 44 389 52 769 240 1010 1 1201 0 1297 0 1920 1920
35 81 164 114 382 44 390 52 770 240 1011 1 1202 0 1298 0 1920 1920
36 81 165 114 383 44 391 52 771 240 1012 1 1203 0 1299 0 1920 1920
37 81 166 114 288 44 392 52 772 240 1013 1 1204 0 1300 0 1920 1920
38 81 167 114 289 44 393 52 773 240 1014 1 1205 0 1301 0 1920 1920
39 81 168 114 290 44 394 52 774 240 1015 1 1206 0 1302 0 1920 1920
40 81 169 114 291 44 395 52 775 240 1016 1 1207 0 1303 0 1920 1920
41 81 170 114 292 44 396 52 776 240 1017 1 1208 0 1304 0 1920 1920
42 81 171 114 293 44 397 52 777 240 1018 1 1209 0 1305 0 1920 1920
43 81 172 114 294 44 398 52 778 240 1019 1 1210 0 1306 0 1920 1920
44 81 173 114 295 44 399 52 779 240 1020 1 1211 0 1307 0 1920 1920
45 81 174 114 296 44 400 52 780 240 1021 1 1212 0 1308 0 1920 1920
46 81 175 114 297 44 401 52 781 240 1022 1 1213 0 1309 0 1920 1920
47 81 176 114 298 44 402 52 782 240 1023 1 1214 0 1310 0 1920 1920
48 81 177 114 299 44 403 52 783 240 1024 1 1215 0 1311 0 1920 1920
49 81 178 114 300 44 404 52 784 240 1025 1 1216 0 1312 0 1920 1920
50 81 179 114 301 44 405 52 785 240 1026 1 1217 0 1313 0 1920 1920
51 81 180 114 302 44 406 52 786 240 1027 1 1218 0 1314 0 1920 1920
52 81 181 114 303 44 407 52 787 240 1028 1 1219 0 1315 0 1920 1920
53 81 182 114 304 44 408 52 788 240 1029 1 1220 0 1316 0 1920 1920
54 81 183 114 305 44 409 52 789 240 1030 1 1221 0 1317 0 1920 1920
55 81 184 114 306 44 410 52 790 240 1031 1 1222 0 1318 0 1920 1920
56 81 185 114 307 44 411 52 791 240 1032 1 1223 0 1319 0 1920 1920
57 81 186 114 308 44 412 52 792 240 1033 1 1224 0 1320 0 1920 1920
58 81 187 114 309 44 413 52 793 240 1034 1 1225 0 1321 0 1920 1920
59 81 188 114 310 44 414 52 794 240 1035 1 1226 0 1322 0 1920 1920
60 81 189 114 311 44 415 52 795 240 1036 1 1227 0 1323 0 1920 1920
61 81 190 114 312 44 416 52 796 240 1037 1 1228 0 1324 0 1920 1920
62 81 191 114 313 44 417 52 797 240 1038 1 1229 0 1325 0 1920 1920
63 81 96 114 314 44 418 52 798 240 1039 1 1230 0 1326 0 1920 1920
64 81 97 114 315 44 419 52 799 240 1040 1 1231 0 1327 0 1920 1920
65 81 98 114 316 44 420 52 800 240 1041 1 1232 0 1328 0 1920 1920
66 81 99 114 317 44 421 52 801 240 1042 1 1233 0 1329 0 1920 1920
67 81 100 114 318 44 422 52 802 240 1043 1 1234 0 1330 0 1920 1920
68 81 101 114 319 44 423 52 803 240 1044 1 1235 0 1331 0 1920 1920
69 81 102 114 320 44 424 52 804 240 1045 1 1236 0 1332 0 1920 1920
70 81 103 114 321 44 425 52 805 240 1046 1 1237 0 1333 0 1920 1920
71 81 104 114 322 44 426 52 806 240 1047 1 1238 0 1334 0 1920 1920
72 81 105 114 323 44 427 52 807 240 1048 1 1239 0 1335 0 1920 1920
73 81 106 114 324 44 428 52 808 240 1049 1 1240 0 1336 0 1920 1920
74 81 107 114 325 44 429 52 809 240 1050 1 1241 0 1337 0 1920 1920
75 81 108 114 326 44 430 52 810 240 1051 1 1242 0 1338 0 1920 1920
76 81 109 114 327 44 431 52 811 240 1052 1 1243 0 1339 0 1920 1920
77 81 110 114 328 44 432 52 812 240 1053 1 1244 0 1340 0 1920 1920
78 81 111 114 329 44 433 52 813 240 1054 1 1245 0 1341 0 1920 1920
79 81 112 114 330 44 434 52 814 240 1055 1 1246 0 1342 0 1920 1920
80 81 113 114 331 44 435 52 815 240 960 1 1247 0 1343 0 1920 1920
104 8 250 58 446 158 488 104 593 209 726 54 786 18 896 128 960 0 1248 0 1920 1920
105 8 251 58 447 158 489 104 594 209 727 54 787 18 897 128 961 0 1249 0 1920 1920
106 8 252 58 448 158 490 104 595 209 728 54 788 18 898 128 962 0 1250 0 1920 1920
107 8 253 58 449 158 491 104 596 209 729 54 789 18 899 128 963 0 1251 0 1920 1920
108 8 254 58 450 158 492 104 597 209 730 54 790 18 900 128 964 0 1252 0 1920 1920
109 8 255 58 451 158 493 104 598 209 731 54 791 18 901 128 965 0 1253 0 1920 1920
110 8 256 58 452 158 494 104 599 209 732 54 792 18 902 128 966 0 1254 0 1920 1920
111 8 257 58 453 158 495 104 600 209 733 54 793 18 903 128 967 0 1255 0 1920 1920
112 8 258 58 454 158 496 104 601 209 734 54 794 18 904 128 968 0 1256 0 1920 1920
113 8 259 58 455 158 497 104 602 209 735 54 795 18 905 128 969 0 1257 0 1920 1920
114 8 260 58 456 158 498 104 603 209 736 54 796 18 906 128 970 0 1258 0 1920 1920
115 8 261 58 457 158 499 104 604 209 737 54 797 18 907 128 971 0 1259 0 1920 1920
116 8 262 58 458 158 500 104 605 209 738 54 798 18 908 128 972 0 1260 0 1920 1920
117 8 263 58 459 158 501 104 606 209 739 54 799 18 909 128 973 0 1261 0 1920 1920
118 8 264 58 460 158 502 104 607 209 740 54 800 18 910 128 974 0 1262 0 1920 1920
119 8 265 58 461 158 503 104 608 209 741 54 801 18 911 128 975 0 1263 0 1920 1920
120 8 266 58 462 158 504 104 609 209 742 54 802 18 912 128 976 0 1264 0 1920 1920
121 8 267 58 463 158 505 104 610 209 743 54 803 18 913 128 977 0 1265 0 1920 1920
122 8 268 58 464 158 506 104 611 209 744 54 804 18 914 128 978 0 1266 0 1920 1920
123 8 269 58 465 158 507 104 612 209 745 54 805 18 915 128 979 0 1267 0 1920 1920
124 8 270 58 466 158 508 104 613 209 746 54 806 18 916 128 980 0 1268 0 1920 1920
125 8 271 58 467 158 509 104 614 209 747 54 807 18 917 128 981 0 1269 0 1920 1920
126 8 272 58 468 158 510 104 615 209 748 54 808 18 918 128 982 0 1270 0 1920 1920
127 8 273 58 469 158 511 104 616 209 749 54 809 18 919 128 983 0 1271 0 1920 1920
128 8 274 58 470 158 512 104 617 209 750 54 810 18 920 128 984 0 1272 0 1920 1920
129 8 275 58 471 158 513 104 618 209 751 54 811 18 921 128 985 0 1273 0 1920 1920
130 8 276 58 472 158 514 104 619 209 752 54 812 18 922 128 986 0 1274 0 1920 1920
131 8 277 58 473 158 515 104 620 209 753 54 813 18 923 128 987 0 1275 0 1920 1920
132 8 278 58 474 158 516 104 621 209 754 54 814 18 924 128 988 0 1276 0 1920 1920
133 8 279 58 475 158 517 104 622 209 755 54 815 18 925 128 989 0 1277 0 1920 1920
134 8 280 58 476 158 518 104 623 209 756 54 816 18 926 128 990 0 1278 0 1920 1920
135 8 281 58 477 158 519 104 624 209 757 54 817 18 927 128 991 0 1279 0 1920 1920
136 8 282 58 478 158 520 104 625 209 758 54 818 18 928 128 992 0 1280 0 1920 1920
137 8 283 58 479 158 521 104 626 209 759 54 819 18 929 128 993 0 1281 0 1920 1920
138 8 284 58 384 158 522 104 627 209 760 54 820 18 930 128 994 0 1282 0 1920 1920
139 8 285 58 385 158 523 104 628 209 761 54 821 18 931 128 995 0 1283 0 1920 1920
140 8 286 58 386 158 524 104 629 209 762 54 822 18 932 128 996 0 1284 0 1920 1920
141 8 287 58 387 158 525 104 630 209 763 54 823 18 933 128 997 0 1285 0 1920 1920
142 8 192 58 388 158 526 104 631 209 764 54 824 18 934 128 998 0 1286 0 1920 1920
143 8 193 58 389 158 527 104 632 209 765 54 825 18 935 128 999 0 1287 0 1920 1920
144 8 194 58 390 158 528 104 633 209 766 54 826 18 936 128 1000 0 1288 0 1920 1920
145 8 195 58 391 158 529 104 634 209 767 54 827 18 937 128 1001 0 1289 0 1920 1920
146 8 196 58 392 158 530 104 635 209 672 54 828 18 938 128 1002 0 1290 0 1920 1920
147 8 197 58 393 158 531 104 636 209 673 54 829 18 939 128 1003 0 1291 0 1920 1920
148 8 198 58 394 158 532 104 637 209 674 54 830 18 940 128 1004 0 1292 0 1920 1920
149 8 199 58 395 158 533 104 638 209 675 54 831 18 941 128 1005 0 1293 0 1920 1920
150 8 200 58 396 158 534 104 639 209 676 54 832 18 942 128 1006 0 1294 0 1920 1920
151 8 201 58 397 158 535 104 640 209 677 54 833 18 943 128 1007 0 1295 0 1920 1920
152 8 202 58 398 158 536 104 641 209 678 54 834 18 944 128 1008 0 1296 0 1920 1920
153 8 203 58 399 158 537 104 642 209 679 54 835 18 945 128 1009 0 1297 0 1920 1920
154 8 204 58 400 158 538 104 643 209 680 54 836 18 946 128 1010 0 1298 0 1920 1920
155 8 205 58 401 158 539 104 644 209 681 54 837 18 947 128 1011 0 1299 0 1920 1920
156 8 206 58 402 158 540 104 645 209 682 54 838 18 948 128 1012 0 1300 0 1920 1920
157 8 207 58 403 158 541 104 646 209 683 54 839 18 949 128 1013 0 1301 0 1920 1920
158 8 208 58 404 158 542 104 647 209 684 54 840 18 950 128 1014 0 1302 0 1920 1920
159 8 209 58 405 158 543 104 648 209 685 54 841 18 951 128 1015 0 1303 0 1920 1920
160 8 210 58 406 158 544 104 649 209 686 54 842 18 952 128 1016 0 1304 0 1920 1920
161 8 211 58 407 158 545 104 650 209 687 54 843 18 953 128 1017 0 1305 0 1920 1920
162 8 212 58 408 158 546 104 651 209 688 54 844 18 954 128 1018 0 1306 0 1920 1920
163 8 213 58 409 158 547 104 652 209 689 54 845 18 955 128 1019 0 1307 0 1920 1920
164 8 214 58 410 158 548 104 653 209 690 54 846 18 956 128 1020 0 1308 0 1920 1920
165 8 215 58 411 158 549 104 654 209 691 54 847 18 957 128 1021 0 1309 0 1920 1920
166 8 216 58 412 158 550 104 655 209 692 54 848 18 958 128 1022 0 1310 0 1920 1920
167 8 217 58 413 158 551 104 656 209 693 54 849 18 959 128 1023 0 1311 0 1920 1920
168 8 218 58 414 158 552 104 657 209 694 54 850 18 864 128 1024 0 1312 0 1920 1920
169 8 219 58 415 158 553 104 658 209 695 54 851 18 865 128 1025 0 1313 0 1920 1920
170 8 220 58 416 158 554 104 659 209 696 54 852 18 866 128 1026 0 1314 0 1920 1920
171 8 221 58 417 158 555 104 660 209 697 54 853 18 867 128 1027 0 1315 0 1920 1920
172 8 222 58 418 158 556 104 661 209 698 54 854 18 868 128 1028 0 1316 0 1920 1920
173 8 223 58 419 158 557 104 662 209 699 54 855 18 869 128 1029 0 1317 0 1920 1920
174 8 224 58 420 158 558 104 663 209 700 54 856 18 870 128 1030 0 1318 0 1920 1920
175 8 225 58 421 158 559 104 664 209 701 54 857 18 871 128 1031 0 1319 0 1920 1920
176 8 226 58 422 158 560 104 665 209 702 54 858 18 872 128 1032 0 1320 0 1920 1920
177 8 227 58 423 158 561 104 666 209 703 54 859 18 873 128 1033 0 1321 0 1920 1920
178 8 228 58 424 158 562 104 667 209 704 54 860 18 874 128 1034 0 1322 0 1920 1920
179 8 229 58 425 158 563 104 668 209 705 54 861 18 875 128 1035 0 1323 0 1920 1920
180 8 230 58 426 158 564 104 669 209 706 54 862 18 876 128 1036 0 1324 0 1920 1920
181 8 231 58 427 158 565 104 670 209 707 54 863 18 877 128 1037 0 1325 0 1920 1920
182 8 232 58 428 158 566 104 671 209 708 54 768 18 878 128 1038 0 1326 0 1920 1920
183 8 233 58 429 158 567 104 576 209 709 54 769 18 879 128 1039 0 1327 0 1920 1920
184 8 234 58 430 158 568 104 577 209 710 54 770 18 880 128 1040 0 1328 0 1920 1920
185 8 235 58 431 158 569 104 578 209 711 54 771 18 881 128 1041 0 1329 0 1920 1920
186 8 236 58 432 158 570 104 579 209 712 54 772 18 882 128 1042 0 1330 0 1920 1920
187 8 237 58 433 158 571 104 580 209 713 54 773 18 883 128 1043 0 1331 0 1920 1920
188 8 238 58 434 158 572 104 581 209 714 54 774 18 884 128 1044 0 1332 0 1920 1920
189 8 239 58 435 158 573 104 582 209 715 54 775 18 885 128 1045 0 1333 0 1920 1920
190 8 240 58 436 158 574 104 583 209 716 54 776 18 886 128 1046 0 1334 0 1920 1920
191 8 241 58 437 158 575 104 584 209 717 54 777 18 887 128 1047 0 1335 0 1920 1920
96 8 242 58 438 158 480 104 585 209 718 54 778 18 888 128 1048 0 1336 0 1920 1920
97 8 243 58 439 158 481 104 586 209 719 54 779 18 889 128 1049 0 1337 0 1920 1920
98 8 244 58 440 158 482 104 587 209 720 54 780 18 890 128 1050 0 1338 0 1920 1920
99 8 245 58 441 158 483 104 588 209 721 54 781 18 891 128 1051 0 1339 0 1920 1920
100 8 246 58 442 158 484 104 589 209 722 54 782 18 892 128 1052 0 1340 0 1920 1920
101 8 247 58 443 158 485 104 590 209 723 54 783 18 893 128 1053 0 1341 0 1920 1920
102 8 248 58 444 158 486 104 591 209 724 54 784 18 894 128 1054 0 1342 0 1920 1920
103 8 249 58 445 158 487 104 592 209 725 54 785 18 895 128 1055 0 1343 0 1920 1920
83 179 118 214 1127 71 1344 0 1920 1920
84 179 119 214 1128 71 1345 0 1920 1920
85 179 120 214 1129 71 1346 0 1920 1920
86 179 121 214 1130 71 1347 0 1920 1920
87 179 122 214 1131 71 1348 0 1920 1920
88 179 123 214 1132 71 1349 0 1920 1920
89 179 124 214 1133 71 1350 0 1920 1920
90 179 125 214 1134 71 1351 0 1920 1920
91 179 126 214 1135 71 1352 0 1920 1920
92 179 127 214 1136 71 1353 0 1920 1920
93 179 128 214 1137 71 1354 0 1920 1920
94 179 129 214 1138 71 1355 0 1920 1920
95 179 130 214 1139 71 1356 0 1920 1920
0 179 131 214 1140 71 1357 0 1920 1920
1 179 132 214 1141 71 1358 0 1920 1920
2 179 133 214 1142 71 1359 0 1920 1920
3 179 134 214 1143 71 1360 0 1920 1920
4 179 135 214 1144 71 1361 0 1920 1920
5 179 136 214 1145 71 1362 0 1920 1920
6 179 137 214 1146 71 1363 0 1920 1920
7 179 138 214 1147 71 1364 0 1920 1920
8 179 139 214 1148 71 1365 0 1920 1920
9 179 140 214 1149 71 1366 0 1920 1920
10 179 141 214 1150 71 1367 0 1920 1920
11 179 142 214 1151 71 1368 0 1920 1920
12 179 143 214 1056 71 1369 0 1920 1920
13 179 144 214 1057 71 1370 0 1920 1920
14 179 145 214 1058 71 1371 0 1920 1920
15 179 146 214 1059 71 1372 0 1920 1920
16 179 147 214 1060 71 1373 0 1920 1920
17 179 148 214 1061 71 1374 0 1920 1920
18 179 149 214 1062 71 1375 0 1920 1920
19 179 150 214 1063 71 1376 0 1920 1920
20 179 151 214 1064 71 1377 0 1920 1920
21 179 152 214 1065 71 1378 0 1920 1920
22 179 153 214 1066 71 1379 0 1920 1920
23 179 154 214 1067 71 1380 0 1920 1920
24 179 155 214 1068 71 1381 0 1920 1920
25 179 156 214 1069 71 1382 0 1920 1920
26 179 157 214 1070 71 1383 0 1920 1920
27 179 158 214 1071 71 1384 0 1920 1920
28 179 159 214 1072 71 1385 0 1920 1920
29 179 160 214 1073 71 1386 0 1920 1920
30 179 161 214 1074 71 1387 0 1920 1920
31 179 162 214 1075 71 1388 0 1920 1920
32 179 163 214 1076 71 1389 0 1920 1920
33 179 164 214 1077 71 1390 0 1920 1920
34 179 165 214 1078 71 1391 0 1920 1920
35 179 166 214 1079 71 1392 0 1920 1920
36 179 167 214 1080 71 1393 0 1920 1920
37 179 168 214 1081 71 1394 0 1920 1920
38 179 169 214 1082 71 1395 0 1920 1920
39 179 170 214 1083 71 1396 0 1920 1920
40 179 171 214 1084 71 1397 0 1920 1920
41 179 172 214 1085 71 1398 0 1920 1920
42 179 173 214 1086 71 1399 0 1920 1920
43 179 174 214 1087 71 1400 0 1920 1920
44 179 175 214 1088 71 1401 0 1920 1920
45 179 176 214 1089 71 1402 0 1920 1920
46 179 177 214 1090 71 1403 0 1920 1920
47 179 178 214 1091 71 1404 0 1920 1920
48 179 179 214 1092 71 1405 0 1920 1920
49 179 180 214 1093 71 1406 0 1920 1920
50 179 181 214 1094 71 1407 0 1920 1920
51 179 182 214 1095 71 1408 0 1920 1920
52 179 183 214 1096 71 1409 0 1920 1920
53 179 184 214 1097 71 1410 0 1920 1920
54 179 185 214 1098 71 1411 0 1920 1920
55 179 186 214 1099 71 1412 0 1920 1920
56 179 187 214 1100 71 1413 0 1920 1920
57 179 188 214 1101 71 1414 0 1920 1920
58 179 189 214 1102 71 1415 0 1920 1920
59 179 190 214 1103 71 1416 0 1920 1920
60 179 191 214 1104 71 1417 0 1920 1920
61 179 96 214 1105 71 1418 0 1920 1920
62 179 97 214 1106 71 1419 0 1920 1920
63 179 98 214 1107 71 1420 0 1920 1920
64 179 99 214 1108 71 1421 0 1920 1920
65 179 100 214 1109 71 1422 0 1920 1920
66 179 101 214 1110 71 1423 0 1920 1920
67 179 102 214 1111 71 1424 0 1920 1920
68 179 103 214 1112 71 1425 0 1920 1920
69 179 104 214 1113 71 1426 0 1920 1920
70 179 105 214 1114 71 1427 0 1920 1920
71 179 106 214 1115 71 1428 0 1920 1920
72 179 107 214 1116 71 1429 0 1920 1920
73 179 108 214 1117 71 1430 0 1920 1920
74 179 109 214 1118 71 1431 0 1920 1920
75 179 110 214 1119 71 1432 0 1920 1920
76 179 111 214 1120 71 1433 0 1920 1920
77 179 112 214 1121 71 1434 0 1920 1920
78 179 113 214 1122 71 1435 0 1920 1920
79 179 114 214 1123 71 1436 0 1920 1920
80 179 115 214 1124 71 1437 0 1920 1920
81 179 116 214 1125 71 1438 0 1920 1920
82 179 117 214 1126 71 1439 0 1920 1920
39 231 137 41 482 194 735 159 1063 103 1440 0 1920 1920
40 231 138 41 483 194 736 159 1064 103 1441 0 1920 1920
41 231 139 41 484 194 737 159 1065 103 1442 0 1920 1920
42 231 140 41 485 194 738 159 1066 103 1443 0 1920 1920
43 231 141 41 486 194 739 159 1067 103 1444 0 1920 1920
44 231 142 41 487 194 740 159 1068 103 1445 0 1920 1920
45 231 143 41 488 194 741 159 1069 103 1446 0 1920 1920
46 231 144 41 489 194 742 159 1070 103 1447 0 1920 1920
47 231 145 41 490 194 743 159 1071 103 1448 0 1920 1920
48 231 146 41 491 194 744 159 1072 103 1449 0 1920 1920
49 231 147 41 492 194 745 159 1073 103 1450 0 1920 1920
50 231 148 41 493 194 746 159 1074 103 1451 0 1920 1920
51 231 149 41 494 194 747 159 1075 103 1452 0 1920 1920
52 231 150 41 495 194 748 159 1076 103 1453 0 1920 1920
53 231 151 41 496 194 749 159 1077 103 1454 0 1920 1920
54 231 152 41 497 194 750 159 1078 103 1455 0 1920 1920
55 231 153 41 498 194 751 159 1079 103 1456 0 1920 1920
56 231 154 41 499 194 752 159 1080 103 1457 0 1920 1920
57 231 155 41 500 194 753 159 1081 103 1458 0 1920 1920
58 231 156 41 501 194 754 159 1082 103 1459 0 1920 1920
59 231 157 41 502 194 755 159 1083 103 1460 0 1920 1920
60 231 158 41 503 194 756 159 1084 103 1461 0 1920 1920
61 231 159 41 504 194 757 159 1085 103 1462 0 1920 1920
62 231 160 41 505 194 758 159 1086 103 1463 0 1920 1920
63 231 161 41 506 194 759 159 1087 103 1464 0 1920 1920
64 231 162 41 507 194 760 159 1088 103 1465 0 1920 1920
65 231 163 41 508 194 761 159 1089 103 1466 0 1920 1920
66 231 164 41 509 194 762 159 1090 103 1467 0 1920 1920
67 231 165 41 510 194 763 159 1091 103 1468 0 1920 1920
68 231 166 41 511 194 764 159 1092 103 1469 0 1920 1920
69 231 167 41 512 194 765 159 1093 103 1470 0 1920 1920
70 231 168 41 513 194 766 159 1094 103 1471 0 1920 1920
71 231 169 41 514 194 767 159 1095 103 1472 0 1920 1920
72 231 170 41 515 194 672 159 1096 103 1473 0 1920 1920
73 231 171 41 516 194 673 159 1097 103 1474 0 1920 1920
74 231 172 41 517 194 674 159 1098 103 1475 0 1920 1920
75 231 173 41 518 194 675 159 1099 103 1476 0 1920 1920
76 231 174 41 519 194 676 159 1100 103 1477 0 1920 1920
77 231 175 41 520 194 677 159 1101 103 1478 0 1920 1920
78 231 176 41 521 194 678 159 1102 103 1479 0 1920 1920
79 231 177 41 522 194 679 159 1103 103 1480 0 1920 1920
80 231 178 41 523 194 680 159 1104 103 1481 0 1920 1920
81 231 179 41 524 194 681 159 1105 103 1482 0 1920 1920
82 231 180 41 525 194 682 159 1106 103 1483 0 1920 1920
83 231 181 41 526 194 683 159 1107 103 1484 0 1920 1920
84 231 182 41 527 194 684 159 1108 103 1485 0 1920 1920
85 231 183 41 528 194 685 159 1109 103 1486 0 1920 1920
86 231 184 41 529 194 686 159 1110 103 1487 0 1920 1920
87 231 185 41 530 194 687 159 1111 103 1488 0 1920 1920
88 231 186 41 531 194 688 159 1112 103 1489 0 1920 1920
89 231 187 41 532 194 689 159 1113 103 1490 0 1920 1920
90 231 188 41 533 194 690 159 1114 103 1491 0 1920 1920
91 231 189 41 534 194 691 159 1115 103 1492 0 1920 1920
92 231 190 41 535 194 692 159 1116 103 1493 0 1920 1920
93 231 191 41 536 194 693 159 1117 103 1494 0 1920 1920
94 231 96 41 537 194 694 159 1118 103 1495 0 1920 1920
95 231 97 41 538 194 695 159 1119 103 1496 0 1920 1920
0 231 98 41 539 194 696 159 1120 103 1497 0 1920 1920
1 231 99 41 540 194 697 159 1121 103 1498 0 1920 1920
2 231 100 41 541 194 698 159 1122 103 1499 0 1920 1920
3 231 101 41 542 194 699 159 1123 103 1500 0 1920 1920
4 231 102 41 543 194 700 159 1124 103 1501 0 1920 1920
5 231 103 41 544 194 701 159 1125 103 1502 0 1920 1920
6 231 104 41 545 194 702 159 1126 103 1503 0 1920 1920
7 231 105 41 546 194 703 159 1127 103 1504 0 1920 1920
8 231 106 41 547 194 704 159 1128 103 1505 0 1920 1920
9 231 107 41 548 194 705 159 1129 103 1506 0 1920 1920
10 231 108 41 549 194 706 159 1130 103 1507 0 1920 1920
11 231 109 41 550 194 707 159 1131 103 1508 0 1920 1920
12 231 110 41 551 194 708 159 1132 103 1509 0 1920 1920
13 231 111 41 552 194 709 159 1133 103 1510 0 1920 1920
14 231 112 41 553 194 710 159 1134 103 1511 0 1920 1920
15 231 113 41 554 194 711 159 1135 103 1512 0 1920 1920
16 231 114 41 555 194 712 159 1136 103 1513 0 1920 1920
17 231 115 41 556 194 713 159 1137 103 1514 0 1920 1920
18 231 116 41 557 194 714 159 1138 103 1515 0 1920 1920
19 231 117 41 558 194 715 159 1139 103 1516 0 1920 1920
20 231 118 41 559 194 716 159 1140 103 1517 0 1920 1920
21 231 119 41 560 194 717 159 1141 103 1518 0 1920 1920
22 231 120 41 561 194 718 159 1142 103 1519 0 1920 1920
23 231 121 41 562 194 719 159 1143 103 1520 0 1920 1920
24 231 122 41 563 194 720 159 1144 103 1521 0 1920 1920
25 231 123 41 564 194 721 159 1145 103 1522 0 1920 1920
26 231 124 41 565 194 722 159 1146 103 1523 0 1920 1920
27 231 125 41 566 194 723 159 1147 103 1524 0 1920 1920
28 231 126 41 567 194 724 159 1148 103 1525 0 1920 1920
29 231 127 41 568 194 725 159 1149 103 1526 0 1920 1920
30 231 128 41 569 194 726 159 1150 103 1527 0 1920 1920
31 231 129 41 570 194 727 159 1151 103 1528 0 1920 1920
32 231 130 41 571 194 728 159 1056 103 1529 0 1920 1920
33 231 131 41 572 194 729 159 1057 103 1530 0 1920 1920
34 231 132 41 573 194 730 159 1058 103 1531 0 1920 1920
35 231 133 41 574 194 731 159 1059 103 1532 0 1920 1920
36 231 134 41 575 194 732 159 1060 103 1533 0 1920 1920
37 231 135 41 480 194 733 159 1061 103 1534 0 1920 1920
38 231 136 41 481 194 734 159 1062 103 1535 0 1920 1920
59 155 516 228 717 45 892 28 1118 158 1536 0 1920 1920
60 155 517 228 718 45 893 28 1119 158 1537 0 1920 1920
61 155 518 228 719 45 894 28 1120 158 1538 0 1920 1920
62 155 519 228 720 45 895 28 1121 158 1539 0 1920 1920
63 155 520 228 721 45 896 28 1122 158 1540 0 1920 1920
64 155 521 228 722 45 897 28 1123 158 1541 0 1920 1920
65 155 522 228 723 45 898 28 1124 158 1542 0 1920 1920
66 155 523 228 724 45 899 28 1125 158 1543 0 1920 1920
67 155 524 228 725 45 900 28 1126 158 1544 0 1920 1920
68 155 525 228 726 45 901 28 1127 158 1545 0 1920 1920
69 155 526 228 727 45 902 28 1128 158 1546 0 1920 1920
70 155 527 228 728 45 903 28 1129 158 1547 0 1920 1920
71 155 528 228 729 45 904 28 1130 158 1548 0 1920 1920
72 155 529 228 730 45 905 28 1131 158 1549 0 1920 1920
73 155 530 228 731 45 906 28 1132 158 1550 0 1920 1920
74 155 531 228 732 45 907 28 1133 158 1551 0 1920 1920
75 155 532 228 733 45 908 28 1134 158 1552 0 1920 1920
76 155 533 228 734 45 909 28 1135 158 1553 0 1920 1920
77 155 534 228 735 45 910 28 1136 158 1554 0 1920 1920
78 155 535 228 736 45 911 28 1137 158 1555 0 1920 1920
79 155 536 228 737 45 912 28 1138 158 1556 0 1920 1920
80 155 537 228 738 45 913 28 1139 158 1557 0 1920 1920
81 155 538 228 739 45 914 28 1140 158 1558 0 1920 1920
82 155 539 228 740 45 915 28 1141 158 1559 0 1920 1920
83 155 540 228 741 45 916 28 1142 158 1560 0 1920 1920
84 155 541 228 742 45 917 28 1143 158 1561 0 1920 1920
85 155 542 228 743 45 918 28 1144 158 1562 0 1920 1920
86 155 543 228 744 45 919 28 1145 158 1563 0 1920 1920
87 155 544 228 745 45 920 28 1146 158 1564 0 1920 1920
88 155 545 228 746 45 921 28 1147 158 1565 0 1920 1920
89 155 546 228 747 45 922 28 1148 158 1566 0 1920 1920
90 155 547 228 748 45 923 28 1149 158 1567 0 1920 1920
91 155 548 228 749 45 924 28 1150 158 1568 0 1920 1920
92 155 549 228 750 45 925 28 1151 158 1569 0 1920 1920
93 155 550 228 751 45 926 28 1056 158 1570 0 1920 1920
94 155 551 228 752 45 927 28 1057 158 1571 0 1920 1920
95 155 552 228 753 45 928 28 1058 158 1572 0 1920 1920
0 155 553 228 754 45 929 28 1059 158 1573 0 1920 1920
1 155 554 228 755 45 930 28 1060 158 1574 0 1920 1920
2 155 555 228 756 45 931 28 1061 158 1575 0 1920 1920
3 155 556 228 757 45 932 28 1062 158 1576 0 1920 1920
4 155 557 228 758 45 933 28 1063 158 1577 0 1920 1920
5 155 558 228 759 45 934 28 1064 158 1578 0 1920 1920
6 155 559 228 760 45 935 28 1065 158 1579 0 1920 1920
7 155 560 228 761 45 936 28 1066 158 1580 0 1920 1920
8 155 561 228 762 45 937 28 1067 158 1581 0 1920 1920
9 155 562 228 763 45 938 28 1068 158 1582 0 1920 1920
10 155 563 228 764 45 939 28 1069 158 1583 0 1920 1920
11 155 564 228 765 45 940 28 1070 158 1584 0 1920 1920
12 155 565 228 766 45 941 28 1071 158 1585 0 1920 1920
13 155 566 228 767 45 942 28 1072 158 1586 0 1920 1920
14 155 567 228 672 45 943 28 1073 158 1587 0 1920 1920
15 155 568 228 673 45 944 28 1074 158 1588 0 1920 1920
16 155 569 228 674 45 945 28 1075 158 1589 0 1920 1920
17 155 570 228 675 45 946 28 1076 158 1590 0 1920 1920
18 155 571 228 676 45 947 28 1077 158 1591 0 1920 1920
19 155 572 228 677 45 948 28 1078 158 1592 0 1920 1920
20 155 573 228 678 45 949 28 1079 158 1593 0 1920 1920
21 155 574 228 679 45 950 28 1080 158 1594 0 1920 1920
22 155 575 228 680 45 951 28 1081 158 1595 0 1920 1920
23 155 480 228 681 45 952 28 1082 158 1596 0 1920 1920
24 155 481 228 682 45 953 28 1083 158 1597 0 1920 1920
25 155 482 228 683 45 954 28 1084 158 1598 0 1920 1920
26 155 483 228 684 45 955 28 1085 158 1599 0 1920 1920
27 155 484 228 685 45 956 28 1086 158 1600 0 1920 1920
28 155 485 228 686 45 957 28 1087 158 1601 0 1920 1920
29 155 486 228 687 45 958 28 1088 158 1602 0 1920 1920
30 155 487 228 688 45 959 28 1089 158 1603 0 1920 1920
31 155 488 228 689 45 864 28 1090 158 1604 0 1920 1920
32 155 489 228 690 45 865 28 1091 158 1605 0 1920 1920
33 155 490 228 691 45 866 28 1092 158 1606 0 1920 1920
34 155 491 228 692 45 867 28 1093 158 1607 0 1920 1920
35 155 492 228 693 45 868 28 1094 158 1608 0 1920 1920
36 155 493 228 694 45 869 28 1095 158 1609 0 1920 1920
37 155 494 228 695 45 870 28 1096 158 1610 0 1920 1920
38 155 495 228 696 45 871 28 1097 158 1611 0 1920 1920
39 155 496 228 697 45 872 28 1098 158 1612 0 1920 1920
40 155 497 228 698 45 873 28 1099 158 1613 0 1920 1920
41 155 498 228 699 45 874 28 1100 158 1614 0 1920 1920
42 155 499 228 700 45 875 28 1101 158 1615 0 1920 1920
43 155 500 228 701 45 876 28 1102 158 1616 0 1920 1920
44 155 501 228 702 45 877 28 1103 158 1617 0 1920 1920
45 155 502 228 703 45 878 28 1104 158 1618 0 1920 1920
46 155 503 228 704 45 879 28 1105 158 1619 0 1920 1920
47 155 504 228 705 45 880 28 1106 158 1620 0 1920 1920
48 155 505 228 706 45 881 28 1107 158 1621 0 1920 1920
49 155 506 228 707 45 882 28 1108 158 1622 0 1920 1920
50 155 507 228 708 45 883 28 1109 158 1623 0 1920 1920
51 155 508 228 709 45 884 28 1110 158 1624 0 1920 1920
52 155 509 228 710 45 885 28 1111 158 1625 0 1920 1920
53 155 510 228 711 45 886 28 1112 158 1626 0 1920 1920
54 155 511 228 712 45 887 28 1113 158 1627 0 1920 1920
55 155 512 228 713 45 888 28 1114 158 1628 0 1920 1920
56 155 513 228 714 45 889 28 1115 158 1629 0 1920 1920
57 155 514 228 715 45 890 28 1116 158 1630 0 1920 1920
58 155 515 228 716 45 891 28 1117 158 1631 0 1920 1920
129 129 531 147 716 140 1059 3 1268 116 1632 0 1920 1920
130 129 532 147 717 140 1060 3 1269 116 1633 0 1920 1920
131 129 533 147 718 140 1061 3 1270 116 1634 0 1920 1920
132 129 534 147 719 140 1062 3 1271 116 1635 0 1920 1920
133 129 535 147 720 140 1063 3 1272 116 1636 0 1920 1920
134 129 536 147 721 140 1064 3 1273 116 1637 0 1920 1920
135 129 537 147 722 140 1065 3 1274 116 1638 0 1920 1920
136 129 538 147 723 140 1066 3 1275 116 1639 0 1920 1920
137 129 539 147 724 140 1067 3 1276 116 1640 0 1920 1920
138 129 540 147 725 140 1068 3 1277 116 1641 0 1920 1920
139 129 541 147 726 140 1069 3 1278 116 1642 0 1920 1920
140 129 542 147 727 140 1070 3 1279 116 1643 0 1920 1920
141 129 543 147 728 140 1071 3 1280 116 1644 0 1920 1920
142 129 544 147 729 140 1072 3 1281 116 1645 0 1920 1920
143 129 545 147 730 140 1073 3 1282 116 1646 0 1920 1920
144 129 546 147 731 140 1074 3 1283 116 1647 0 1920 1920
145 129 547 147 732 140 1075 3 1284 116 1648 0 1920 1920
146 129 548 147 733 140 1076 3 1285 116 1649 0 1920 1920
147 129 549 147 734 140 1077 3 1286 116 1650 0 1920 1920
148 129 550 147 735 140 1078 3 1287 116 1651 0 1920 1920
149 129 551 147 736 140 1079 3 1288 116 1652 0 1920 1920
150 129 552 147 737 140 1080 3 1289 116 1653 0 1920 1920
151 129 553 147 738 140 1081 3 1290 116 1654 0 1920 1920
152 129 554 147 739 140 1082 3 1291 116 1655 0 1920 1920
153 129 555 147 740 140 1083 3 1292 116 1656 0 1920 1920
154 129 556 147 741 140 1084 3 1293 116 1657 0 1920 1920
155 129 557 147 742 140 1085 3 1294 116 1658 0 1920 1920
156 129 558 147 743 140 1086 3 1295 116 1659 0 1920 1920
157 129 559 147 744 140 1087 3 1296 116 1660 0 1920 1920
158 129 560 147 745 140 1088 3 1297 116 1661 0 1920 1920
159 129 561 147 746 140 1089 3 1298 116 1662 0 1920 1920
160 129 562 147 747 140 1090 3 1299 116 1663 0 1920 1920
161 129 563 147 748 140 1091 3 1300 116 1664 0 1920 1920
162 129 564 147 749 140 1092 3 1301 116 1665 0 1920 1920
163 129 565 147 750 140 1093 3 1302 116 1666 0 1920 1920
164 129 566 147 751 140 1094 3 1303 116 1667 0 1920 1920
165 129 567 147 752 140 1095 3 1304 116 1668 0 1920 1920
166 129 568 147 753 140 1096 3 1305 116 1669 0 1920 1920
167 129 569 147 754 140 1097 3 1306 116 1670 0 1920 1920
168 129 570 147 755 140 1098 3 1307 116 1671 0 1920 1920
169 129 571 147 756 140 1099 3 1308 116 1672 0 1920 1920
170 129 572 147 757 140 1100 3 1309 116 1673 0 1920 1920
171 129 573 147 758 140 1101 3 1310 116 1674 0 1920 1920
172 129 574 147 759 140 1102 3 1311 116 1675 0 1920 1920
173 129 575 147 760 140 1103 3 1312 116 1676 0 1920 1920
174 129 480 147 761 140 1104 3 1313 116 1677 0 1920 1920
175 129 481 147 762 140 1105 3 1314 116 1678 0 1920 1920
176 129 482 147 763 140 1106 3 1315 116 1679 0 1920 1920
177 129 483 147 764 140 1107 3 1316 116 1680 0 1920 1920
178 129 484 147 765 140 1108 3 1317 116 1681 0 1920 1920
179 129 485 147 766 140 1109 3 1318 116 1682 0 1920 1920
180 129 486 147 767 140 1110 3 1319 116 1683 0 1920 1920
181 129 487 147 672 140 1111 3 1320 116 1684 0 1920 1920
182 129 488 147 673 140 1112 3 1321 116 1685 0 1920 1920
183 129 489 147 674 140 1113 3 1322 116 1686 0 1920 1920
184 129 490 147 675 140 1114 3 1323 116 1687 0 1920 1920
185 129 491 147 676 140 1115 3 1324 116 1688 0 1920 1920
186 129 492 147 677 140 1116 3 1325 116 1689 0 1920 1920
187 129 493 147 678 140 1117 3 1326 116 1690 0 1920 1920
188 129 494 147 679 140 1118 3 1327 116 1691 0 1920 1920
189 129 495 147 680 140 1119 3 1328 116 1692 0 1920 1920
190 129 496 147 681 140 1120 3 1329 116 1693 0 1920 1920
191 129 497 147 682 140 1121 3 1330 116 1694 0 1920 1920
96 129 498 147 683 140 1122 3 1331 116 1695 0 1920 1920
97 129 499 147 684 140 1123 3 1332 116 1696 0 1920 1920
98 129 500 147 685 140 1124 3 1333 116 1697 0 1920 1920
99 129 501 147 686 140 1125 3 1334 116 1698 0 1920 1920
100 129 502 147 687 140 1126 3 1335 116 1699 0 1920 1920
101 129 503 147 688 140 1127 3 1336 116 1700 0 1920 1920
102 129 504 147 689 140 1128 3 1337 116 1701 0 1920 1920
103 129 505 147 690 140 1129 3 1338 116 1702 0 1920 1920
104 129 506 147 691 140 1130 3 1339 116 1703 0 1920 1920
105 129 507 147 692 140 1131 3 1340 116 1704 0 1920 1920
106 129 508 147 693 140 1132 3 1341 116 1705 0 1920 1920
107 129 509 147 694 140 1133 3 1342 116 1706 0 1920 1920
108 129 510 147 695 140 1134 3 1343 116 1707 0 1920 1920
109 129 511 147 696 140 1135 3 1248 116 1708 0 1920 1920
110 129 512 147 697 140 1136 3 1249 116 1709 0 1920 1920
111 129 513 147 698 140 1137 3 1250 116 1710 0 1920 1920
112 129 514 147 699 140 1138 3 1251 116 1711 0 1920 1920
113 129 515 147 700 140 1139 3 1252 116 1712 0 1920 1920
114 129 516 147 701 140 1140 3 1253 116 1713 0 1920 1920
115 129 517 147 702 140 1141 3 1254 116 1714 0 1920 1920
116 129 518 147 703 140 1142 3 1255 116 1715 0 1920 1920
117 129 519 147 704 140 1143 3 1256 116 1716 0 1920 1920
118 129 520 147 705 140 1144 3 1257 116 1717 0 1920 1920
119 129 521 147 706 140 1145 3 1258 116 1718 0 1920 1920
120 129 522 147 707 140 1146 3 1259 116 1719 0 1920 1920
121 129 523 147 708 140 1147 3 1260 116 1720 0 1920 1920
122 129 524 147 709 140 1148 3 1261 116 1721 0 1920 1920
123 129 525 147 710 140 1149 3 1262 116 1722 0 1920 1920
124 129 526 147 711 140 1150 3 1263 116 1723 0 1920 1920
125 129 527 147 712 140 1151 3 1264 116 1724 0 1920 1920
126 129 528 147 713 140 1056 3 1265 116 1725 0 1920 1920
127 129 529 147 714 140 1057 3 1266 116 1726 0 1920 1920
128 129 530 147 715 140 1058 3 1267 116 1727 0 1920 1920
46 142 190 94 1190 230 1728 0 1920 1920
47 142 191 94 1191 230 1729 0 1920 1920
48 142 96 94 1192 230 1730 0 1920 1920
49 142 97 94 1193 230 1731 0 1920 1920
50 142 98 94 1194 230 1732 0 1920 1920
51 142 99 94 1195 230 1733 0 1920 1920
52 142 100 94 1196 230 1734 0 1920 1920
53 142 101 94 1197 230 1735 0 1920 1920
54 142 102 94 1198 230 1736 0 1920 1920
55 142 103 94 1199 230 1737 0 1920 1920
56 142 104 94 1200 230 1738 0 1920 1920
57 142 105 94 1201 230 1739 0 1920 1920
58 142 106 94 1202 230 1740 0 1920 1920
59 142 107 94 1203 230 1741 0 1920 1920
60 142 108 94 1204 230 1742 0 1920 1920
61 142 109 94 1205 230 1743 0 1920 1920
62 142 110 94 1206 230 1744 0 1920 1920
63 142 111 94 1207 230 1745 0 1920 1920
64 142 112 94 1208 230 1746 0 1920 1920
65 142 113 94 1209 230 1747 0 1920 1920
66 142 114 94 1210 230 1748 0 1920 1920
67 142 115 94 1211 230 1749 0 1920 1920
68 142 116 94 1212 230 1750 0 1920 1920
69 142 117 94 1213 230 1751 0 1920 1920
70 142 118 94 1214 230 1752 0 1920 1920
71 142 119 94 1215 230 1753 0 1920 1920
72 142 120 94 1216 230 1754 0 1920 1920
73 142 121 94 1217 230 1755 0 1920 1920
74 142 122 94 1218 230 1756 0 1920 1920
75 142 123 94 1219 230 1757 0 1920 1920
76 142 124 94 1220 230 1758 0 1920 1920
77 142 125 94 1221 230 1759 0 1920 1920
78 142 126 94 1222 230 1760 0 1920 1920
79 142 127 94 1223 230 1761 0 1920 1920
80 142 128 94 1224 230 1762 0 1920 1920
81 142 129 94 1225 230 1763 0 1920 1920
82 142 130 94 1226 230 1764 0 1920 1920
83 142 131 94 1227 230 1765 0 1920 1920
84 142 132 94 1228 230 1766 0 1920 1920
85 142 133 94 1229 230 1767 0 1920 1920
86 142 134 94 1230 230 1768 0 1920 1920
87 142 135 94 1231 230 1769 0 1920 1920
88 142 136 94 1232 230 1770 0 1920 1920
89 142 137 94 1233 230 1771 0 1920 1920
90 142 138 94 1234 230 1772 0 1920 1920
91 142 139 94 1235 230 1773 0 1920 1920
92 142 140 94 1236 230 1774 0 1920 1920
93 142 141 94 1237 230 1775 0 1920 1920
94 142 142 94 1238 230 1776 0 1920 1920
95 142 143 94 1239 230 1777 0 1920 1920
0 142 144 94 1240 230 1778 0 1920 1920
1 142 145 94 1241 230 1779 0 1920 1920
2 142 146 94 1242 230 1780 0 1920 1920
3 142 147 94 1243 230 1781 0 1920 1920
4 142 148 94 1244 230 1782 0 1920 1920
5 142 149 94 1245 230 1783 0 1920 1920
6 142 150 94 1246 230 1784 0 1920 1920
7 142 151 94 1247 230 1785 0 1920 1920
8 142 152 94 1152 230 1786 0 1920 1920
9 142 153 94 1153 230 1787 0 1920 1920
10 142 154 94 1154 230 1788 0 1920 1920
11 142 155 94 1155 230 1789 0 1920 1920
12 142 156 94 1156 230 1790 0 1920 1920
13 142 157 94 1157 230 1791 0 1920 1920
14 142 158 94 1158 230 1792 0 1920 1920
15 142 159 94 1159 230 1793 0 1920 1920
16 142 160 94 1160 230 1794 0 1920 1920
17 142 161 94 1161 230 1795 0 1920 1920
18 142 162 94 1162 230 1796 0 1920 1920
19 142 163 94 1163 230 1797 0 1920 1920
20 142 164 94 1164 230 1798 0 1920 1920
21 142 165 94 1165 230 1799 0 1920 1920
22 142 166 94 1166 230 1800 0 1920 1920
23 142 167 94 1167 230 1801 0 1920 1920
24 142 168 94 1168 230 1802 0 1920 1920
25 142 169 94 1169 230 1803 0 1920 1920
26 142 170 94 1170 230 1804 0 1920 1920
27 142 171 94 1171 230 1805 0 1920 1920
28 142 172 94 1172 230 1806 0 1920 1920
29 142 173 94 1173 230 1807 0 1920 1920
30 142 174 94 1174 230 1808 0 1920 1920
31 142 175 94 1175 230 1809 0 1920 1920
32 142 176 94 1176 230 1810 0 1920 1920
33 142 177 94 1177 230 1811 0 1920 1920
34 142 178 94 1178 230 1812 0 1920 1920
35 142 179 94 1179 230 1813 0 1920 1920
36 142 180 94 1180 230 1814 0 1920 1920
37 142 181 94 1181 230 1815 0 1920 1920
38 142 182 94 1182 230 1816 0 1920 1920
39 142 183 94 1183 230 1817 0 1920 1920
40 142 184 94 1184 230 1818 0 1920 1920
41 142 185 94 1185 230 1819 0 1920 1920
42 142 186 94 1186 230 1820 0 1920 1920
43 142 187 94 1187 230 1821 0 1920 1920
44 142 188 94 1188 230 1822 0 1920 1920
45 142 189 94 1189 230 1823 0 1920 1920
107 203 781 205 1021 61 1111 247 1824 0 1920 1920
108 203 782 205 1022 61 1112 247 1825 0 1920 1920
109 203 783 205 1023 61 1113 247 1826 0 1920 1920
110 203 784 205 1024 61 1114 247 1827 0 1920 1920
111 203 785 205 1025 61 1115 247 1828 0 1920 1920
112 203 786 205 1026 61 1116 247 1829 0 1920 1920
113 203 787 205 1027 61 1117 247 1830 0 1920 1920
114 203 788 205 1028 61 1118 247 1831 0 1920 1920
115 203 789 205 1029 61 1119 247 1832 0 1920 1920
116 203 790 205 1030 61 1120 247 1833 0 1920 1920
117 203 791 205 1031 61 1121 247 1834 0 1920 1920
118 203 792 205 1032 61 1122 247 1835 0 1920 1920
119 203 793 205 1033 61 1123 247 1836 0 1920 1920
120 203 794 205 1034 61 1124 247 1837 0 1920 1920
121 203 795 205 1035 61 1125 247 1838 0 1920 1920
122 203 796 205 1036 61 1126 247 1839 0 1920 1920
123 203 797 205 1037 61 1127 247 1840 0 1920 1920
124 203 798 205 1038 61 1128 247 1841 0 1920 1920
125 203 799 205 1039 61 1129 247 1842 0 1920 1920
126 203 800 205 1040 61 1130 247 1843 0 1920 1920
127 203 801 205 1041 61 1131 247 1844 0 1920 1920
128 203 802 205 1042 61 1132 247 1845 0 1920 1920
129 203 803 205 1043 61 1133 247 1846 0 1920 1920
130 203 804 205 1044 61 1134 247 1847 0 1920 1920
131 203 805 205 1045 61 1135 247 1848 0 1920 1920
132 203 806 205 1046 61 1136 247 1849 0 1920 1920
133 203 807 205 1047 61 1137 247 1850 0 1920 1920
134 203 808 205 1048 61 1138 247 1851 0 1920 1920
135 203 809 205 1049 61 1139 247 1852 0 1920 1920
136 203 810 205 1050 61 1140 247 1853 0 1920 1920
137 203 811 205 1051 61 1141 247 1854 0 1920 1920
138 203 812 205 1052 61 1142 247 1855 0 1920 1920
139 203 813 205 1053 61 1143 247 1856 0 1920 1920
140 203 814 205 1054 61 1144 247 1857 0 1920 1920
141 203 815 205 1055 61 1145 247 1858 0 1920 1920
142 203 816 205 960 61 1146 247 1859 0 1920 1920
143 203 817 205 961 61 1147 247 1860 0 1920 1920
144 203 818 205 962 61 1148 247 1861 0 1920 1920
145 203 819 205 963 61 1149 247 1862 0 1920 1920
146 203 820 205 964 61 1150 247 1863 0 1920 1920
147 203 821 205 965 61 1151 247 1864 0 1920 1920
148 203 822 205 966 61 1056 247 1865 0 1920 1920
149 203 823 205 967 61 1057 247 1866 0 1920 1920
150 203 824 205 968 61 1058 247 1867 0 1920 1920
151 203 825 205 969 61 1059 247 1868 0 1920 1920
152 203 826 205 970 61 1060 247 1869 0 1920 1920
153 203 827 205 971 61 1061 247 1870 0 1920 1920
154 203 828 205 972 61 1062 247 1871 0 1920 1920
155 203 829 205 973 61 1063 247 1872 0 1920 1920
156 203 830 205 974 61 1064 247 1873 0 1920 1920
157 203 831 205 975 61 1065 247 1874 0 1920 1920
158 203 832 205 976 61 1066 247 1875 0 1920 1920
159 203 833 205 977 61 1067 247 1876 0 1920 1920
160 203 834 205 978 61 1068 247 1877 0 1920 1920
161 203 835 205 979 61 1069 247 1878 0 1920 1920
162 203 836 205 980 61 1070 247 1879 0 1920 1920
163 203 837 205 981 61 1071 247 1880 0 1920 1920
164 203 838 205 982 61 1072 247 1881 0 1920 1920
165 203 839 205 983 61 1073 247 1882 0 1920 1920
166 203 840 205 984 61 1074 247 1883 0 1920 1920
167 203 841 205 985 61 1075 247 1884 0 1920 1920
168 203 842 205 986 61 1076 247 1885 0 1920 1920
169 203 843 205 987 61 1077 247 1886 0 1920 1920
170 203 844 205 988 61 1078 247 1887 0 1920 1920
171 203 845 205 989 61 1079 247 1888 0 1920 1920
172 203 846 205 990 61 1080 247 1889 0 1920 1920
173 203 847 205 991 61 1081 247 1890 0 1920 1920
174 203 848 205 992 61 1082 247 1891 0 1920 1920
175 203 849 205 993 61 1083 247 1892 0 1920 1920
176 203 850 205 994 61 1084 247 1893 0 1920 1920
177 203 851 205 995 61 1085 247 1894 0 1920 1920
178 203 852 205 996 61 1086 247 1895 0 1920 1920
179 203 853 205 997 61 1087 247 1896 0 1920 1920
180 203 854 205 998 61 1088 247 1897 0 1920 1920
181 203 855 205 999 61 1089 247 1898 0 1920 1920
182 203 856 205 1000 61 1090 247 1899 0 1920 1920
183 203 857 205 1001 61 1091 247 1900 0 1920 1920
184 203 858 205 1002 61 1092 247 1901 0 1920 1920
185 203 859 205 1003 61 1093 247 1902 0 1920 1920
186 203 860 205 1004 61 1094 247 1903 0 1920 1920
187 203 861 205 1005 61 1095 247 1904 0 1920 1920
188 203 862 205 1006 61 1096 247 1905 0 1920 1920
189 203 863 205 1007 61 1097 247 1906 0 1920 1920
190 203 768 205 1008 61 1098 247 1907 0 1920 1920
191 203 769 205 1009 61 1099 247 1908 0 1920 1920
96 203 770 205 1010 61 1100 247 1909 0 1920 1920
97 203 771 205 1011 61 1101 247 1910 0 1920 1920
98 203 772 205 1012 61 1102 247 1911 0 1920 1920
99 203 773 205 1013 61 1103 247 1912 0 1920 1920
100 203 774 205 1014 61 1104 247 1913 0 1920 1920
101 203 775 205 1015 61 1105 247 1914 0 1920 1920
102 203 776 205 1016 61 1106 247 1915 0 1920 1920
103 203 777 205 1017 61 1107 247 1916 0 1920 1920
104 203 778 205 1018 61 1108 247 1917 0 1920 1920
105 203 779 205 1019 61 1109 247 1918 0 1920 1920
106 203 780 205 1020 61 1110 247 1919 0 1920 1920
