1260
630
0
0
9 1 117 1 141 1 215 1 378 1 583 1 630 1 693 1 1260 1260
10 1 118 1 142 1 216 1 379 1 584 1 631 1 694 1 1260 1260
11 1 119 1 143 1 217 1 380 1 585 1 632 1 695 1 1260 1260
12 1 120 1 144 1 218 1 381 1 586 1 633 1 696 1 1260 1260
13 1 121 1 145 1 219 1 382 1 587 1 634 1 697 1 1260 1260
14 1 122 1 146 1 220 1 383 1 588 1 635 1 698 1 1260 1260
15 1 123 1 147 1 221 1 384 1 589 1 636 1 699 1 1260 1260
16 1 124 1 148 1 222 1 385 1 590 1 637 1 700 1 1260 1260
17 1 125 1 149 1 223 1 386 1 591 1 638 1 701 1 1260 1260
18 1 63 1 150 1 224 1 387 1 592 1 639 1 702 1 1260 1260
19 1 64 1 151 1 225 1 388 1 593 1 640 1 703 1 1260 1260
20 1 65 1 152 1 226 1 389 1 594 1 641 1 704 1 1260 1260
21 1 66 1 153 1 227 1 390 1 595 1 642 1 705 1 1260 1260
22 1 67 1 154 1 228 1 391 1 596 1 643 1 706 1 1260 1260
23 1 68 1 155 1 229 1 392 1 597 1 644 1 707 1 1260 1260
24 1 69 1 156 1 230 1 393 1 598 1 645 1 708 1 1260 1260
25 1 70 1 157 1 231 1 394 1 599 1 646 1 709 1 1260 1260
26 1 71 1 158 1 232 1 395 1 600 1 647 1 710 1 1260 1260
27 1 72 1 159 1 233 1 396 1 601 1 648 1 711 1 1260 1260
28 1 73 1 160 1 234 1 397 1 602 1 649 1 712 1 1260 1260
29 1 74 1 161 1 235 1 398 1 603 1 650 1 713 1 1260 1260
30 1 75 1 162 1 236 1 399 1 604 1 651 1 714 1 1260 1260
31 1 76 1 163 1 237 1 400 1 605 1 652 1 715 1 1260 1260
32 1 77 1 164 1 238 1 401 1 606 1 653 1 716 1 1260 1260
33 1 78 1 165 1 239 1 402 1 607 1 654 1 717 1 1260 1260
34 1 79 1 166 1 240 1 403 1 608 1 655 1 718 1 1260 1260
35 1 80 1 167 1 241 1 404 1 609 1 656 1 719 1 1260 1260
36 1 81 1 168 1 242 1 405 1 610 1 657 1 720 1 1260 1260
37 1 82 1 169 1 243 1 406 1 611 1 658 1 721 1 1260 1260
38 1 83 1 170 1 244 1 407 1 612 1 659 1 722 1 1260 1260
39 1 84 1 171 1 245 1 408 1 613 1 660 1 723 1 1260 1260
40 1 85 1 172 1 246 1 409 1 614 1 661 1 724 1 1260 1260
41 1 86 1 173 1 247 1 410 1 615 1 662 1 725 1 1260 1260
42 1 87 1 174 1 248 1 411 1 616 1 663 1 726 1 1260 1260
43 1 88 1 175 1 249 1 412 1 617 1 664 1 727 1 1260 1260
44 1 89 1 176 1 250 1 413 1 618 1 665 1 728 1 1260 1260
45 1 90 1 177 1 251 1 414 1 619 1 666 1 729 1 1260 1260
46 1 91 1 178 1 189 1 415 1 620 1 667 1 730 1 1260 1260
47 1 92 1 179 1 190 1 416 1 621 1 668 1 731 1 1260 1260
48 1 93 1 180 1 191 1 417 1 622 1 669 1 732 1 1260 1260
49 1 94 1 181 1 192 1 418 1 623 1 670 1 733 1 1260 1260
50 1 95 1 182 1 193 1 419 1 624 1 671 1 734 1 1260 1260
51 1 96 1 183 1 194 1 420 1 625 1 672 1 735 1 1260 1260
52 1 97 1 184 1 195 1 421 1 626 1 673 1 736 1 1260 1260
53 1 98 1 185 1 196 1 422 1 627 1 674 1 737 1 1260 1260
54 1 99 1 186 1 197 1 423 1 628 1 675 1 738 1 1260 1260
55 1 100 1 187 1 198 1 424 1 629 1 676 1 739 1 1260 1260
56 1 101 1 188 1 199 1 425 1 567 1 677 1 740 1 1260 1260
57 1 102 1 126 1 200 1 426 1 568 1 678 1 741 1 1260 1260
58 1 103 1 127 1 201 1 427 1 569 1 679 1 742 1 1260 1260
59 1 104 1 128 1 202 1 428 1 570 1 680 1 743 1 1260 1260
60 1 105 1 129 1 203 1 429 1 571 1 681 1 744 1 1260 1260
61 1 106 1 130 1 204 1 430 1 572 1 682 1 745 1 1260 1260
62 1 107 1 131 1 205 1 431 1 573 1 683 1 746 1 1260 1260
0 1 108 1 132 1 206 1 432 1 574 1 684 1 747 1 1260 1260
1 1 109 1 133 1 207 1 433 1 575 1 685 1 748 1 1260 1260
2 1 110 1 134 1 208 1 434 1 576 1 686 1 749 1 1260 1260
3 1 111 1 135 1 209 1 435 1 577 1 687 1 750 1 1260 1260
4 1 112 1 136 1 210 1 436 1 578 1 688 1 751 1 1260 1260
5 1 113 1 137 1 211 1 437 1 579 1 689 1 752 1 1260 1260
6 1 114 1 138 1 212 1 438 1 580 1 690 1 753 1 1260 1260
7 1 115 1 139 1 213 1 439 1 581 1 691 1 754 1 1260 1260
8 1 116 1 140 1 214 1 440 1 582 1 692 1 755 1 1260 1260
41 1 229 1 253 1 377 1 415 1 471 1 539 1 567 1 693 1 756 1 1260 1260
42 1 230 1 254 1 315 1 416 1 472 1 540 1 568 1 694 1 757 1 1260 1260
43 1 231 1 255 1 316 1 417 1 473 1 541 1 569 1 695 1 758 1 1260 1260
44 1 232 1 256 1 317 1 418 1 474 1 542 1 570 1 696 1 759 1 1260 1260
45 1 233 1 257 1 318 1 419 1 475 1 543 1 571 1 697 1 760 1 1260 1260
46 1 234 1 258 1 319 1 420 1 476 1 544 1 572 1 698 1 761 1 1260 1260
47 1 235 1 259 1 320 1 421 1 477 1 545 1 573 1 699 1 762 1 1260 1260
48 1 236 1 260 1 321 1 422 1 478 1 546 1 574 1 700 1 763 1 1260 1260
49 1 237 1 261 1 322 1 423 1 479 1 547 1 575 1 701 1 764 1 1260 1260
50 1 238 1 262 1 323 1 424 1 480 1 548 1 576 1 702 1 765 1 1260 1260
51 1 239 1 263 1 324 1 425 1 481 1 549 1 577 1 703 1 766 1 1260 1260
52 1 240 1 264 1 325 1 426 1 482 1 550 1 578 1 704 1 767 1 1260 1260
53 1 241 1 265 1 326 1 427 1 483 1 551 1 579 1 705 1 768 1 1260 1260
54 1 242 1 266 1 327 1 428 1 484 1 552 1 580 1 706 1 769 1 1260 1260
55 1 243 1 267 1 328 1 429 1 485 1 553 1 581 1 707 1 770 1 1260 1260
56 1 244 1 268 1 329 1 430 1 486 1 554 1 582 1 708 1 771 1 1260 1260
57 1 245 1 269 1 330 1 431 1 487 1 555 1 583 1 709 1 772 1 1260 1260
58 1 246 1 270 1 331 1 432 1 488 1 556 1 584 1 710 1 773 1 1260 1260
59 1 247 1 271 1 332 1 433 1 489 1 557 1 585 1 711 1 774 1 1260 1260
60 1 248 1 272 1 333 1 434 1 490 1 558 1 586 1 712 1 775 1 1260 1260
61 1 249 1 273 1 334 1 435 1 491 1 559 1 587 1 713 1 776 1 1260 1260
62 1 250 1 274 1 335 1 436 1 492 1 560 1 588 1 714 1 777 1 1260 1260
0 1 251 1 275 1 336 1 437 1 493 1 561 1 589 1 715 1 778 1 1260 1260
1 1 189 1 276 1 337 1 438 1 494 1 562 1 590 1 716 1 779 1 1260 1260
2 1 190 1 277 1 338 1 439 1 495 1 563 1 591 1 717 1 780 1 1260 1260
3 1 191 1 278 1 339 1 440 1 496 1 564 1 592 1 718 1 781 1 1260 1260
4 1 192 1 279 1 340 1 378 1 497 1 565 1 593 1 719 1 782 1 1260 1260
5 1 193 1 280 1 341 1 379 1 498 1 566 1 594 1 720 1 783 1 1260 1260
6 1 194 1 281 1 342 1 380 1 499 1 504 1 595 1 721 1 784 1 1260 1260
7 1 195 1 282 1 343 1 381 1 500 1 505 1 596 1 722 1 785 1 1260 1260
8 1 196 1 283 1 344 1 382 1 501 1 506 1 597 1 723 1 786 1 1260 1260
9 1 197 1 284 1 345 1 383 1 502 1 507 1 598 1 724 1 787 1 1260 1260
10 1 198 1 285 1 346 1 384 1 503 1 508 1 599 1 725 1 788 1 1260 1260
11 1 199 1 286 1 347 1 385 1 441 1 509 1 600 1 726 1 789 1 1260 1260
12 1 200 1 287 1 348 1 386 1 442 1 510 1 601 1 727 1 790 1 1260 1260
13 1 201 1 288 1 349 1 387 1 443 1 511 1 602 1 728 1 791 1 1260 1260
14 1 202 1 289 1 350 1 388 1 444 1 512 1 603 1 729 1 792 1 1260 1260
15 1 203 1 290 1 351 1 389 1 445 1 513 1 604 1 730 1 793 1 1260 1260
16 1 204 1 291 1 352 1 390 1 446 1 514 1 605 1 731 1 794 1 1260 1260
17 1 205 1 292 1 353 1 391 1 447 1 515 1 606 1 732 1 795 1 1260 1260
18 1 206 1 293 1 354 1 392 1 448 1 516 1 607 1 733 1 796 1 1260 1260
19 1 207 1 294 1 355 1 393 1 449 1 517 1 608 1 734 1 797 1 1260 1260
20 1 208 1 295 1 356 1 394 1 450 1 518 1 609 1 735 1 798 1 1260 1260
21 1 209 1 296 1 357 1 395 1 451 1 519 1 610 1 736 1 799 1 1260 1260
22 1 210 1 297 1 358 1 396 1 452 1 520 1 611 1 737 1 800 1 1260 1260
23 1 211 1 298 1 359 1 397 1 453 1 521 1 612 1 738 1 801 1 1260 1260
24 1 212 1 299 1 360 1 398 1 454 1 522 1 613 1 739 1 802 1 1260 1260
25 1 213 1 300 1 361 1 399 1 455 1 523 1 614 1 740 1 803 1 1260 1260
26 1 214 1 301 1 362 1 400 1 456 1 524 1 615 1 741 1 804 1 1260 1260
27 1 215 1 302 1 363 1 401 1 457 1 525 1 616 1 742 1 805 1 1260 1260
28 1 216 1 303 1 364 1 402 1 458 1 526 1 617 1 743 1 806 1 1260 1260
29 1 217 1 304 1 365 1 403 1 459 1 527 1 618 1 744 1 807 1 1260 1260
30 1 218 1 305 1 366 1 404 1 460 1 528 1 619 1 745 1 808 1 1260 1260
31 1 219 1 306 1 367 1 405 1 461 1 529 1 620 1 746 1 809 1 1260 1260
32 1 220 1 307 1 368 1 406 1 462 1 530 1 621 1 747 1 810 1 1260 1260
33 1 221 1 308 1 369 1 407 1 463 1 531 1 622 1 748 1 811 1 1260 1260
34 1 222 1 309 1 370 1 408 1 464 1 532 1 623 1 749 1 812 1 1260 1260
35 1 223 1 310 1 371 1 409 1 465 1 533 1 624 1 750 1 813 1 1260 1260
36 1 224 1 311 1 372 1 410 1 466 1 534 1 625 1 751 1 814 1 1260 1260
37 1 225 1 312 1 373 1 411 1 467 1 535 1 626 1 752 1 815 1 1260 1260
38 1 226 1 313 1 374 1 412 1 468 1 536 1 627 1 753 1 816 1 1260 1260
39 1 227 1 314 1 375 1 413 1 469 1 537 1 628 1 754 1 817 1 1260 1260
40 1 228 1 252 1 376 1 414 1 470 1 538 1 629 1 755 1 818 1 1260 1260
18 1 114 1 233 1 304 1 555 1 631 1 756 1 819 1 1260 1260
19 1 115 1 234 1 305 1 556 1 632 1 757 1 820 1 1260 1260
20 1 116 1 235 1 306 1 557 1 633 1 758 1 821 1 1260 1260
21 1 117 1 236 1 307 1 558 1 634 1 759 1 822 1 1260 1260
22 1 118 1 237 1 308 1 559 1 635 1 760 1 823 1 1260 1260
23 1 119 1 238 1 309 1 560 1 636 1 761 1 824 1 1260 1260
24 1 120 1 239 1 310 1 561 1 637 1 762 1 825 1 1260 1260
25 1 121 1 240 1 311 1 562 1 638 1 763 1 826 1 1260 1260
26 1 122 1 241 1 312 1 563 1 639 1 764 1 827 1 1260 1260
27 1 123 1 242 1 313 1 564 1 640 1 765 1 828 1 1260 1260
28 1 124 1 243 1 314 1 565 1 641 1 766 1 829 1 1260 1260
29 1 125 1 244 1 252 1 566 1 642 1 767 1 830 1 1260 1260
30 1 63 1 245 1 253 1 504 1 643 1 768 1 831 1 1260 1260
31 1 64 1 246 1 254 1 505 1 644 1 769 1 832 1 1260 1260
32 1 65 1 247 1 255 1 506 1 645 1 770 1 833 1 1260 1260
33 1 66 1 248 1 256 1 507 1 646 1 771 1 834 1 1260 1260
34 1 67 1 249 1 257 1 508 1 647 1 772 1 835 1 1260 1260
35 1 68 1 250 1 258 1 509 1 648 1 773 1 836 1 1260 1260
36 1 69 1 251 1 259 1 510 1 649 1 774 1 837 1 1260 1260
37 1 70 1 189 1 260 1 511 1 650 1 775 1 838 1 1260 1260
38 1 71 1 190 1 261 1 512 1 651 1 776 1 839 1 1260 1260
39 1 72 1 191 1 262 1 513 1 652 1 777 1 840 1 1260 1260
40 1 73 1 192 1 263 1 514 1 653 1 778 1 841 1 1260 1260
41 1 74 1 193 1 264 1 515 1 654 1 779 1 842 1 1260 1260
42 1 75 1 194 1 265 1 516 1 655 1 780 1 843 1 1260 1260
43 1 76 1 195 1 266 1 517 1 656 1 781 1 844 1 1260 1260
44 1 77 1 196 1 267 1 518 1 657 1 782 1 845 1 1260 1260
45 1 78 1 197 1 268 1 519 1 658 1 783 1 846 1 1260 1260
46 1 79 1 198 1 269 1 520 1 659 1 784 1 847 1 1260 1260
47 1 80 1 199 1 270 1 521 1 660 1 785 1 848 1 1260 1260
48 1 81 1 200 1 271 1 522 1 661 1 786 1 849 1 1260 1260
49 1 82 1 201 1 272 1 523 1 662 1 787 1 850 1 1260 1260
50 1 83 1 202 1 273 1 524 1 663 1 788 1 851 1 1260 1260
51 1 84 1 203 1 274 1 525 1 664 1 789 1 852 1 1260 1260
52 1 85 1 204 1 275 1 526 1 665 1 790 1 853 1 1260 1260
53 1 86 1 205 1 276 1 527 1 666 1 791 1 854 1 1260 1260
54 1 87 1 206 1 277 1 528 1 667 1 792 1 855 1 1260 1260
55 1 88 1 207 1 278 1 529 1 668 1 793 1 856 1 1260 1260
56 1 89 1 208 1 279 1 530 1 669 1 794 1 857 1 1260 1260
57 1 90 1 209 1 280 1 531 1 670 1 795 1 858 1 1260 1260
58 1 91 1 210 1 281 1 532 1 671 1 796 1 859 1 1260 1260
59 1 92 1 211 1 282 1 533 1 672 1 797 1 860 1 1260 1260
60 1 93 1 212 1 283 1 534 1 673 1 798 1 861 1 1260 1260
61 1 94 1 213 1 284 1 535 1 674 1 799 1 862 1 1260 1260
62 1 95 1 214 1 285 1 536 1 675 1 800 1 863 1 1260 1260
0 1 96 1 215 1 286 1 537 1 676 1 801 1 864 1 1260 1260
1 1 97 1 216 1 287 1 538 1 677 1 802 1 865 1 1260 1260
2 1 98 1 217 1 288 1 539 1 678 1 803 1 866 1 1260 1260
3 1 99 1 218 1 289 1 540 1 679 1 804 1 867 1 1260 1260
4 1 100 1 219 1 290 1 541 1 680 1 805 1 868 1 1260 1260
5 1 101 1 220 1 291 1 542 1 681 1 806 1 869 1 1260 1260
6 1 102 1 221 1 292 1 543 1 682 1 807 1 870 1 1260 1260
7 1 103 1 222 1 293 1 544 1 683 1 808 1 871 1 1260 1260
8 1 104 1 223 1 294 1 545 1 684 1 809 1 872 1 1260 1260
9 1 105 1 224 1 295 1 546 1 685 1 810 1 873 1 1260 1260
10 1 106 1 225 1 296 1 547 1 686 1 811 1 874 1 1260 1260
11 1 107 1 226 1 297 1 548 1 687 1 812 1 875 1 1260 1260
12 1 108 1 227 1 298 1 549 1 688 1 813 1 876 1 1260 1260
13 1 109 1 228 1 299 1 550 1 689 1 814 1 877 1 1260 1260
14 1 110 1 229 1 300 1 551 1 690 1 815 1 878 1 1260 1260
15 1 111 1 230 1 301 1 552 1 691 1 816 1 879 1 1260 1260
16 1 112 1 231 1 302 1 553 1 692 1 817 1 880 1 1260 1260
17 1 113 1 232 1 303 1 554 1 630 1 818 1 881 1 1260 1260
71 1 184 1 284 1 356 1 398 1 495 1 522 1 569 1 630 1 819 1 1260 1260
72 1 185 1 285 1 357 1 399 1 496 1 523 1 570 1 631 1 820 1 1260 1260
73 1 186 1 286 1 358 1 400 1 497 1 524 1 571 1 632 1 821 1 1260 1260
74 1 187 1 287 1 359 1 401 1 498 1 525 1 572 1 633 1 822 1 1260 1260
75 1 188 1 288 1 360 1 402 1 499 1 526 1 573 1 634 1 823 1 1260 1260
76 1 126 1 289 1 361 1 403 1 500 1 527 1 574 1 635 1 824 1 1260 1260
77 1 127 1 290 1 362 1 404 1 501 1 528 1 575 1 636 1 825 1 1260 1260
78 1 128 1 291 1 363 1 405 1 502 1 529 1 576 1 637 1 826 1 1260 1260
79 1 129 1 292 1 364 1 406 1 503 1 530 1 577 1 638 1 827 1 1260 1260
80 1 130 1 293 1 365 1 407 1 441 1 531 1 578 1 639 1 828 1 1260 1260
81 1 131 1 294 1 366 1 408 1 442 1 532 1 579 1 640 1 829 1 1260 1260
82 1 132 1 295 1 367 1 409 1 443 1 533 1 580 1 641 1 830 1 1260 1260
83 1 133 1 296 1 368 1 410 1 444 1 534 1 581 1 642 1 831 1 1260 1260
84 1 134 1 297 1 369 1 411 1 445 1 535 1 582 1 643 1 832 1 1260 1260
85 1 135 1 298 1 370 1 412 1 446 1 536 1 583 1 644 1 833 1 1260 1260
86 1 136 1 299 1 371 1 413 1 447 1 537 1 584 1 645 1 834 1 1260 1260
87 1 137 1 300 1 372 1 414 1 448 1 538 1 585 1 646 1 835 1 1260 1260
88 1 138 1 301 1 373 1 415 1 449 1 539 1 586 1 647 1 836 1 1260 1260
89 1 139 1 302 1 374 1 416 1 450 1 540 1 587 1 648 1 837 1 1260 1260
90 1 140 1 303 1 375 1 417 1 451 1 541 1 588 1 649 1 838 1 1260 1260
91 1 141 1 304 1 376 1 418 1 452 1 542 1 589 1 650 1 839 1 1260 1260
92 1 142 1 305 1 377 1 419 1 453 1 543 1 590 1 651 1 840 1 1260 1260
93 1 143 1 306 1 315 1 420 1 454 1 544 1 591 1 652 1 841 1 1260 1260
94 1 144 1 307 1 316 1 421 1 455 1 545 1 592 1 653 1 842 1 1260 1260
95 1 145 1 308 1 317 1 422 1 456 1 546 1 593 1 654 1 843 1 1260 1260
96 1 146 1 309 1 318 1 423 1 457 1 547 1 594 1 655 1 844 1 1260 1260
97 1 147 1 310 1 319 1 424 1 458 1 548 1 595 1 656 1 845 1 1260 1260
98 1 148 1 311 1 320 1 425 1 459 1 549 1 596 1 657 1 846 1 1260 1260
99 1 149 1 312 1 321 1 426 1 460 1 550 1 597 1 658 1 847 1 1260 1260
100 1 150 1 313 1 322 1 427 1 461 1 551 1 598 1 659 1 848 1 1260 1260
101 1 151 1 314 1 323 1 428 1 462 1 552 1 599 1 660 1 849 1 1260 1260
102 1 152 1 252 1 324 1 429 1 463 1 553 1 600 1 661 1 850 1 1260 1260
103 1 153 1 253 1 325 1 430 1 464 1 554 1 601 1 662 1 851 1 1260 1260
104 1 154 1 254 1 326 1 431 1 465 1 555 1 602 1 663 1 852 1 1260 1260
105 1 155 1 255 1 327 1 432 1 466 1 556 1 603 1 664 1 853 1 1260 1260
106 1 156 1 256 1 328 1 433 1 467 1 557 1 604 1 665 1 854 1 1260 1260
107 1 157 1 257 1 329 1 434 1 468 1 558 1 605 1 666 1 855 1 1260 1260
108 1 158 1 258 1 330 1 435 1 469 1 559 1 606 1 667 1 856 1 1260 1260
109 1 159 1 259 1 331 1 436 1 470 1 560 1 607 1 668 1 857 1 1260 1260
110 1 160 1 260 1 332 1 437 1 471 1 561 1 608 1 669 1 858 1 1260 1260
111 1 161 1 261 1 333 1 438 1 472 1 562 1 609 1 670 1 859 1 1260 1260
112 1 162 1 262 1 334 1 439 1 473 1 563 1 610 1 671 1 860 1 1260 1260
113 1 163 1 263 1 335 1 440 1 474 1 564 1 611 1 672 1 861 1 1260 1260
114 1 164 1 264 1 336 1 378 1 475 1 565 1 612 1 673 1 862 1 1260 1260
115 1 165 1 265 1 337 1 379 1 476 1 566 1 613 1 674 1 863 1 1260 1260
116 1 166 1 266 1 338 1 380 1 477 1 504 1 614 1 675 1 864 1 1260 1260
117 1 167 1 267 1 339 1 381 1 478 1 505 1 615 1 676 1 865 1 1260 1260
118 1 168 1 268 1 340 1 382 1 479 1 506 1 616 1 677 1 866 1 1260 1260
119 1 169 1 269 1 341 1 383 1 480 1 507 1 617 1 678 1 867 1 1260 1260
120 1 170 1 270 1 342 1 384 1 481 1 508 1 618 1 679 1 868 1 1260 1260
121 1 171 1 271 1 343 1 385 1 482 1 509 1 619 1 680 1 869 1 1260 1260
122 1 172 1 272 1 344 1 386 1 483 1 510 1 620 1 681 1 870 1 1260 1260
123 1 173 1 273 1 345 1 387 1 484 1 511 1 621 1 682 1 871 1 1260 1260
124 1 174 1 274 1 346 1 388 1 485 1 512 1 622 1 683 1 872 1 1260 1260
125 1 175 1 275 1 347 1 389 1 486 1 513 1 623 1 684 1 873 1 1260 1260
63 1 176 1 276 1 348 1 390 1 487 1 514 1 624 1 685 1 874 1 1260 1260
64 1 177 1 277 1 349 1 391 1 488 1 515 1 625 1 686 1 875 1 1260 1260
65 1 178 1 278 1 350 1 392 1 489 1 516 1 626 1 687 1 876 1 1260 1260
66 1 179 1 279 1 351 1 393 1 490 1 517 1 627 1 688 1 877 1 1260 1260
67 1 180 1 280 1 352 1 394 1 491 1 518 1 628 1 689 1 878 1 1260 1260
68 1 181 1 281 1 353 1 395 1 492 1 519 1 629 1 690 1 879 1 1260 1260
69 1 182 1 282 1 354 1 396 1 493 1 520 1 567 1 691 1 880 1 1260 1260
70 1 183 1 283 1 355 1 397 1 494 1 521 1 568 1 692 1 881 1 1260 1260
53 1 88 1 701 1 882 1 1260 1260
54 1 89 1 702 1 883 1 1260 1260
55 1 90 1 703 1 884 1 1260 1260
56 1 91 1 704 1 885 1 1260 1260
57 1 92 1 705 1 886 1 1260 1260
58 1 93 1 706 1 887 1 1260 1260
59 1 94 1 707 1 888 1 1260 1260
60 1 95 1 708 1 889 1 1260 1260
61 1 96 1 709 1 890 1 1260 1260
62 1 97 1 710 1 891 1 1260 1260
0 1 98 1 711 1 892 1 1260 1260
1 1 99 1 712 1 893 1 1260 1260
2 1 100 1 713 1 894 1 1260 1260
3 1 101 1 714 1 895 1 1260 1260
4 1 102 1 715 1 896 1 1260 1260
5 1 103 1 716 1 897 1 1260 1260
6 1 104 1 717 1 898 1 1260 1260
7 1 105 1 718 1 899 1 1260 1260
8 1 106 1 719 1 900 1 1260 1260
9 1 107 1 720 1 901 1 1260 1260
10 1 108 1 721 1 902 1 1260 1260
11 1 109 1 722 1 903 1 1260 1260
12 1 110 1 723 1 904 1 1260 1260
13 1 111 1 724 1 905 1 1260 1260
14 1 112 1 725 1 906 1 1260 1260
15 1 113 1 726 1 907 1 1260 1260
16 1 114 1 727 1 908 1 1260 1260
17 1 115 1 728 1 909 1 1260 1260
18 1 116 1 729 1 910 1 1260 1260
19 1 117 1 730 1 911 1 1260 1260
20 1 118 1 731 1 912 1 1260 1260
21 1 119 1 732 1 913 1 1260 1260
22 1 120 1 733 1 914 1 1260 1260
23 1 121 1 734 1 915 1 1260 1260
24 1 122 1 735 1 916 1 1260 1260
25 1 123 1 736 1 917 1 1260 1260
26 1 124 1 737 1 918 1 1260 1260
27 1 125 1 738 1 919 1 1260 1260
28 1 63 1 739 1 920 1 1260 1260
29 1 64 1 740 1 921 1 1260 1260
30 1 65 1 741 1 922 1 1260 1260
31 1 66 1 742 1 923 1 1260 1260
32 1 67 1 743 1 924 1 1260 1260
33 1 68 1 744 1 925 1 1260 1260
34 1 69 1 745 1 926 1 1260 1260
35 1 70 1 746 1 927 1 1260 1260
36 1 71 1 747 1 928 1 1260 1260
37 1 72 1 748 1 929 1 1260 1260
38 1 73 1 749 1 930 1 1260 1260
39 1 74 1 750 1 931 1 1260 1260
40 1 75 1 751 1 932 1 1260 1260
41 1 76 1 752 1 933 1 1260 1260
42 1 77 1 753 1 934 1 1260 1260
43 1 78 1 754 1 935 1 1260 1260
44 1 79 1 755 1 936 1 1260 1260
45 1 80 1 693 1 937 1 1260 1260
46 1 81 1 694 1 938 1 1260 1260
47 1 82 1 695 1 939 1 1260 1260
48 1 83 1 696 1 940 1 1260 1260
49 1 84 1 697 1 941 1 1260 1260
50 1 85 1 698 1 942 1 1260 1260
51 1 86 1 699 1 943 1 1260 1260
52 1 87 1 700 1 944 1 1260 1260
42 1 104 1 320 1 474 1 733 1 945 1 1260 1260
43 1 105 1 321 1 475 1 734 1 946 1 1260 1260
44 1 106 1 322 1 476 1 735 1 947 1 1260 1260
45 1 107 1 323 1 477 1 736 1 948 1 1260 1260
46 1 108 1 324 1 478 1 737 1 949 1 1260 1260
47 1 109 1 325 1 479 1 738 1 950 1 1260 1260
48 1 110 1 326 1 480 1 739 1 951 1 1260 1260
49 1 111 1 327 1 481 1 740 1 952 1 1260 1260
50 1 112 1 328 1 482 1 741 1 953 1 1260 1260
51 1 113 1 329 1 483 1 742 1 954 1 1260 1260
52 1 114 1 330 1 484 1 743 1 955 1 1260 1260
53 1 115 1 331 1 485 1 744 1 956 1 1260 1260
54 1 116 1 332 1 486 1 745 1 957 1 1260 1260
55 1 117 1 333 1 487 1 746 1 958 1 1260 1260
56 1 118 1 334 1 488 1 747 1 959 1 1260 1260
57 1 119 1 335 1 489 1 748 1 960 1 1260 1260
58 1 120 1 336 1 490 1 749 1 961 1 1260 1260
59 1 121 1 337 1 491 1 750 1 962 1 1260 1260
60 1 122 1 338 1 492 1 751 1 963 1 1260 1260
61 1 123 1 339 1 493 1 752 1 964 1 1260 1260
62 1 124 1 340 1 494 1 753 1 965 1 1260 1260
0 1 125 1 341 1 495 1 754 1 966 1 1260 1260
1 1 63 1 342 1 496 1 755 1 967 1 1260 1260
2 1 64 1 343 1 497 1 693 1 968 1 1260 1260
3 1 65 1 344 1 498 1 694 1 969 1 1260 1260
4 1 66 1 345 1 499 1 695 1 970 1 1260 1260
5 1 67 1 346 1 500 1 696 1 971 1 1260 1260
6 1 68 1 347 1 501 1 697 1 972 1 1260 1260
7 1 69 1 348 1 502 1 698 1 973 1 1260 1260
8 1 70 1 349 1 503 1 699 1 974 1 1260 1260
9 1 71 1 350 1 441 1 700 1 975 1 1260 1260
10 1 72 1 351 1 442 1 701 1 976 1 1260 1260
11 1 73 1 352 1 443 1 702 1 977 1 1260 1260
12 1 74 1 353 1 444 1 703 1 978 1 1260 1260
13 1 75 1 354 1 445 1 704 1 979 1 1260 1260
14 1 76 1 355 1 446 1 705 1 980 1 1260 1260
15 1 77 1 356 1 447 1 706 1 981 1 1260 1260
16 1 78 1 357 1 448 1 707 1 982 1 1260 1260
17 1 79 1 358 1 449 1 708 1 983 1 1260 1260
18 1 80 1 359 1 450 1 709 1 984 1 1260 1260
19 1 81 1 360 1 451 1 710 1 985 1 1260 1260
20 1 82 1 361 1 452 1 711 1 986 1 1260 1260
21 1 83 1 362 1 453 1 712 1 987 1 1260 1260
22 1 84 1 363 1 454 1 713 1 988 1 1260 1260
23 1 85 1 364 1 455 1 714 1 989 1 1260 1260
24 1 86 1 365 1 456 1 715 1 990 1 1260 1260
25 1 87 1 366 1 457 1 716 1 991 1 1260 1260
26 1 88 1 367 1 458 1 717 1 992 1 1260 1260
27 1 89 1 368 1 459 1 718 1 993 1 1260 1260
28 1 90 1 369 1 460 1 719 1 994 1 1260 1260
29 1 91 1 370 1 461 1 720 1 995 1 1260 1260
30 1 92 1 371 1 462 1 721 1 996 1 1260 1260
31 1 93 1 372 1 463 1 722 1 997 1 1260 1260
32 1 94 1 373 1 464 1 723 1 998 1 1260 1260
33 1 95 1 374 1 465 1 724 1 999 1 1260 1260
34 1 96 1 375 1 466 1 725 1 1000 1 1260 1260
35 1 97 1 376 1 467 1 726 1 1001 1 1260 1260
36 1 98 1 377 1 468 1 727 1 1002 1 1260 1260
37 1 99 1 315 1 469 1 728 1 1003 1 1260 1260
38 1 100 1 316 1 470 1 729 1 1004 1 1260 1260
39 1 101 1 317 1 471 1 730 1 1005 1 1260 1260
40 1 102 1 318 1 472 1 731 1 1006 1 1260 1260
41 1 103 1 319 1 473 1 732 1 1007 1 1260 1260
29 1 354 1 486 1 595 1 725 1 1008 1 1260 1260
30 1 355 1 487 1 596 1 726 1 1009 1 1260 1260
31 1 356 1 488 1 597 1 727 1 1010 1 1260 1260
32 1 357 1 489 1 598 1 728 1 1011 1 1260 1260
33 1 358 1 490 1 599 1 729 1 1012 1 1260 1260
34 1 359 1 491 1 600 1 730 1 1013 1 1260 1260
35 1 360 1 492 1 601 1 731 1 1014 1 1260 1260
36 1 361 1 493 1 602 1 732 1 1015 1 1260 1260
37 1 362 1 494 1 603 1 733 1 1016 1 1260 1260
38 1 363 1 495 1 604 1 734 1 1017 1 1260 1260
39 1 364 1 496 1 605 1 735 1 1018 1 1260 1260
40 1 365 1 497 1 606 1 736 1 1019 1 1260 1260
41 1 366 1 498 1 607 1 737 1 1020 1 1260 1260
42 1 367 1 499 1 608 1 738 1 1021 1 1260 1260
43 1 368 1 500 1 609 1 739 1 1022 1 1260 1260
44 1 369 1 501 1 610 1 740 1 1023 1 1260 1260
45 1 370 1 502 1 611 1 741 1 1024 1 1260 1260
46 1 371 1 503 1 612 1 742 1 1025 1 1260 1260
47 1 372 1 441 1 613 1 743 1 1026 1 1260 1260
48 1 373 1 442 1 614 1 744 1 1027 1 1260 1260
49 1 374 1 443 1 615 1 745 1 1028 1 1260 1260
50 1 375 1 444 1 616 1 746 1 1029 1 1260 1260
51 1 376 1 445 1 617 1 747 1 1030 1 1260 1260
52 1 377 1 446 1 618 1 748 1 1031 1 1260 1260
53 1 315 1 447 1 619 1 749 1 1032 1 1260 1260
54 1 316 1 448 1 620 1 750 1 1033 1 1260 1260
55 1 317 1 449 1 621 1 751 1 1034 1 1260 1260
56 1 318 1 450 1 622 1 752 1 1035 1 1260 1260
57 1 319 1 451 1 623 1 753 1 1036 1 1260 1260
58 1 320 1 452 1 624 1 754 1 1037 1 1260 1260
59 1 321 1 453 1 625 1 755 1 1038 1 1260 1260
60 1 322 1 454 1 626 1 693 1 1039 1 1260 1260
61 1 323 1 455 1 627 1 694 1 1040 1 1260 1260
62 1 324 1 456 1 628 1 695 1 1041 1 1260 1260
0 1 325 1 457 1 629 1 696 1 1042 1 1260 1260
1 1 326 1 458 1 567 1 697 1 1043 1 1260 1260
2 1 327 1 459 1 568 1 698 1 1044 1 1260 1260
3 1 328 1 460 1 569 1 699 1 1045 1 1260 1260
4 1 329 1 461 1 570 1 700 1 1046 1 1260 1260
5 1 330 1 462 1 571 1 701 1 1047 1 1260 1260
6 1 331 1 463 1 572 1 702 1 1048 1 1260 1260
7 1 332 1 464 1 573 1 703 1 1049 1 1260 1260
8 1 333 1 465 1 574 1 704 1 1050 1 1260 1260
9 1 334 1 466 1 575 1 705 1 1051 1 1260 1260
10 1 335 1 467 1 576 1 706 1 1052 1 1260 1260
11 1 336 1 468 1 577 1 707 1 1053 1 1260 1260
12 1 337 1 469 1 578 1 708 1 1054 1 1260 1260
13 1 338 1 470 1 579 1 709 1 1055 1 1260 1260
14 1 339 1 471 1 580 1 710 1 1056 1 1260 1260
15 1 340 1 472 1 581 1 711 1 1057 1 1260 1260
16 1 341 1 473 1 582 1 712 1 1058 1 1260 1260
17 1 342 1 474 1 583 1 713 1 1059 1 1260 1260
18 1 343 1 475 1 584 1 714 1 1060 1 1260 1260
19 1 344 1 476 1 585 1 715 1 1061 1 1260 1260
20 1 345 1 477 1 586 1 716 1 1062 1 1260 1260
21 1 346 1 478 1 587 1 717 1 1063 1 1260 1260
22 1 347 1 479 1 588 1 718 1 1064 1 1260 1260
23 1 348 1 480 1 589 1 719 1 1065 1 1260 1260
24 1 349 1 481 1 590 1 720 1 1066 1 1260 1260
25 1 350 1 482 1 591 1 721 1 1067 1 1260 1260
26 1 351 1 483 1 592 1 722 1 1068 1 1260 1260
27 1 352 1 484 1 593 1 723 1 1069 1 1260 1260
28 1 353 1 485 1 594 1 724 1 1070 1 1260 1260
66 1 336 1 455 1 696 1 872 1 1071 1 1260 1260
67 1 337 1 456 1 697 1 873 1 1072 1 1260 1260
68 1 338 1 457 1 698 1 874 1 1073 1 1260 1260
69 1 339 1 458 1 699 1 875 1 1074 1 1260 1260
70 1 340 1 459 1 700 1 876 1 1075 1 1260 1260
71 1 341 1 460 1 701 1 877 1 1076 1 1260 1260
72 1 342 1 461 1 702 1 878 1 1077 1 1260 1260
73 1 343 1 462 1 703 1 879 1 1078 1 1260 1260
74 1 344 1 463 1 704 1 880 1 1079 1 1260 1260
75 1 345 1 464 1 705 1 881 1 1080 1 1260 1260
76 1 346 1 465 1 706 1 819 1 1081 1 1260 1260
77 1 347 1 466 1 707 1 820 1 1082 1 1260 1260
78 1 348 1 467 1 708 1 821 1 1083 1 1260 1260
79 1 349 1 468 1 709 1 822 1 1084 1 1260 1260
80 1 350 1 469 1 710 1 823 1 1085 1 1260 1260
81 1 351 1 470 1 711 1 824 1 1086 1 1260 1260
82 1 352 1 471 1 712 1 825 1 1087 1 1260 1260
83 1 353 1 472 1 713 1 826 1 1088 1 1260 1260
84 1 354 1 473 1 714 1 827 1 1089 1 1260 1260
85 1 355 1 474 1 715 1 828 1 1090 1 1260 1260
86 1 356 1 475 1 716 1 829 1 1091 1 1260 1260
87 1 357 1 476 1 717 1 830 1 1092 1 1260 1260
88 1 358 1 477 1 718 1 831 1 1093 1 1260 1260
89 1 359 1 478 1 719 1 832 1 1094 1 1260 1260
90 1 360 1 479 1 720 1 833 1 1095 1 1260 1260
91 1 361 1 480 1 721 1 834 1 1096 1 1260 1260
92 1 362 1 481 1 722 1 835 1 1097 1 1260 1260
93 1 363 1 482 1 723 1 836 1 1098 1 1260 1260
94 1 364 1 483 1 724 1 837 1 1099 1 1260 1260
95 1 365 1 484 1 725 1 838 1 1100 1 1260 1260
96 1 366 1 485 1 726 1 839 1 1101 1 1260 1260
97 1 367 1 486 1 727 1 840 1 1102 1 1260 1260
98 1 368 1 487 1 728 1 841 1 1103 1 1260 1260
99 1 369 1 488 1 729 1 842 1 1104 1 1260 1260
100 1 370 1 489 1 730 1 843 1 1105 1 1260 1260
101 1 371 1 490 1 731 1 844 1 1106 1 1260 1260
102 1 372 1 491 1 732 1 845 1 1107 1 1260 1260
103 1 373 1 492 1 733 1 846 1 1108 1 1260 1260
104 1 374 1 493 1 734 1 847 1 1109 1 1260 1260
105 1 375 1 494 1 735 1 848 1 1110 1 1260 1260
106 1 376 1 495 1 736 1 849 1 1111 1 1260 1260
107 1 377 1 496 1 737 1 850 1 1112 1 1260 1260
108 1 315 1 497 1 738 1 851 1 1113 1 1260 1260
109 1 316 1 498 1 739 1 852 1 1114 1 1260 1260
110 1 317 1 499 1 740 1 853 1 1115 1 1260 1260
111 1 318 1 500 1 741 1 854 1 1116 1 1260 1260
112 1 319 1 501 1 742 1 855 1 1117 1 1260 1260
113 1 320 1 502 1 743 1 856 1 1118 1 1260 1260
114 1 321 1 503 1 744 1 857 1 1119 1 1260 1260
115 1 322 1 441 1 745 1 858 1 1120 1 1260 1260
116 1 323 1 442 1 746 1 859 1 1121 1 1260 1260
117 1 324 1 443 1 747 1 860 1 1122 1 1260 1260
118 1 325 1 444 1 748 1 861 1 1123 1 1260 1260
119 1 326 1 445 1 749 1 862 1 1124 1 1260 1260
120 1 327 1 446 1 750 1 863 1 1125 1 1260 1260
121 1 328 1 447 1 751 1 864 1 1126 1 1260 1260
122 1 329 1 448 1 752 1 865 1 1127 1 1260 1260
123 1 330 1 449 1 753 1 866 1 1128 1 1260 1260
124 1 331 1 450 1 754 1 867 1 1129 1 1260 1260
125 1 332 1 451 1 755 1 868 1 1130 1 1260 1260
63 1 333 1 452 1 693 1 869 1 1131 1 1260 1260
64 1 334 1 453 1 694 1 870 1 1132 1 1260 1260
65 1 335 1 454 1 695 1 871 1 1133 1 1260 1260
16 1 94 1 797 1 1134 1 1260 1260
17 1 95 1 798 1 1135 1 1260 1260
18 1 96 1 799 1 1136 1 1260 1260
19 1 97 1 800 1 1137 1 1260 1260
20 1 98 1 801 1 1138 1 1260 1260
21 1 99 1 802 1 1139 1 1260 1260
22 1 100 1 803 1 1140 1 1260 1260
23 1 101 1 804 1 1141 1 1260 1260
24 1 102 1 805 1 1142 1 1260 1260
25 1 103 1 806 1 1143 1 1260 1260
26 1 104 1 807 1 1144 1 1260 1260
27 1 105 1 808 1 1145 1 1260 1260
28 1 106 1 809 1 1146 1 1260 1260
29 1 107 1 810 1 1147 1 1260 1260
30 1 108 1 811 1 1148 1 1260 1260
31 1 109 1 812 1 1149 1 1260 1260
32 1 110 1 813 1 1150 1 1260 1260
33 1 111 1 814 1 1151 1 1260 1260
34 1 112 1 815 1 1152 1 1260 1260
35 1 113 1 816 1 1153 1 1260 1260
36 1 114 1 817 1 1154 1 1260 1260
37 1 115 1 818 1 1155 1 1260 1260
38 1 116 1 756 1 1156 1 1260 1260
39 1 117 1 757 1 1157 1 1260 1260
40 1 118 1 758 1 1158 1 1260 1260
41 1 119 1 759 1 1159 1 1260 1260
42 1 120 1 760 1 1160 1 1260 1260
43 1 121 1 761 1 1161 1 1260 1260
44 1 122 1 762 1 1162 1 1260 1260
45 1 123 1 763 1 1163 1 1260 1260
46 1 124 1 764 1 1164 1 1260 1260
47 1 125 1 765 1 1165 1 1260 1260
48 1 63 1 766 1 1166 1 1260 1260
49 1 64 1 767 1 1167 1 1260 1260
50 1 65 1 768 1 1168 1 1260 1260
51 1 66 1 769 1 1169 1 1260 1260
52 1 67 1 770 1 1170 1 1260 1260
53 1 68 1 771 1 1171 1 1260 1260
54 1 69 1 772 1 1172 1 1260 1260
55 1 70 1 773 1 1173 1 1260 1260
56 1 71 1 774 1 1174 1 1260 1260
57 1 72 1 775 1 1175 1 1260 1260
58 1 73 1 776 1 1176 1 1260 1260
59 1 74 1 777 1 1177 1 1260 1260
60 1 75 1 778 1 1178 1 1260 1260
61 1 76 1 779 1 1179 1 1260 1260
62 1 77 1 780 1 1180 1 1260 1260
0 1 78 1 781 1 1181 1 1260 1260
1 1 79 1 782 1 1182 1 1260 1260
2 1 80 1 783 1 1183 1 1260 1260
3 1 81 1 784 1 1184 1 1260 1260
4 1 82 1 785 1 1185 1 1260 1260
5 1 83 1 786 1 1186 1 1260 1260
6 1 84 1 787 1 1187 1 1260 1260
7 1 85 1 788 1 1188 1 1260 1260
8 1 86 1 789 1 1189 1 1260 1260
9 1 87 1 790 1 1190 1 1260 1260
10 1 88 1 791 1 1191 1 1260 1260
11 1 89 1 792 1 1192 1 1260 1260
12 1 90 1 793 1 1193 1 1260 1260
13 1 91 1 794 1 1194 1 1260 1260
14 1 92 1 795 1 1195 1 1260 1260
15 1 93 1 796 1 1196 1 1260 1260
77 1 520 1 691 1 751 1 1197 1 1260 1260
78 1 521 1 692 1 752 1 1198 1 1260 1260
79 1 522 1 630 1 753 1 1199 1 1260 1260
80 1 523 1 631 1 754 1 1200 1 1260 1260
81 1 524 1 632 1 755 1 1201 1 1260 1260
82 1 525 1 633 1 693 1 1202 1 1260 1260
83 1 526 1 634 1 694 1 1203 1 1260 1260
84 1 527 1 635 1 695 1 1204 1 1260 1260
85 1 528 1 636 1 696 1 1205 1 1260 1260
86 1 529 1 637 1 697 1 1206 1 1260 1260
87 1 530 1 638 1 698 1 1207 1 1260 1260
88 1 531 1 639 1 699 1 1208 1 1260 1260
89 1 532 1 640 1 700 1 1209 1 1260 1260
90 1 533 1 641 1 701 1 1210 1 1260 1260
91 1 534 1 642 1 702 1 1211 1 1260 1260
92 1 535 1 643 1 703 1 1212 1 1260 1260
93 1 536 1 644 1 704 1 1213 1 1260 1260
94 1 537 1 645 1 705 1 1214 1 1260 1260
95 1 538 1 646 1 706 1 1215 1 1260 1260
96 1 539 1 647 1 707 1 1216 1 1260 1260
97 1 540 1 648 1 708 1 1217 1 1260 1260
98 1 541 1 649 1 709 1 1218 1 1260 1260
99 1 542 1 650 1 710 1 1219 1 1260 1260
100 1 543 1 651 1 711 1 1220 1 1260 1260
101 1 544 1 652 1 712 1 1221 1 1260 1260
102 1 545 1 653 1 713 1 1222 1 1260 1260
103 1 546 1 654 1 714 1 1223 1 1260 1260
104 1 547 1 655 1 715 1 1224 1 1260 1260
105 1 548 1 656 1 716 1 1225 1 1260 1260
106 1 549 1 657 1 717 1 1226 1 1260 1260
107 1 550 1 658 1 718 1 1227 1 1260 1260
108 1 551 1 659 1 719 1 1228 1 1260 1260
109 1 552 1 660 1 720 1 1229 1 1260 1260
110 1 553 1 661 1 721 1 1230 1 1260 1260
111 1 554 1 662 1 722 1 1231 1 1260 1260
112 1 555 1 663 1 723 1 1232 1 1260 1260
113 1 556 1 664 1 724 1 1233 1 1260 1260
114 1 557 1 665 1 725 1 1234 1 1260 1260
115 1 558 1 666 1 726 1 1235 1 1260 1260
116 1 559 1 667 1 727 1 1236 1 1260 1260
117 1 560 1 668 1 728 1 1237 1 1260 1260
118 1 561 1 669 1 729 1 1238 1 1260 1260
119 1 562 1 670 1 730 1 1239 1 1260 1260
120 1 563 1 671 1 731 1 1240 1 1260 1260
121 1 564 1 672 1 732 1 1241 1 1260 1260
122 1 565 1 673 1 733 1 1242 1 1260 1260
123 1 566 1 674 1 734 1 1243 1 1260 1260
124 1 504 1 675 1 735 1 1244 1 1260 1260
125 1 505 1 676 1 736 1 1245 1 1260 1260
63 1 506 1 677 1 737 1 1246 1 1260 1260
64 1 507 1 678 1 738 1 1247 1 1260 1260
65 1 508 1 679 1 739 1 1248 1 1260 1260
66 1 509 1 680 1 740 1 1249 1 1260 1260
67 1 510 1 681 1 741 1 1250 1 1260 1260
68 1 511 1 682 1 742 1 1251 1 1260 1260
69 1 512 1 683 1 743 1 1252 1 1260 1260
70 1 513 1 684 1 744 1 1253 1 1260 1260
71 1 514 1 685 1 745 1 1254 1 1260 1260
72 1 515 1 686 1 746 1 1255 1 1260 1260
73 1 516 1 687 1 747 1 1256 1 1260 1260
74 1 517 1 688 1 748 1 1257 1 1260 1260
75 1 518 1 689 1 749 1 1258 1 1260 1260
76 1 519 1 690 1 750 1 1259 1 1260 1260
