640
320
0
0
9 9 53 117 76 204 122 26 221 189 301 205 320 0 352 0 640 640
10 9 54 117 77 204 123 26 222 189 302 205 321 0 353 0 640 640
11 9 55 117 78 204 124 26 223 189 303 205 322 0 354 0 640 640
12 9 56 117 79 204 125 26 192 189 304 205 323 0 355 0 640 640
13 9 57 117 80 204 126 26 193 189 305 205 324 0 356 0 640 640
14 9 58 117 81 204 127 26 194 189 306 205 325 0 357 0 640 640
15 9 59 117 82 204 96 26 195 189 307 205 326 0 358 0 640 640
16 9 60 117 83 204 97 26 196 189 308 205 327 0 359 0 640 640
17 9 61 117 84 204 98 26 197 189 309 205 328 0 360 0 640 640
18 9 62 117 85 204 99 26 198 189 310 205 329 0 361 0 640 640
19 9 63 117 86 204 100 26 199 189 311 205 330 0 362 0 640 640
20 9 32 117 87 204 101 26 200 189 312 205 331 0 363 0 640 640
21 9 33 117 88 204 102 26 201 189 313 205 332 0 364 0 640 640
22 9 34 117 89 204 103 26 202 189 314 205 333 0 365 0 640 640
23 9 35 117 90 204 104 26 203 189 315 205 334 0 366 0 640 640
24 9 36 117 91 204 105 26 204 189 316 205 335 0 367 0 640 640
25 9 37 117 92 204 106 26 205 189 317 205 336 0 368 0 640 640
26 9 38 117 93 204 107 26 206 189 318 205 337 0 369 0 640 640
27 9 39 117 94 204 108 26 207 189 319 205 338 0 370 0 640 640
28 9 40 117 95 204 109 26 208 189 288 205 339 0 371 0 640 640
29 9 41 117 64 204 110 26 209 189 289 205 340 0 372 0 640 640
30 9 42 117 65 204 111 26 210 189 290 205 341 0 373 0 640 640
31 9 43 117 66 204 112 26 211 189 291 205 342 0 374 0 640 640
0 9 44 117 67 204 113 26 212 189 292 205 343 0 375 0 640 640
1 9 45 117 68 204 114 26 213 189 293 205 344 0 376 0 640 640
2 9 46 117 69 204 115 26 214 189 294 205 345 0 377 0 640 640
3 9 47 117 70 204 116 26 215 189 295 205 346 0 378 0 640 640
4 9 48 117 71 204 117 26 216 189 296 205 347 0 379 0 640 640
5 9 49 117 72 204 118 26 217 189 297 205 348 0 380 0 640 640
6 9 50 117 73 204 119 26 218 189 298 205 349 0 381 0 640 640
7 9 51 117 74 204 120 26 219 189 299 205 350 0 382 0 640 640
8 9 52 117 75 204 121 26 220 189 300 205 351 0 383 0 640 640
7 167 102 166 157 253 189 125 194 226 252 156 256 224 316 252 352 0 384 0 640 640
8 167 103 166 158 253 190 125 195 226 253 156 257 224 317 252 353 0 385 0 640 640
9 167 104 166 159 253 191 125 196 226 254 156 258 224 318 252 354 0 386 0 640 640
10 167 105 166 128 253 160 125 197 226 255 156 259 224 319 252 355 0 387 0 640 640
11 167 106 166 129 253 161 125 198 226 224 156 260 224 288 252 356 0 388 0 640 640
12 167 107 166 130 253 162 125 199 226 225 156 261 224 289 252 357 0 389 0 640 640
13 167 108 166 131 253 163 125 200 226 226 156 262 224 290 252 358 0 390 0 640 640
14 167 109 166 132 253 164 125 201 226 227 156 263 224 291 252 359 0 391 0 640 640
15 167 110 166 133 253 165 125 202 226 228 156 264 224 292 252 360 0 392 0 640 640
16 167 111 166 134 253 166 125 203 226 229 156 265 224 293 252 361 0 393 0 640 640
17 167 112 166 135 253 167 125 204 226 230 156 266 224 294 252 362 0 394 0 640 640
18 167 113 166 136 253 168 125 205 226 231 156 267 224 295 252 363 0 395 0 640 640
19 167 114 166 137 253 169 125 206 226 232 156 268 224 296 252 364 0 396 0 640 640
20 167 115 166 138 253 170 125 207 226 233 156 269 224 297 252 365 0 397 0 640 640
21 167 116 166 139 253 171 125 208 226 234 156 270 224 298 252 366 0 398 0 640 640
22 167 117 166 140 253 172 125 209 226 235 156 271 224 299 252 367 0 399 0 640 640
23 167 118 166 141 253 173 125 210 226 236 156 272 224 300 252 368 0 400 0 640 640
24 167 119 166 142 253 174 125 211 226 237 156 273 224 301 252 369 0 401 0 640 640
25 167 120 166 143 253 175 125 212 226 238 156 274 224 302 252 370 0 402 0 640 640
26 167 121 166 144 253 176 125 213 226 239 156 275 224 303 252 371 0 403 0 640 640
27 167 122 166 145 253 177 125 214 226 240 156 276 224 304 252 372 0 404 0 640 640
28 167 123 166 146 253 178 125 215 226 241 156 277 224 305 252 373 0 405 0 640 640
29 167 124 166 147 253 179 125 216 226 242 156 278 224 306 252 374 0 406 0 640 640
30 167 125 166 148 253 180 125 217 226 243 156 279 224 307 252 375 0 407 0 640 640
31 167 126 166 149 253 181 125 218 226 244 156 280 224 308 252 376 0 408 0 640 640
0 167 127 166 150 253 182 125 219 226 245 156 281 224 309 252 377 0 409 0 640 640
1 167 96 166 151 253 183 125 220 226 246 156 282 224 310 252 378 0 410 0 640 640
2 167 97 166 152 253 184 125 221 226 247 156 283 224 311 252 379 0 411 0 640 640
3 167 98 166 153 253 185 125 222 226 248 156 284 224 312 252 380 0 412 0 640 640
4 167 99 166 154 253 186 125 223 226 249 156 285 224 313 252 381 0 413 0 640 640
5 167 100 166 155 253 187 125 192 226 250 156 286 224 314 252 382 0 414 0 640 640
6 167 101 166 156 253 188 125 193 226 251 156 287 224 315 252 383 0 415 0 640 640
17 81 50 114 108 44 148 52 272 240 321 1 384 0 416 0 640 640
18 81 51 114 109 44 149 52 273 240 322 1 385 0 417 0 640 640
19 81 52 114 110 44 150 52 274 240 323 1 386 0 418 0 640 640
20 81 53 114 111 44 151 52 275 240 324 1 387 0 419 0 640 640
21 81 54 114 112 44 152 52 276 240 325 1 388 0 420 0 640 640
22 81 55 114 113 44 153 52 277 240 326 1 389 0 421 0 640 640
23 81 56 114 114 44 154 52 278 240 327 1 390 0 422 0 640 640
24 81 57 114 115 44 155 52 279 240 328 1 391 0 423 0 640 640
25 81 58 114 116 44 156 52 280 240 329 1 392 0 424 0 640 640
26 81 59 114 117 44 157 52 281 240 330 1 393 0 425 0 640 640
27 81 60 114 118 44 158 52 282 240 331 1 394 0 426 0 640 640
28 81 61 114 119 44 159 52 283 240 332 1 395 0 427 0 640 640
29 81 62 114 120 44 128 52 284 240 333 1 396 0 428 0 640 640
30 81 63 114 121 44 129 52 285 240 334 1 397 0 429 0 640 640
31 81 32 114 122 44 130 52 286 240 335 1 398 0 430 0 640 640
0 81 33 114 123 44 131 52 287 240 336 1 399 0 431 0 640 640
1 81 34 114 124 44 132 52 256 240 337 1 400 0 432 0 640 640
2 81 35 114 125 44 133 52 257 240 338 1 401 0 433 0 640 640
3 81 36 114 126 44 134 52 258 240 339 1 402 0 434 0 640 640
4 81 37 114 127 44 135 52 259 240 340 1 403 0 435 0 640 640
5 81 38 114 96 44 136 52 260 240 341 1 404 0 436 0 640 640
6 81 39 114 97 44 137 52 261 240 342 1 405 0 437 0 640 640
7 81 40 114 98 44 138 52 262 240 343 1 406 0 438 0 640 640
8 81 41 114 99 44 139 52 263 240 344 1 407 0 439 0 640 640
9 81 42 114 100 44 140 52 264 240 345 1 408 0 440 0 640 640
10 81 43 114 101 44 141 52 265 240 346 1 409 0 441 0 640 640
11 81 44 114 102 44 142 52 266 240 347 1 410 0 442 0 640 640
12 81 45 114 103 44 143 52 267 240 348 1 411 0 443 0 640 640
13 81 46 114 104 44 144 52 268 240 349 1 412 0 444 0 640 640
14 81 47 114 105 44 145 52 269 240 350 1 413 0 445 0 640 640
15 81 48 114 106 44 146 52 270 240 351 1 414 0 446 0 640 640
16 81 49 114 107 44 147 52 271 240 320 1 415 0 447 0 640 640
40 8 90 58 158 158 168 104 209 209 246 54 274 18 288 128 320 0 416 0 640 640
41 8 91 58 159 158 169 104 210 209 247 54 275 18 289 128 321 0 417 0 640 640
42 8 92 58 128 158 170 104 211 209 248 54 276 18 290 128 322 0 418 0 640 640
43 8 93 58 129 158 171 104 212 209 249 54 277 18 291 128 323 0 419 0 640 640
44 8 94 58 130 158 172 104 213 209 250 54 278 18 292 128 324 0 420 0 640 640
45 8 95 58 131 158 173 104 214 209 251 54 279 18 293 128 325 0 421 0 640 640
46 8 64 58 132 158 174 104 215 209 252 54 280 18 294 128 326 0 422 0 640 640
47 8 65 58 133 158 175 104 216 209 253 54 281 18 295 128 327 0 423 0 640 640
48 8 66 58 134 158 176 104 217 209 254 54 282 18 296 128 328 0 424 0 640 640
49 8 67 58 135 158 177 104 218 209 255 54 283 18 297 128 329 0 425 0 640 640
50 8 68 58 136 158 178 104 219 209 224 54 284 18 298 128 330 0 426 0 640 640
51 8 69 58 137 158 179 104 220 209 225 54 285 18 299 128 331 0 427 0 640 640
52 8 70 58 138 158 180 104 221 209 226 54 286 18 300 128 332 0 428 0 640 640
53 8 71 58 139 158 181 104 222 209 227 54 287 18 301 128 333 0 429 0 640 640
54 8 72 58 140 158 182 104 223 209 228 54 256 18 302 128 334 0 430 0 640 640
55 8 73 58 141 158 183 104 192 209 229 54 257 18 303 128 335 0 431 0 640 640
56 8 74 58 142 158 184 104 193 209 230 54 258 18 304 128 336 0 432 0 640 640
57 8 75 58 143 158 185 104 194 209 231 54 259 18 305 128 337 0 433 0 640 640
58 8 76 58 144 158 186 104 195 209 232 54 260 18 306 128 338 0 434 0 640 640
59 8 77 58 145 158 187 104 196 209 233 54 261 18 307 128 339 0 435 0 640 640
60 8 78 58 146 158 188 104 197 209 234 54 262 18 308 128 340 0 436 0 640 640
61 8 79 58 147 158 189 104 198 209 235 54 263 18 309 128 341 0 437 0 640 640
62 8 80 58 148 158 190 104 199 209 236 54 264 18 310 128 342 0 438 0 640 640
63 8 81 58 149 158 191 104 200 209 237 54 265 18 311 128 343 0 439 0 640 640
32 8 82 58 150 158 160 104 201 209 238 54 266 18 312 128 344 0 440 0 640 640
33 8 83 58 151 158 161 104 202 209 239 54 267 18 313 128 345 0 441 0 640 640
34 8 84 58 152 158 162 104 203 209 240 54 268 18 314 128 346 0 442 0 640 640
35 8 85 58 153 158 163 104 204 209 241 54 269 18 315 128 347 0 443 0 640 640
36 8 86 58 154 158 164 104 205 209 242 54 270 18 316 128 348 0 444 0 640 640
37 8 87 58 155 158 165 104 206 209 243 54 271 18 317 128 349 0 445 0 640 640
38 8 88 58 156 158 166 104 207 209 244 54 272 18 318 128 350 0 446 0 640 640
39 8 89 58 157 158 167 104 208 209 245 54 273 18 319 128 351 0 447 0 640 640
19 179 54 214 359 71 448 0 640 640
20 179 55 214 360 71 449 0 640 640
21 179 56 214 361 71 450 0 640 640
22 179 57 214 362 71 451 0 640 640
23 179 58 214 363 71 452 0 640 640
24 179 59 214 364 71 453 0 640 640
25 179 60 214 365 71 454 0 640 640
26 179 61 214 366 71 455 0 640 640
27 179 62 214 367 71 456 0 640 640
28 179 63 214 368 71 457 0 640 640
29 179 32 214 369 71 458 0 640 640
30 179 33 214 370 71 459 0 640 640
31 179 34 214 371 71 460 0 640 640
0 179 35 214 372 71 461 0 640 640
1 179 36 214 373 71 462 0 640 640
2 179 37 214 374 71 463 0 640 640
3 179 38 214 375 71 464 0 640 640
4 179 39 214 376 71 465 0 640 640
5 179 40 214 377 71 466 0 640 640
6 179 41 214 378 71 467 0 640 640
7 179 42 214 379 71 468 0 640 640
8 179 43 214 380 71 469 0 640 640
9 179 44 214 381 71 470 0 640 640
10 179 45 214 382 71 471 0 640 640
11 179 46 214 383 71 472 0 640 640
12 179 47 214 352 71 473 0 640 640
13 179 48 214 353 71 474 0 640 640
14 179 49 214 354 71 475 0 640 640
15 179 50 214 355 71 476 0 640 640
16 179 51 214 356 71 477 0 640 640
17 179 52 214 357 71 478 0 640 640
18 179 53 214 358 71 479 0 640 640
7 231 41 41 162 194 255 159 359 103 480 0 640 640
8 231 42 41 163 194 224 159 360 103 481 0 640 640
9 231 43 41 164 194 225 159 361 103 482 0 640 640
10 231 44 41 165 194 226 159 362 103 483 0 640 640
11 231 45 41 166 194 227 159 363 103 484 0 640 640
12 231 46 41 167 194 228 159 364 103 485 0 640 640
13 231 47 41 168 194 229 159 365 103 486 0 640 640
14 231 48 41 169 194 230 159 366 103 487 0 640 640
15 231 49 41 170 194 231 159 367 103 488 0 640 640
16 231 50 41 171 194 232 159 368 103 489 0 640 640
17 231 51 41 172 194 233 159 369 103 490 0 640 640
18 231 52 41 173 194 234 159 370 103 491 0 640 640
19 231 53 41 174 194 235 159 371 103 492 0 640 640
20 231 54 41 175 194 236 159 372 103 493 0 640 640
21 231 55 41 176 194 237 159 373 103 494 0 640 640
22 231 56 41 177 194 238 159 374 103 495 0 640 640
23 231 57 41 178 194 239 159 375 103 496 0 640 640
24 231 58 41 179 194 240 159 376 103 497 0 640 640
25 231 59 41 180 194 241 159 377 103 498 0 640 640
26 231 60 41 181 194 242 159 378 103 499 0 640 640
27 231 61 41 182 194 243 159 379 103 500 0 640 640
28 231 62 41 183 194 244 159 380 103 501 0 640 640
29 231 63 41 184 194 245 159 381 103 502 0 640 640
30 231 32 41 185 194 246 159 382 103 503 0 640 640
31 231 33 41 186 194 247 159 383 103 504 0 640 640
0 231 34 41 187 194 248 159 352 103 505 0 640 640
1 231 35 41 188 194 249 159 353 103 506 0 640 640
2 231 36 41 189 194 250 159 354 103 507 0 640 640
3 231 37 41 190 194 251 159 355 103 508 0 640 640
4 231 38 41 191 194 252 159 356 103 509 0 640 640
5 231 39 41 160 194 253 159 357 103 510 0 640 640
6 231 40 41 161 194 254 159 358 103 511 0 640 640
27 155 164 228 237 45 316 28 382 158 512 0 640 640
28 155 165 228 238 45 317 28 383 158 513 0 640 640
29 155 166 228 239 45 318 28 352 158 514 0 640 640
30 155 167 228 240 45 319 28 353 158 515 0 640 640
31 155 168 228 241 45 288 28 354 158 516 0 640 640
0 155 169 228 242 45 289 28 355 158 517 0 640 640
1 155 170 228 243 45 290 28 356 158 518 0 640 640
2 155 171 228 244 45 291 28 357 158 519 0 640 640
3 155 172 228 245 45 292 28 358 158 520 0 640 640
4 155 173 228 246 45 293 28 359 158 521 0 640 640
5 155 174 228 247 45 294 28 360 158 522 0 640 640
6 155 175 228 248 45 295 28 361 158 523 0 640 640
7 155 176 228 249 45 296 28 362 158 524 0 640 640
8 155 177 228 250 45 297 28 363 158 525 0 640 640
9 155 178 228 251 45 298 28 364 158 526 0 640 640
10 155 179 228 252 45 299 28 365 158 527 0 640 640
11 155 180 228 253 45 300 28 366 158 528 0 640 640
12 155 181 228 254 45 301 28 367 158 529 0 640 640
13 155 182 228 255 45 302 28 368 158 530 0 640 640
14 155 183 228 224 45 303 28 369 158 531 0 640 640
15 155 184 228 225 45 304 28 370 158 532 0 640 640
16 155 185 228 226 45 305 28 371 158 533 0 640 640
17 155 186 228 227 45 306 28 372 158 534 0 640 640
18 155 187 228 228 45 307 28 373 158 535 0 640 640
19 155 188 228 229 45 308 28 374 158 536 0 640 640
20 155 189 228 230 45 309 28 375 158 537 0 640 640
21 155 190 228 231 45 310 28 376 158 538 0 640 640
22 155 191 228 232 45 311 28 377 158 539 0 640 640
23 155 160 228 233 45 312 28 378 158 540 0 640 640
24 155 161 228 234 45 313 28 379 158 541 0 640 640
25 155 162 228 235 45 314 28 380 158 542 0 640 640
26 155 163 228 236 45 315 28 381 158 543 0 640 640
33 129 179 147 236 140 355 3 436 116 544 0 640 640
34 129 180 147 237 140 356 3 437 116 545 0 640 640
35 129 181 147 238 140 357 3 438 116 546 0 640 640
36 129 182 147 239 140 358 3 439 116 547 0 640 640
37 129 183 147 240 140 359 3 440 116 548 0 640 640
38 129 184 147 241 140 360 3 441 116 549 0 640 640
39 129 185 147 242 140 361 3 442 116 550 0 640 640
40 129 186 147 243 140 362 3 443 116 551 0 640 640
41 129 187 147 244 140 363 3 444 116 552 0 640 640
42 129 188 147 245 140 364 3 445 116 553 0 640 640
43 129 189 147 246 140 365 3 446 116 554 0 640 640
44 129 190 147 247 140 366 3 447 116 555 0 640 640
45 129 191 147 248 140 367 3 416 116 556 0 640 640
46 129 160 147 249 140 368 3 417 116 557 0 640 640
47 129 161 147 250 140 369 3 418 116 558 0 640 640
48 129 162 147 251 140 370 3 419 116 559 0 640 640
49 129 163 147 252 140 371 3 420 116 560 0 640 640
50 129 164 147 253 140 372 3 421 116 561 0 640 640
51 129 165 147 254 140 373 3 422 116 562 0 640 640
52 129 166 147 255 140 374 3 423 116 563 0 640 640
53 129 167 147 224 140 375 3 424 116 564 0 640 640
54 129 168 147 225 140 376 3 425 116 565 0 640 640
55 129 169 147 226 140 377 3 426 116 566 0 640 640
56 129 170 147 227 140 378 3 427 116 567 0 640 640
57 129 171 147 228 140 379 3 428 116 568 0 640 640
58 129 172 147 229 140 380 3 429 116 569 0 640 640
59 129 173 147 230 140 381 3 430 116 570 0 640 640
60 129 174 147 231 140 382 3 431 116 571 0 640 640
61 129 175 147 232 140 383 3 432 116 572 0 640 640
62 129 176 147 233 140 352 3 433 116 573 0 640 640
63 129 177 147 234 140 353 3 434 116 574 0 640 640
32 129 178 147 235 140 354 3 435 116 575 0 640 640
14 142 62 94 390 230 576 0 640 640
15 142 63 94 391 230 577 0 640 640
16 142 32 94 392 230 578 0 640 640
17 142 33 94 393 230 579 0 640 640
18 142 34 94 394 230 580 0 640 640
19 142 35 94 395 230 581 0 640 640
20 142 36 94 396 230 582 0 640 640
21 142 37 94 397 230 583 0 640 640
22 142 38 94 398 230 584 0 640 640
23 142 39 94 399 230 585 0 640 640
24 142 40 94 400 230 586 0 640 640
25 142 41 94 401 230 587 0 640 640
26 142 42 94 402 230 588 0 640 640
27 142 43 94 403 230 589 0 640 640
28 142 44 94 404 230 590 0 640 640
29 142 45 94 405 230 591 0 640 640
30 142 46 94 406 230 592 0 640 640
31 142 47 94 407 230 593 0 640 640
0 142 48 94 408 230 594 0 640 640
1 142 49 94 409 230 595 0 640 640
2 142 50 94 410 230 596 0 640 640
3 142 51 94 411 230 597 0 640 640
4 142 52 94 412 230 598 0 640 640
5 142 53 94 413 230 599 0 640 640
6 142 54 94 414 230 600 0 640 640
7 142 55 94 415 230 601 0 640 640
8 142 56 94 384 230 602 0 640 640
9 142 57 94 385 230 603 0 640 640
10 142 58 94 386 230 604 0 640 640
11 142 59 94 387 230 605 0 640 640
12 142 60 94 388 230 606 0 640 640
13 142 61 94 389 230 607 0 640 640
43 203 269 205 349 61 375 247 608 0 640 640
44 203 270 205 350 61 376 247 609 0 640 640
45 203 271 205 351 61 377 247 610 0 640 640
46 203 272 205 320 61 378 247 611 0 640 640
47 203 273 205 321 61 379 247 612 0 640 640
48 203 274 205 322 61 380 247 613 0 640 640
49 203 275 205 323 61 381 247 614 0 640 640
50 203 276 205 324 61 382 247 615 0 640 640
51 203 277 205 325 61 383 247 616 0 640 640
52 203 278 205 326 61 352 247 617 0 640 640
53 203 279 205 327 61 353 247 618 0 640 640
54 203 280 205 328 61 354 247 619 0 640 640
55 203 281 205 329 61 355 247 620 0 640 640
56 203 282 205 330 61 356 247 621 0 640 640
57 203 283 205 331 61 357 247 622 0 640 640
58 203 284 205 332 61 358 247 623 0 640 640
59 203 285 205 333 61 359 247 624 0 640 640
60 203 286 205 334 61 360 247 625 0 640 640
61 203 287 205 335 61 361 247 626 0 640 640
62 203 256 205 336 61 362 247 627 0 640 640
63 203 257 205 337 61 363 247 628 0 640 640
32 203 258 205 338 61 364 247 629 0 640 640
33 203 259 205 339 61 365 247 630 0 640 640
34 203 260 205 340 61 366 247 631 0 640 640
35 203 261 205 341 61 367 247 632 0 640 640
36 203 262 205 342 61 368 247 633 0 640 640
37 203 263 205 343 61 369 247 634 0 640 640
38 203 264 205 344 61 370 247 635 0 640 640
39 203 265 205 345 61 371 247 636 0 640 640
40 203 266 205 346 61 372 247 637 0 640 640
41 203 267 205 347 61 373 247 638 0 640 640
42 203 268 205 348 61 374 247 639 0 640 640
