1280
640
0
0
10 48 118 23 141 10 219 14 446 33 590 20 641 2 705 2 1280 1280
11 48 119 23 142 10 220 14 447 33 591 20 642 2 706 2 1280 1280
12 48 120 23 143 10 221 14 384 33 592 20 643 2 707 2 1280 1280
13 48 121 23 144 10 222 14 385 33 593 20 644 2 708 2 1280 1280
14 48 122 23 145 10 223 14 386 33 594 20 645 2 709 2 1280 1280
15 48 123 23 146 10 224 14 387 33 595 20 646 2 710 2 1280 1280
16 48 124 23 147 10 225 14 388 33 596 20 647 2 711 2 1280 1280
17 48 125 23 148 10 226 14 389 33 597 20 648 2 712 2 1280 1280
18 48 126 23 149 10 227 14 390 33 598 20 649 2 713 2 1280 1280
19 48 127 23 150 10 228 14 391 33 599 20 650 2 714 2 1280 1280
20 48 64 23 151 10 229 14 392 33 600 20 651 2 715 2 1280 1280
21 48 65 23 152 10 230 14 393 33 601 20 652 2 716 2 1280 1280
22 48 66 23 153 10 231 14 394 33 602 20 653 2 717 2 1280 1280
23 48 67 23 154 10 232 14 395 33 603 20 654 2 718 2 1280 1280
24 48 68 23 155 10 233 14 396 33 604 20 655 2 719 2 1280 1280
25 48 69 23 156 10 234 14 397 33 605 20 656 2 720 2 1280 1280
26 48 70 23 157 10 235 14 398 33 606 20 657 2 721 2 1280 1280
27 48 71 23 158 10 236 14 399 33 607 20 658 2 722 2 1280 1280
28 48 72 23 159 10 237 14 400 33 608 20 659 2 723 2 1280 1280
29 48 73 23 160 10 238 14 401 33 609 20 660 2 724 2 1280 1280
30 48 74 23 161 10 239 14 402 33 610 20 661 2 725 2 1280 1280
31 48 75 23 162 10 240 14 403 33 611 20 662 2 726 2 1280 1280
32 48 76 23 163 10 241 14 404 33 612 20 663 2 727 2 1280 1280
33 48 77 23 164 10 242 14 405 33 613 20 664 2 728 2 1280 1280
34 48 78 23 165 10 243 14 406 33 614 20 665 2 729 2 1280 1280
35 48 79 23 166 10 244 14 407 33 615 20 666 2 730 2 1280 1280
36 48 80 23 167 10 245 14 408 33 616 20 667 2 731 2 1280 1280
37 48 81 23 168 10 246 14 409 33 617 20 668 2 732 2 1280 1280
38 48 82 23 169 10 247 14 410 33 618 20 669 2 733 2 1280 1280
39 48 83 23 170 10 248 14 411 33 619 20 670 2 734 2 1280 1280
40 48 84 23 171 10 249 14 412 33 620 20 671 2 735 2 1280 1280
41 48 85 23 172 10 250 14 413 33 621 20 672 2 736 2 1280 1280
42 48 86 23 173 10 251 14 414 33 622 20 673 2 737 2 1280 1280
43 48 87 23 174 10 252 14 415 33 623 20 674 2 738 2 1280 1280
44 48 88 23 175 10 253 14 416 33 624 20 675 2 739 2 1280 1280
45 48 89 23 176 10 254 14 417 33 625 20 676 2 740 2 1280 1280
46 48 90 23 177 10 255 14 418 33 626 20 677 2 741 2 1280 1280
47 48 91 23 178 10 192 14 419 33 627 20 678 2 742 2 1280 1280
48 48 92 23 179 10 193 14 420 33 628 20 679 2 743 2 1280 1280
49 48 93 23 180 10 194 14 421 33 629 20 680 2 744 2 1280 1280
50 48 94 23 181 10 195 14 422 33 630 20 681 2 745 2 1280 1280
51 48 95 23 182 10 196 14 423 33 631 20 682 2 746 2 1280 1280
52 48 96 23 183 10 197 14 424 33 632 20 683 2 747 2 1280 1280
53 48 97 23 184 10 198 14 425 33 633 20 684 2 748 2 1280 1280
54 48 98 23 185 10 199 14 426 33 634 20 685 2 749 2 1280 1280
55 48 99 23 186 10 200 14 427 33 635 20 686 2 750 2 1280 1280
56 48 100 23 187 10 201 14 428 33 636 20 687 2 751 2 1280 1280
57 48 101 23 188 10 202 14 429 33 637 20 688 2 752 2 1280 1280
58 48 102 23 189 10 203 14 430 33 638 20 689 2 753 2 1280 1280
59 48 103 23 190 10 204 14 431 33 639 20 690 2 754 2 1280 1280
60 48 104 23 191 10 205 14 432 33 576 20 691 2 755 2 1280 1280
61 48 105 23 128 10 206 14 433 33 577 20 692 2 756 2 1280 1280
62 48 106 23 129 10 207 14 434 33 578 20 693 2 757 2 1280 1280
63 48 107 23 130 10 208 14 435 33 579 20 694 2 758 2 1280 1280
0 48 108 23 131 10 209 14 436 33 580 20 695 2 759 2 1280 1280
1 48 109 23 132 10 210 14 437 33 581 20 696 2 760 2 1280 1280
2 48 110 23 133 10 211 14 438 33 582 20 697 2 761 2 1280 1280
3 48 111 23 134 10 212 14 439 33 583 20 698 2 762 2 1280 1280
4 48 112 23 135 10 213 14 440 33 584 20 699 2 763 2 1280 1280
5 48 113 23 136 10 214 14 441 33 585 20 700 2 764 2 1280 1280
6 48 114 23 137 10 215 14 442 33 586 20 701 2 765 2 1280 1280
7 48 115 23 138 10 216 14 443 33 587 20 702 2 766 2 1280 1280
8 48 116 23 139 10 217 14 444 33 588 20 703 2 767 2 1280 1280
9 48 117 23 140 10 218 14 445 33 589 20 640 2 704 2 1280 1280
40 47 231 54 318 33 382 33 419 11 477 56 545 18 637 49 705 2 769 2 1280 1280
41 47 232 54 319 33 383 33 420 11 478 56 546 18 638 49 706 2 770 2 1280 1280
42 47 233 54 256 33 320 33 421 11 479 56 547 18 639 49 707 2 771 2 1280 1280
43 47 234 54 257 33 321 33 422 11 480 56 548 18 576 49 708 2 772 2 1280 1280
44 47 235 54 258 33 322 33 423 11 481 56 549 18 577 49 709 2 773 2 1280 1280
45 47 236 54 259 33 323 33 424 11 482 56 550 18 578 49 710 2 774 2 1280 1280
46 47 237 54 260 33 324 33 425 11 483 56 551 18 579 49 711 2 775 2 1280 1280
47 47 238 54 261 33 325 33 426 11 484 56 552 18 580 49 712 2 776 2 1280 1280
48 47 239 54 262 33 326 33 427 11 485 56 553 18 581 49 713 2 777 2 1280 1280
49 47 240 54 263 33 327 33 428 11 486 56 554 18 582 49 714 2 778 2 1280 1280
50 47 241 54 264 33 328 33 429 11 487 56 555 18 583 49 715 2 779 2 1280 1280
51 47 242 54 265 33 329 33 430 11 488 56 556 18 584 49 716 2 780 2 1280 1280
52 47 243 54 266 33 330 33 431 11 489 56 557 18 585 49 717 2 781 2 1280 1280
53 47 244 54 267 33 331 33 432 11 490 56 558 18 586 49 718 2 782 2 1280 1280
54 47 245 54 268 33 332 33 433 11 491 56 559 18 587 49 719 2 783 2 1280 1280
55 47 246 54 269 33 333 33 434 11 492 56 560 18 588 49 720 2 784 2 1280 1280
56 47 247 54 270 33 334 33 435 11 493 56 561 18 589 49 721 2 785 2 1280 1280
57 47 248 54 271 33 335 33 436 11 494 56 562 18 590 49 722 2 786 2 1280 1280
58 47 249 54 272 33 336 33 437 11 495 56 563 18 591 49 723 2 787 2 1280 1280
59 47 250 54 273 33 337 33 438 11 496 56 564 18 592 49 724 2 788 2 1280 1280
60 47 251 54 274 33 338 33 439 11 497 56 565 18 593 49 725 2 789 2 1280 1280
61 47 252 54 275 33 339 33 440 11 498 56 566 18 594 49 726 2 790 2 1280 1280
62 47 253 54 276 33 340 33 441 11 499 56 567 18 595 49 727 2 791 2 1280 1280
63 47 254 54 277 33 341 33 442 11 500 56 568 18 596 49 728 2 792 2 1280 1280
0 47 255 54 278 33 342 33 443 11 501 56 569 18 597 49 729 2 793 2 1280 1280
1 47 192 54 279 33 343 33 444 11 502 56 570 18 598 49 730 2 794 2 1280 1280
2 47 193 54 280 33 344 33 445 11 503 56 571 18 599 49 731 2 795 2 1280 1280
3 47 194 54 281 33 345 33 446 11 504 56 572 18 600 49 732 2 796 2 1280 1280
4 47 195 54 282 33 346 33 447 11 505 56 573 18 601 49 733 2 797 2 1280 1280
5 47 196 54 283 33 347 33 384 11 506 56 574 18 602 49 734 2 798 2 1280 1280
6 47 197 54 284 33 348 33 385 11 507 56 575 18 603 49 735 2 799 2 1280 1280
7 47 198 54 285 33 349 33 386 11 508 56 512 18 604 49 736 2 800 2 1280 1280
8 47 199 54 286 33 350 33 387 11 509 56 513 18 605 49 737 2 801 2 1280 1280
9 47 200 54 287 33 351 33 388 11 510 56 514 18 606 49 738 2 802 2 1280 1280
10 47 201 54 288 33 352 33 389 11 511 56 515 18 607 49 739 2 803 2 1280 1280
11 47 202 54 289 33 353 33 390 11 448 56 516 18 608 49 740 2 804 2 1280 1280
12 47 203 54 290 33 354 33 391 11 449 56 517 18 609 49 741 2 805 2 1280 1280
13 47 204 54 291 33 355 33 392 11 450 56 518 18 610 49 742 2 806 2 1280 1280
14 47 205 54 292 33 356 33 393 11 451 56 519 18 611 49 743 2 807 2 1280 1280
15 47 206 54 293 33 357 33 394 11 452 56 520 18 612 49 744 2 808 2 1280 1280
16 47 207 54 294 33 358 33 395 11 453 56 521 18 613 49 745 2 809 2 1280 1280
17 47 208 54 295 33 359 33 396 11 454 56 522 18 614 49 746 2 810 2 1280 1280
18 47 209 54 296 33 360 33 397 11 455 56 523 18 615 49 747 2 811 2 1280 1280
19 47 210 54 297 33 361 33 398 11 456 56 524 18 616 49 748 2 812 2 1280 1280
20 47 211 54 298 33 362 33 399 11 457 56 525 18 617 49 749 2 813 2 1280 1280
21 47 212 54 299 33 363 33 400 11 458 56 526 18 618 49 750 2 814 2 1280 1280
22 47 213 54 300 33 364 33 401 11 459 56 527 18 619 49 751 2 815 2 1280 1280
23 47 214 54 301 33 365 33 402 11 460 56 528 18 620 49 752 2 816 2 1280 1280
24 47 215 54 302 33 366 33 403 11 461 56 529 18 621 49 753 2 817 2 1280 1280
25 47 216 54 303 33 367 33 404 11 462 56 530 18 622 49 754 2 818 2 1280 1280
26 47 217 54 304 33 368 33 405 11 463 56 531 18 623 49 755 2 819 2 1280 1280
27 47 218 54 305 33 369 33 406 11 464 56 532 18 624 49 756 2 820 2 1280 1280
28 47 219 54 306 33 370 33 407 11 465 56 533 18 625 49 757 2 821 2 1280 1280
29 47 220 54 307 33 371 33 408 11 466 56 534 18 626 49 758 2 822 2 1280 1280
30 47 221 54 308 33 372 33 409 11 467 56 535 18 627 49 759 2 823 2 1280 1280
31 47 222 54 309 33 373 33 410 11 468 56 536 18 628 49 760 2 824 2 1280 1280
32 47 223 54 310 33 374 33 411 11 469 56 537 18 629 49 761 2 825 2 1280 1280
33 47 224 54 311 33 375 33 412 11 470 56 538 18 630 49 762 2 826 2 1280 1280
34 47 225 54 312 33 376 33 413 11 471 56 539 18 631 49 763 2 827 2 1280 1280
35 47 226 54 313 33 377 33 414 11 472 56 540 18 632 49 764 2 828 2 1280 1280
36 47 227 54 314 33 378 33 415 11 473 56 541 18 633 49 765 2 829 2 1280 1280
37 47 228 54 315 33 379 33 416 11 474 56 542 18 634 49 766 2 830 2 1280 1280
38 47 229 54 316 33 380 33 417 11 475 56 543 18 635 49 767 2 831 2 1280 1280
39 47 230 54 317 33 381 33 418 11 476 56 544 18 636 49 704 2 768 2 1280 1280
18 15 115 43 237 25 309 42 561 26 642 4 769 2 833 2 1280 1280
19 15 116 43 238 25 310 42 562 26 643 4 770 2 834 2 1280 1280
20 15 117 43 239 25 311 42 563 26 644 4 771 2 835 2 1280 1280
21 15 118 43 240 25 312 42 564 26 645 4 772 2 836 2 1280 1280
22 15 119 43 241 25 313 42 565 26 646 4 773 2 837 2 1280 1280
23 15 120 43 242 25 314 42 566 26 647 4 774 2 838 2 1280 1280
24 15 121 43 243 25 315 42 567 26 648 4 775 2 839 2 1280 1280
25 15 122 43 244 25 316 42 568 26 649 4 776 2 840 2 1280 1280
26 15 123 43 245 25 317 42 569 26 650 4 777 2 841 2 1280 1280
27 15 124 43 246 25 318 42 570 26 651 4 778 2 842 2 1280 1280
28 15 125 43 247 25 319 42 571 26 652 4 779 2 843 2 1280 1280
29 15 126 43 248 25 256 42 572 26 653 4 780 2 844 2 1280 1280
30 15 127 43 249 25 257 42 573 26 654 4 781 2 845 2 1280 1280
31 15 64 43 250 25 258 42 574 26 655 4 782 2 846 2 1280 1280
32 15 65 43 251 25 259 42 575 26 656 4 783 2 847 2 1280 1280
33 15 66 43 252 25 260 42 512 26 657 4 784 2 848 2 1280 1280
34 15 67 43 253 25 261 42 513 26 658 4 785 2 849 2 1280 1280
35 15 68 43 254 25 262 42 514 26 659 4 786 2 850 2 1280 1280
36 15 69 43 255 25 263 42 515 26 660 4 787 2 851 2 1280 1280
37 15 70 43 192 25 264 42 516 26 661 4 788 2 852 2 1280 1280
38 15 71 43 193 25 265 42 517 26 662 4 789 2 853 2 1280 1280
39 15 72 43 194 25 266 42 518 26 663 4 790 2 854 2 1280 1280
40 15 73 43 195 25 267 42 519 26 664 4 791 2 855 2 1280 1280
41 15 74 43 196 25 268 42 520 26 665 4 792 2 856 2 1280 1280
42 15 75 43 197 25 269 42 521 26 666 4 793 2 857 2 1280 1280
43 15 76 43 198 25 270 42 522 26 667 4 794 2 858 2 1280 1280
44 15 77 43 199 25 271 42 523 26 668 4 795 2 859 2 1280 1280
45 15 78 43 200 25 272 42 524 26 669 4 796 2 860 2 1280 1280
46 15 79 43 201 25 273 42 525 26 670 4 797 2 861 2 1280 1280
47 15 80 43 202 25 274 42 526 26 671 4 798 2 862 2 1280 1280
48 15 81 43 203 25 275 42 527 26 672 4 799 2 863 2 1280 1280
49 15 82 43 204 25 276 42 528 26 673 4 800 2 864 2 1280 1280
50 15 83 43 205 25 277 42 529 26 674 4 801 2 865 2 1280 1280
51 15 84 43 206 25 278 42 530 26 675 4 802 2 866 2 1280 1280
52 15 85 43 207 25 279 42 531 26 676 4 803 2 867 2 1280 1280
53 15 86 43 208 25 280 42 532 26 677 4 804 2 868 2 1280 1280
54 15 87 43 209 25 281 42 533 26 678 4 805 2 869 2 1280 1280
55 15 88 43 210 25 282 42 534 26 679 4 806 2 870 2 1280 1280
56 15 89 43 211 25 283 42 535 26 680 4 807 2 871 2 1280 1280
57 15 90 43 212 25 284 42 536 26 681 4 808 2 872 2 1280 1280
58 15 91 43 213 25 285 42 537 26 682 4 809 2 873 2 1280 1280
59 15 92 43 214 25 286 42 538 26 683 4 810 2 874 2 1280 1280
60 15 93 43 215 25 287 42 539 26 684 4 811 2 875 2 1280 1280
61 15 94 43 216 25 288 42 540 26 685 4 812 2 876 2 1280 1280
62 15 95 43 217 25 289 42 541 26 686 4 813 2 877 2 1280 1280
63 15 96 43 218 25 290 42 542 26 687 4 814 2 878 2 1280 1280
0 15 97 43 219 25 291 42 543 26 688 4 815 2 879 2 1280 1280
1 15 98 43 220 25 292 42 544 26 689 4 816 2 880 2 1280 1280
2 15 99 43 221 25 293 42 545 26 690 4 817 2 881 2 1280 1280
3 15 100 43 222 25 294 42 546 26 691 4 818 2 882 2 1280 1280
4 15 101 43 223 25 295 42 547 26 692 4 819 2 883 2 1280 1280
5 15 102 43 224 25 296 42 548 26 693 4 820 2 884 2 1280 1280
6 15 103 43 225 25 297 42 549 26 694 4 821 2 885 2 1280 1280
7 15 104 43 226 25 298 42 550 26 695 4 822 2 886 2 1280 1280
8 15 105 43 227 25 299 42 551 26 696 4 823 2 887 2 1280 1280
9 15 106 43 228 25 300 42 552 26 697 4 824 2 888 2 1280 1280
10 15 107 43 229 25 301 42 553 26 698 4 825 2 889 2 1280 1280
11 15 108 43 230 25 302 42 554 26 699 4 826 2 890 2 1280 1280
12 15 109 43 231 25 303 42 555 26 700 4 827 2 891 2 1280 1280
13 15 110 43 232 25 304 42 556 26 701 4 828 2 892 2 1280 1280
14 15 111 43 233 25 305 42 557 26 702 4 829 2 893 2 1280 1280
15 15 112 43 234 25 306 42 558 26 703 4 830 2 894 2 1280 1280
16 15 113 43 235 25 307 42 559 26 640 4 831 2 895 2 1280 1280
17 15 114 43 236 25 308 42 560 26 641 4 768 2 832 2 1280 1280
73 24 187 61 287 37 361 29 402 15 503 46 531 30 577 2 641 2 833 2 1280 1280
74 24 188 61 288 37 362 29 403 15 504 46 532 30 578 2 642 2 834 2 1280 1280
75 24 189 61 289 37 363 29 404 15 505 46 533 30 579 2 643 2 835 2 1280 1280
76 24 190 61 290 37 364 29 405 15 506 46 534 30 580 2 644 2 836 2 1280 1280
77 24 191 61 291 37 365 29 406 15 507 46 535 30 581 2 645 2 837 2 1280 1280
78 24 128 61 292 37 366 29 407 15 508 46 536 30 582 2 646 2 838 2 1280 1280
79 24 129 61 293 37 367 29 408 15 509 46 537 30 583 2 647 2 839 2 1280 1280
80 24 130 61 294 37 368 29 409 15 510 46 538 30 584 2 648 2 840 2 1280 1280
81 24 131 61 295 37 369 29 410 15 511 46 539 30 585 2 649 2 841 2 1280 1280
82 24 132 61 296 37 370 29 411 15 448 46 540 30 586 2 650 2 842 2 1280 1280
83 24 133 61 297 37 371 29 412 15 449 46 541 30 587 2 651 2 843 2 1280 1280
84 24 134 61 298 37 372 29 413 15 450 46 542 30 588 2 652 2 844 2 1280 1280
85 24 135 61 299 37 373 29 414 15 451 46 543 30 589 2 653 2 845 2 1280 1280
86 24 136 61 300 37 374 29 415 15 452 46 544 30 590 2 654 2 846 2 1280 1280
87 24 137 61 301 37 375 29 416 15 453 46 545 30 591 2 655 2 847 2 1280 1280
88 24 138 61 302 37 376 29 417 15 454 46 546 30 592 2 656 2 848 2 1280 1280
89 24 139 61 303 37 377 29 418 15 455 46 547 30 593 2 657 2 849 2 1280 1280
90 24 140 61 304 37 378 29 419 15 456 46 548 30 594 2 658 2 850 2 1280 1280
91 24 141 61 305 37 379 29 420 15 457 46 549 30 595 2 659 2 851 2 1280 1280
92 24 142 61 306 37 380 29 421 15 458 46 550 30 596 2 660 2 852 2 1280 1280
93 24 143 61 307 37 381 29 422 15 459 46 551 30 597 2 661 2 853 2 1280 1280
94 24 144 61 308 37 382 29 423 15 460 46 552 30 598 2 662 2 854 2 1280 1280
95 24 145 61 309 37 383 29 424 15 461 46 553 30 599 2 663 2 855 2 1280 1280
96 24 146 61 310 37 320 29 425 15 462 46 554 30 600 2 664 2 856 2 1280 1280
97 24 147 61 311 37 321 29 426 15 463 46 555 30 601 2 665 2 857 2 1280 1280
98 24 148 61 312 37 322 29 427 15 464 46 556 30 602 2 666 2 858 2 1280 1280
99 24 149 61 313 37 323 29 428 15 465 46 557 30 603 2 667 2 859 2 1280 1280
100 24 150 61 314 37 324 29 429 15 466 46 558 30 604 2 668 2 860 2 1280 1280
101 24 151 61 315 37 325 29 430 15 467 46 559 30 605 2 669 2 861 2 1280 1280
102 24 152 61 316 37 326 29 431 15 468 46 560 30 606 2 670 2 862 2 1280 1280
103 24 153 61 317 37 327 29 432 15 469 46 561 30 607 2 671 2 863 2 1280 1280
104 24 154 61 318 37 328 29 433 15 470 46 562 30 608 2 672 2 864 2 1280 1280
105 24 155 61 319 37 329 29 434 15 471 46 563 30 609 2 673 2 865 2 1280 1280
106 24 156 61 256 37 330 29 435 15 472 46 564 30 610 2 674 2 866 2 1280 1280
107 24 157 61 257 37 331 29 436 15 473 46 565 30 611 2 675 2 867 2 1280 1280
108 24 158 61 258 37 332 29 437 15 474 46 566 30 612 2 676 2 868 2 1280 1280
109 24 159 61 259 37 333 29 438 15 475 46 567 30 613 2 677 2 869 2 1280 1280
110 24 160 61 260 37 334 29 439 15 476 46 568 30 614 2 678 2 870 2 1280 1280
111 24 161 61 261 37 335 29 440 15 477 46 569 30 615 2 679 2 871 2 1280 1280
112 24 162 61 262 37 336 29 441 15 478 46 570 30 616 2 680 2 872 2 1280 1280
113 24 163 61 263 37 337 29 442 15 479 46 571 30 617 2 681 2 873 2 1280 1280
114 24 164 61 264 37 338 29 443 15 480 46 572 30 618 2 682 2 874 2 1280 1280
115 24 165 61 265 37 339 29 444 15 481 46 573 30 619 2 683 2 875 2 1280 1280
116 24 166 61 266 37 340 29 445 15 482 46 574 30 620 2 684 2 876 2 1280 1280
117 24 167 61 267 37 341 29 446 15 483 46 575 30 621 2 685 2 877 2 1280 1280
118 24 168 61 268 37 342 29 447 15 484 46 512 30 622 2 686 2 878 2 1280 1280
119 24 169 61 269 37 343 29 384 15 485 46 513 30 623 2 687 2 879 2 1280 1280
120 24 170 61 270 37 344 29 385 15 486 46 514 30 624 2 688 2 880 2 1280 1280
121 24 171 61 271 37 345 29 386 15 487 46 515 30 625 2 689 2 881 2 1280 1280
122 24 172 61 272 37 346 29 387 15 488 46 516 30 626 2 690 2 882 2 1280 1280
123 24 173 61 273 37 347 29 388 15 489 46 517 30 627 2 691 2 883 2 1280 1280
124 24 174 61 274 37 348 29 389 15 490 46 518 30 628 2 692 2 884 2 1280 1280
125 24 175 61 275 37 349 29 390 15 491 46 519 30 629 2 693 2 885 2 1280 1280
126 24 176 61 276 37 350 29 391 15 492 46 520 30 630 2 694 2 886 2 1280 1280
127 24 177 61 277 37 351 29 392 15 493 46 521 30 631 2 695 2 887 2 1280 1280
64 24 178 61 278 37 352 29 393 15 494 46 522 30 632 2 696 2 888 2 1280 1280
65 24 179 61 279 37 353 29 394 15 495 46 523 30 633 2 697 2 889 2 1280 1280
66 24 180 61 280 37 354 29 395 15 496 46 524 30 634 2 698 2 890 2 1280 1280
67 24 181 61 281 37 355 29 396 15 497 46 525 30 635 2 699 2 891 2 1280 1280
68 24 182 61 282 37 356 29 397 15 498 46 526 30 636 2 700 2 892 2 1280 1280
69 24 183 61 283 37 357 29 398 15 499 46 527 30 637 2 701 2 893 2 1280 1280
70 24 184 61 284 37 358 29 399 15 500 46 528 30 638 2 702 2 894 2 1280 1280
71 24 185 61 285 37 359 29 400 15 501 46 529 30 639 2 703 2 895 2 1280 1280
72 24 186 61 286 37 360 29 401 15 502 46 530 30 576 2 640 2 832 2 1280 1280
52 21 87 41 712 12 897 2 1280 1280
53 21 88 41 713 12 898 2 1280 1280
54 21 89 41 714 12 899 2 1280 1280
55 21 90 41 715 12 900 2 1280 1280
56 21 91 41 716 12 901 2 1280 1280
57 21 92 41 717 12 902 2 1280 1280
58 21 93 41 718 12 903 2 1280 1280
59 21 94 41 719 12 904 2 1280 1280
60 21 95 41 720 12 905 2 1280 1280
61 21 96 41 721 12 906 2 1280 1280
62 21 97 41 722 12 907 2 1280 1280
63 21 98 41 723 12 908 2 1280 1280
0 21 99 41 724 12 909 2 1280 1280
1 21 100 41 725 12 910 2 1280 1280
2 21 101 41 726 12 911 2 1280 1280
3 21 102 41 727 12 912 2 1280 1280
4 21 103 41 728 12 913 2 1280 1280
5 21 104 41 729 12 914 2 1280 1280
6 21 105 41 730 12 915 2 1280 1280
7 21 106 41 731 12 916 2 1280 1280
8 21 107 41 732 12 917 2 1280 1280
9 21 108 41 733 12 918 2 1280 1280
10 21 109 41 734 12 919 2 1280 1280
11 21 110 41 735 12 920 2 1280 1280
12 21 111 41 736 12 921 2 1280 1280
13 21 112 41 737 12 922 2 1280 1280
14 21 113 41 738 12 923 2 1280 1280
15 21 114 41 739 12 924 2 1280 1280
16 21 115 41 740 12 925 2 1280 1280
17 21 116 41 741 12 926 2 1280 1280
18 21 117 41 742 12 927 2 1280 1280
19 21 118 41 743 12 928 2 1280 1280
20 21 119 41 744 12 929 2 1280 1280
21 21 120 41 745 12 930 2 1280 1280
22 21 121 41 746 12 931 2 1280 1280
23 21 122 41 747 12 932 2 1280 1280
24 21 123 41 748 12 933 2 1280 1280
25 21 124 41 749 12 934 2 1280 1280
26 21 125 41 750 12 935 2 1280 1280
27 21 126 41 751 12 936 2 1280 1280
28 21 127 41 752 12 937 2 1280 1280
29 21 64 41 753 12 938 2 1280 1280
30 21 65 41 754 12 939 2 1280 1280
31 21 66 41 755 12 940 2 1280 1280
32 21 67 41 756 12 941 2 1280 1280
33 21 68 41 757 12 942 2 1280 1280
34 21 69 41 758 12 943 2 1280 1280
35 21 70 41 759 12 944 2 1280 1280
36 21 71 41 760 12 945 2 1280 1280
37 21 72 41 761 12 946 2 1280 1280
38 21 73 41 762 12 947 2 1280 1280
39 21 74 41 763 12 948 2 1280 1280
40 21 75 41 764 12 949 2 1280 1280
41 21 76 41 765 12 950 2 1280 1280
42 21 77 41 766 12 951 2 1280 1280
43 21 78 41 767 12 952 2 1280 1280
44 21 79 41 704 12 953 2 1280 1280
45 21 80 41 705 12 954 2 1280 1280
46 21 81 41 706 12 955 2 1280 1280
47 21 82 41 707 12 956 2 1280 1280
48 21 83 41 708 12 957 2 1280 1280
49 21 84 41 709 12 958 2 1280 1280
50 21 85 41 710 12 959 2 1280 1280
51 21 86 41 711 12 896 2 1280 1280
40 47 106 58 323 8 480 9 744 47 961 2 1280 1280
41 47 107 58 324 8 481 9 745 47 962 2 1280 1280
42 47 108 58 325 8 482 9 746 47 963 2 1280 1280
43 47 109 58 326 8 483 9 747 47 964 2 1280 1280
44 47 110 58 327 8 484 9 748 47 965 2 1280 1280
45 47 111 58 328 8 485 9 749 47 966 2 1280 1280
46 47 112 58 329 8 486 9 750 47 967 2 1280 1280
47 47 113 58 330 8 487 9 751 47 968 2 1280 1280
48 47 114 58 331 8 488 9 752 47 969 2 1280 1280
49 47 115 58 332 8 489 9 753 47 970 2 1280 1280
50 47 116 58 333 8 490 9 754 47 971 2 1280 1280
51 47 117 58 334 8 491 9 755 47 972 2 1280 1280
52 47 118 58 335 8 492 9 756 47 973 2 1280 1280
53 47 119 58 336 8 493 9 757 47 974 2 1280 1280
54 47 120 58 337 8 494 9 758 47 975 2 1280 1280
55 47 121 58 338 8 495 9 759 47 976 2 1280 1280
56 47 122 58 339 8 496 9 760 47 977 2 1280 1280
57 47 123 58 340 8 497 9 761 47 978 2 1280 1280
58 47 124 58 341 8 498 9 762 47 979 2 1280 1280
59 47 125 58 342 8 499 9 763 47 980 2 1280 1280
60 47 126 58 343 8 500 9 764 47 981 2 1280 1280
61 47 127 58 344 8 501 9 765 47 982 2 1280 1280
62 47 64 58 345 8 502 9 766 47 983 2 1280 1280
63 47 65 58 346 8 503 9 767 47 984 2 1280 1280
0 47 66 58 347 8 504 9 704 47 985 2 1280 1280
1 47 67 58 348 8 505 9 705 47 986 2 1280 1280
2 47 68 58 349 8 506 9 706 47 987 2 1280 1280
3 47 69 58 350 8 507 9 707 47 988 2 1280 1280
4 47 70 58 351 8 508 9 708 47 989 2 1280 1280
5 47 71 58 352 8 509 9 709 47 990 2 1280 1280
6 47 72 58 353 8 510 9 710 47 991 2 1280 1280
7 47 73 58 354 8 511 9 711 47 992 2 1280 1280
8 47 74 58 355 8 448 9 712 47 993 2 1280 1280
9 47 75 58 356 8 449 9 713 47 994 2 1280 1280
10 47 76 58 357 8 450 9 714 47 995 2 1280 1280
11 47 77 58 358 8 451 9 715 47 996 2 1280 1280
12 47 78 58 359 8 452 9 716 47 997 2 1280 1280
13 47 79 58 360 8 453 9 717 47 998 2 1280 1280
14 47 80 58 361 8 454 9 718 47 999 2 1280 1280
15 47 81 58 362 8 455 9 719 47 1000 2 1280 1280
16 47 82 58 363 8 456 9 720 47 1001 2 1280 1280
17 47 83 58 364 8 457 9 721 47 1002 2 1280 1280
18 47 84 58 365 8 458 9 722 47 1003 2 1280 1280
19 47 85 58 366 8 459 9 723 47 1004 2 1280 1280
20 47 86 58 367 8 460 9 724 47 1005 2 1280 1280
21 47 87 58 368 8 461 9 725 47 1006 2 1280 1280
22 47 88 58 369 8 462 9 726 47 1007 2 1280 1280
23 47 89 58 370 8 463 9 727 47 1008 2 1280 1280
24 47 90 58 371 8 464 9 728 47 1009 2 1280 1280
25 47 91 58 372 8 465 9 729 47 1010 2 1280 1280
26 47 92 58 373 8 466 9 730 47 1011 2 1280 1280
27 47 93 58 374 8 467 9 731 47 1012 2 1280 1280
28 47 94 58 375 8 468 9 732 47 1013 2 1280 1280
29 47 95 58 376 8 469 9 733 47 1014 2 1280 1280
30 47 96 58 377 8 470 9 734 47 1015 2 1280 1280
31 47 97 58 378 8 471 9 735 47 1016 2 1280 1280
32 47 98 58 379 8 472 9 736 47 1017 2 1280 1280
33 47 99 58 380 8 473 9 737 47 1018 2 1280 1280
34 47 100 58 381 8 474 9 738 47 1019 2 1280 1280
35 47 101 58 382 8 475 9 739 47 1020 2 1280 1280
36 47 102 58 383 8 476 9 740 47 1021 2 1280 1280
37 47 103 58 320 8 477 9 741 47 1022 2 1280 1280
38 47 104 58 321 8 478 9 742 47 1023 2 1280 1280
39 47 105 58 322 8 479 9 743 47 960 2 1280 1280
28 28 357 44 494 50 605 56 735 37 1025 2 1280 1280
29 28 358 44 495 50 606 56 736 37 1026 2 1280 1280
30 28 359 44 496 50 607 56 737 37 1027 2 1280 1280
31 28 360 44 497 50 608 56 738 37 1028 2 1280 1280
32 28 361 44 498 50 609 56 739 37 1029 2 1280 1280
33 28 362 44 499 50 610 56 740 37 1030 2 1280 1280
34 28 363 44 500 50 611 56 741 37 1031 2 1280 1280
35 28 364 44 501 50 612 56 742 37 1032 2 1280 1280
36 28 365 44 502 50 613 56 743 37 1033 2 1280 1280
37 28 366 44 503 50 614 56 744 37 1034 2 1280 1280
38 28 367 44 504 50 615 56 745 37 1035 2 1280 1280
39 28 368 44 505 50 616 56 746 37 1036 2 1280 1280
40 28 369 44 506 50 617 56 747 37 1037 2 1280 1280
41 28 370 44 507 50 618 56 748 37 1038 2 1280 1280
42 28 371 44 508 50 619 56 749 37 1039 2 1280 1280
43 28 372 44 509 50 620 56 750 37 1040 2 1280 1280
44 28 373 44 510 50 621 56 751 37 1041 2 1280 1280
45 28 374 44 511 50 622 56 752 37 1042 2 1280 1280
46 28 375 44 448 50 623 56 753 37 1043 2 1280 1280
47 28 376 44 449 50 624 56 754 37 1044 2 1280 1280
48 28 377 44 450 50 625 56 755 37 1045 2 1280 1280
49 28 378 44 451 50 626 56 756 37 1046 2 1280 1280
50 28 379 44 452 50 627 56 757 37 1047 2 1280 1280
51 28 380 44 453 50 628 56 758 37 1048 2 1280 1280
52 28 381 44 454 50 629 56 759 37 1049 2 1280 1280
53 28 382 44 455 50 630 56 760 37 1050 2 1280 1280
54 28 383 44 456 50 631 56 761 37 1051 2 1280 1280
55 28 320 44 457 50 632 56 762 37 1052 2 1280 1280
56 28 321 44 458 50 633 56 763 37 1053 2 1280 1280
57 28 322 44 459 50 634 56 764 37 1054 2 1280 1280
58 28 323 44 460 50 635 56 765 37 1055 2 1280 1280
59 28 324 44 461 50 636 56 766 37 1056 2 1280 1280
60 28 325 44 462 50 637 56 767 37 1057 2 1280 1280
61 28 326 44 463 50 638 56 704 37 1058 2 1280 1280
62 28 327 44 464 50 639 56 705 37 1059 2 1280 1280
63 28 328 44 465 50 576 56 706 37 1060 2 1280 1280
0 28 329 44 466 50 577 56 707 37 1061 2 1280 1280
1 28 330 44 467 50 578 56 708 37 1062 2 1280 1280
2 28 331 44 468 50 579 56 709 37 1063 2 1280 1280
3 28 332 44 469 50 580 56 710 37 1064 2 1280 1280
4 28 333 44 470 50 581 56 711 37 1065 2 1280 1280
5 28 334 44 471 50 582 56 712 37 1066 2 1280 1280
6 28 335 44 472 50 583 56 713 37 1067 2 1280 1280
7 28 336 44 473 50 584 56 714 37 1068 2 1280 1280
8 28 337 44 474 50 585 56 715 37 1069 2 1280 1280
9 28 338 44 475 50 586 56 716 37 1070 2 1280 1280
10 28 339 44 476 50 587 56 717 37 1071 2 1280 1280
11 28 340 44 477 50 588 56 718 37 1072 2 1280 1280
12 28 341 44 478 50 589 56 719 37 1073 2 1280 1280
13 28 342 44 479 50 590 56 720 37 1074 2 1280 1280
14 28 343 44 480 50 591 56 721 37 1075 2 1280 1280
15 28 344 44 481 50 592 56 722 37 1076 2 1280 1280
16 28 345 44 482 50 593 56 723 37 1077 2 1280 1280
17 28 346 44 483 50 594 56 724 37 1078 2 1280 1280
18 28 347 44 484 50 595 56 725 37 1079 2 1280 1280
19 28 348 44 485 50 596 56 726 37 1080 2 1280 1280
20 28 349 44 486 50 597 56 727 37 1081 2 1280 1280
21 28 350 44 487 50 598 56 728 37 1082 2 1280 1280
22 28 351 44 488 50 599 56 729 37 1083 2 1280 1280
23 28 352 44 489 50 600 56 730 37 1084 2 1280 1280
24 28 353 44 490 50 601 56 731 37 1085 2 1280 1280
25 28 354 44 491 50 602 56 732 37 1086 2 1280 1280
26 28 355 44 492 50 603 56 733 37 1087 2 1280 1280
27 28 356 44 493 50 604 56 734 37 1024 2 1280 1280
66 4 340 60 461 10 708 16 885 42 1089 2 1280 1280
67 4 341 60 462 10 709 16 886 42 1090 2 1280 1280
68 4 342 60 463 10 710 16 887 42 1091 2 1280 1280
69 4 343 60 464 10 711 16 888 42 1092 2 1280 1280
70 4 344 60 465 10 712 16 889 42 1093 2 1280 1280
71 4 345 60 466 10 713 16 890 42 1094 2 1280 1280
72 4 346 60 467 10 714 16 891 42 1095 2 1280 1280
73 4 347 60 468 10 715 16 892 42 1096 2 1280 1280
74 4 348 60 469 10 716 16 893 42 1097 2 1280 1280
75 4 349 60 470 10 717 16 894 42 1098 2 1280 1280
76 4 350 60 471 10 718 16 895 42 1099 2 1280 1280
77 4 351 60 472 10 719 16 832 42 1100 2 1280 1280
78 4 352 60 473 10 720 16 833 42 1101 2 1280 1280
79 4 353 60 474 10 721 16 834 42 1102 2 1280 1280
80 4 354 60 475 10 722 16 835 42 1103 2 1280 1280
81 4 355 60 476 10 723 16 836 42 1104 2 1280 1280
82 4 356 60 477 10 724 16 837 42 1105 2 1280 1280
83 4 357 60 478 10 725 16 838 42 1106 2 1280 1280
84 4 358 60 479 10 726 16 839 42 1107 2 1280 1280
85 4 359 60 480 10 727 16 840 42 1108 2 1280 1280
86 4 360 60 481 10 728 16 841 42 1109 2 1280 1280
87 4 361 60 482 10 729 16 842 42 1110 2 1280 1280
88 4 362 60 483 10 730 16 843 42 1111 2 1280 1280
89 4 363 60 484 10 731 16 844 42 1112 2 1280 1280
90 4 364 60 485 10 732 16 845 42 1113 2 1280 1280
91 4 365 60 486 10 733 16 846 42 1114 2 1280 1280
92 4 366 60 487 10 734 16 847 42 1115 2 1280 1280
93 4 367 60 488 10 735 16 848 42 1116 2 1280 1280
94 4 368 60 489 10 736 16 849 42 1117 2 1280 1280
95 4 369 60 490 10 737 16 850 42 1118 2 1280 1280
96 4 370 60 491 10 738 16 851 42 1119 2 1280 1280
97 4 371 60 492 10 739 16 852 42 1120 2 1280 1280
98 4 372 60 493 10 740 16 853 42 1121 2 1280 1280
99 4 373 60 494 10 741 16 854 42 1122 2 1280 1280
100 4 374 60 495 10 742 16 855 42 1123 2 1280 1280
101 4 375 60 496 10 743 16 856 42 1124 2 1280 1280
102 4 376 60 497 10 744 16 857 42 1125 2 1280 1280
103 4 377 60 498 10 745 16 858 42 1126 2 1280 1280
104 4 378 60 499 10 746 16 859 42 1127 2 1280 1280
105 4 379 60 500 10 747 16 860 42 1128 2 1280 1280
106 4 380 60 501 10 748 16 861 42 1129 2 1280 1280
107 4 381 60 502 10 749 16 862 42 1130 2 1280 1280
108 4 382 60 503 10 750 16 863 42 1131 2 1280 1280
109 4 383 60 504 10 751 16 864 42 1132 2 1280 1280
110 4 320 60 505 10 752 16 865 42 1133 2 1280 1280
111 4 321 60 506 10 753 16 866 42 1134 2 1280 1280
112 4 322 60 507 10 754 16 867 42 1135 2 1280 1280
113 4 323 60 508 10 755 16 868 42 1136 2 1280 1280
114 4 324 60 509 10 756 16 869 42 1137 2 1280 1280
115 4 325 60 510 10 757 16 870 42 1138 2 1280 1280
116 4 326 60 511 10 758 16 871 42 1139 2 1280 1280
117 4 327 60 448 10 759 16 872 42 1140 2 1280 1280
118 4 328 60 449 10 760 16 873 42 1141 2 1280 1280
119 4 329 60 450 10 761 16 874 42 1142 2 1280 1280
120 4 330 60 451 10 762 16 875 42 1143 2 1280 1280
121 4 331 60 452 10 763 16 876 42 1144 2 1280 1280
122 4 332 60 453 10 764 16 877 42 1145 2 1280 1280
123 4 333 60 454 10 765 16 878 42 1146 2 1280 1280
124 4 334 60 455 10 766 16 879 42 1147 2 1280 1280
125 4 335 60 456 10 767 16 880 42 1148 2 1280 1280
126 4 336 60 457 10 704 16 881 42 1149 2 1280 1280
127 4 337 60 458 10 705 16 882 42 1150 2 1280 1280
64 4 338 60 459 10 706 16 883 42 1151 2 1280 1280
65 4 339 60 460 10 707 16 884 42 1088 2 1280 1280
15 40 95 37 807 54 1153 2 1280 1280
16 40 96 37 808 54 1154 2 1280 1280
17 40 97 37 809 54 1155 2 1280 1280
18 40 98 37 810 54 1156 2 1280 1280
19 40 99 37 811 54 1157 2 1280 1280
20 40 100 37 812 54 1158 2 1280 1280
21 40 101 37 813 54 1159 2 1280 1280
22 40 102 37 814 54 1160 2 1280 1280
23 40 103 37 815 54 1161 2 1280 1280
24 40 104 37 816 54 1162 2 1280 1280
25 40 105 37 817 54 1163 2 1280 1280
26 40 106 37 818 54 1164 2 1280 1280
27 40 107 37 819 54 1165 2 1280 1280
28 40 108 37 820 54 1166 2 1280 1280
29 40 109 37 821 54 1167 2 1280 1280
30 40 110 37 822 54 1168 2 1280 1280
31 40 111 37 823 54 1169 2 1280 1280
32 40 112 37 824 54 1170 2 1280 1280
33 40 113 37 825 54 1171 2 1280 1280
34 40 114 37 826 54 1172 2 1280 1280
35 40 115 37 827 54 1173 2 1280 1280
36 40 116 37 828 54 1174 2 1280 1280
37 40 117 37 829 54 1175 2 1280 1280
38 40 118 37 830 54 1176 2 1280 1280
39 40 119 37 831 54 1177 2 1280 1280
40 40 120 37 768 54 1178 2 1280 1280
41 40 121 37 769 54 1179 2 1280 1280
42 40 122 37 770 54 1180 2 1280 1280
43 40 123 37 771 54 1181 2 1280 1280
44 40 124 37 772 54 1182 2 1280 1280
45 40 125 37 773 54 1183 2 1280 1280
46 40 126 37 774 54 1184 2 1280 1280
47 40 127 37 775 54 1185 2 1280 1280
48 40 64 37 776 54 1186 2 1280 1280
49 40 65 37 777 54 1187 2 1280 1280
50 40 66 37 778 54 1188 2 1280 1280
51 40 67 37 779 54 1189 2 1280 1280
52 40 68 37 780 54 1190 2 1280 1280
53 40 69 37 781 54 1191 2 1280 1280
54 40 70 37 782 54 1192 2 1280 1280
55 40 71 37 783 54 1193 2 1280 1280
56 40 72 37 784 54 1194 2 1280 1280
57 40 73 37 785 54 1195 2 1280 1280
58 40 74 37 786 54 1196 2 1280 1280
59 40 75 37 787 54 1197 2 1280 1280
60 40 76 37 788 54 1198 2 1280 1280
61 40 77 37 789 54 1199 2 1280 1280
62 40 78 37 790 54 1200 2 1280 1280
63 40 79 37 791 54 1201 2 1280 1280
0 40 80 37 792 54 1202 2 1280 1280
1 40 81 37 793 54 1203 2 1280 1280
2 40 82 37 794 54 1204 2 1280 1280
3 40 83 37 795 54 1205 2 1280 1280
4 40 84 37 796 54 1206 2 1280 1280
5 40 85 37 797 54 1207 2 1280 1280
6 40 86 37 798 54 1208 2 1280 1280
7 40 87 37 799 54 1209 2 1280 1280
8 40 88 37 800 54 1210 2 1280 1280
9 40 89 37 801 54 1211 2 1280 1280
10 40 90 37 802 54 1212 2 1280 1280
11 40 91 37 803 54 1213 2 1280 1280
12 40 92 37 804 54 1214 2 1280 1280
13 40 93 37 805 54 1215 2 1280 1280
14 40 94 37 806 54 1152 2 1280 1280
76 5 526 20 702 33 760 31 1217 2 1280 1280
77 5 527 20 703 33 761 31 1218 2 1280 1280
78 5 528 20 640 33 762 31 1219 2 1280 1280
79 5 529 20 641 33 763 31 1220 2 1280 1280
80 5 530 20 642 33 764 31 1221 2 1280 1280
81 5 531 20 643 33 765 31 1222 2 1280 1280
82 5 532 20 644 33 766 31 1223 2 1280 1280
83 5 533 20 645 33 767 31 1224 2 1280 1280
84 5 534 20 646 33 704 31 1225 2 1280 1280
85 5 535 20 647 33 705 31 1226 2 1280 1280
86 5 536 20 648 33 706 31 1227 2 1280 1280
87 5 537 20 649 33 707 31 1228 2 1280 1280
88 5 538 20 650 33 708 31 1229 2 1280 1280
89 5 539 20 651 33 709 31 1230 2 1280 1280
90 5 540 20 652 33 710 31 1231 2 1280 1280
91 5 541 20 653 33 711 31 1232 2 1280 1280
92 5 542 20 654 33 712 31 1233 2 1280 1280
93 5 543 20 655 33 713 31 1234 2 1280 1280
94 5 544 20 656 33 714 31 1235 2 1280 1280
95 5 545 20 657 33 715 31 1236 2 1280 1280
96 5 546 20 658 33 716 31 1237 2 1280 1280
97 5 547 20 659 33 717 31 1238 2 1280 1280
98 5 548 20 660 33 718 31 1239 2 1280 1280
99 5 549 20 661 33 719 31 1240 2 1280 1280
100 5 550 20 662 33 720 31 1241 2 1280 1280
101 5 551 20 663 33 721 31 1242 2 1280 1280
102 5 552 20 664 33 722 31 1243 2 1280 1280
103 5 553 20 665 33 723 31 1244 2 1280 1280
104 5 554 20 666 33 724 31 1245 2 1280 1280
105 5 555 20 667 33 725 31 1246 2 1280 1280
106 5 556 20 668 33 726 31 1247 2 1280 1280
107 5 557 20 669 33 727 31 1248 2 1280 1280
108 5 558 20 670 33 728 31 1249 2 1280 1280
109 5 559 20 671 33 729 31 1250 2 1280 1280
110 5 560 20 672 33 730 31 1251 2 1280 1280
111 5 561 20 673 33 731 31 1252 2 1280 1280
112 5 562 20 674 33 732 31 1253 2 1280 1280
113 5 563 20 675 33 733 31 1254 2 1280 1280
114 5 564 20 676 33 734 31 1255 2 1280 1280
115 5 565 20 677 33 735 31 1256 2 1280 1280
116 5 566 20 678 33 736 31 1257 2 1280 1280
117 5 567 20 679 33 737 31 1258 2 1280 1280
118 5 568 20 680 33 738 31 1259 2 1280 1280
119 5 569 20 681 33 739 31 1260 2 1280 1280
120 5 570 20 682 33 740 31 1261 2 1280 1280
121 5 571 20 683 33 741 31 1262 2 1280 1280
122 5 572 20 684 33 742 31 1263 2 1280 1280
123 5 573 20 685 33 743 31 1264 2 1280 1280
124 5 574 20 686 33 744 31 1265 2 1280 1280
125 5 575 20 687 33 745 31 1266 2 1280 1280
126 5 512 20 688 33 746 31 1267 2 1280 1280
127 5 513 20 689 33 747 31 1268 2 1280 1280
64 5 514 20 690 33 748 31 1269 2 1280 1280
65 5 515 20 691 33 749 31 1270 2 1280 1280
66 5 516 20 692 33 750 31 1271 2 1280 1280
67 5 517 20 693 33 751 31 1272 2 1280 1280
68 5 518 20 694 33 752 31 1273 2 1280 1280
69 5 519 20 695 33 753 31 1274 2 1280 1280
70 5 520 20 696 33 754 31 1275 2 1280 1280
71 5 521 20 697 33 755 31 1276 2 1280 1280
72 5 522 20 698 33 756 31 1277 2 1280 1280
73 5 523 20 699 33 757 31 1278 2 1280 1280
74 5 524 20 700 33 758 31 1279 2 1280 1280
75 5 525 20 701 33 759 31 1216 2 1280 1280
