320
160
0
0
9 10 28 15 41 10 59 14 105 10 154 7 160 1 176 1 320 320
10 10 29 15 42 10 60 14 106 10 155 7 161 1 177 1 320 320
11 10 30 15 43 10 61 14 107 10 156 7 162 1 178 1 320 320
12 10 31 15 44 10 62 14 108 10 157 7 163 1 179 1 320 320
13 10 16 15 45 10 63 14 109 10 158 7 164 1 180 1 320 320
14 10 17 15 46 10 48 14 110 10 159 7 165 1 181 1 320 320
15 10 18 15 47 10 49 14 111 10 144 7 166 1 182 1 320 320
0 10 19 15 32 10 50 14 96 10 145 7 167 1 183 1 320 320
1 10 20 15 33 10 51 14 97 10 146 7 168 1 184 1 320 320
2 10 21 15 34 10 52 14 98 10 147 7 169 1 185 1 320 320
3 10 22 15 35 10 53 14 99 10 148 7 170 1 186 1 320 320
4 10 23 15 36 10 54 14 100 10 149 7 171 1 187 1 320 320
5 10 24 15 37 10 55 14 101 10 150 7 172 1 188 1 320 320
6 10 25 15 38 10 56 14 102 10 151 7 173 1 189 1 320 320
7 10 26 15 39 10 57 14 103 10 152 7 174 1 190 1 320 320
8 10 27 15 40 10 58 14 104 10 153 7 175 1 191 1 320 320
2 4 49 2 77 13 85 6 97 2 118 12 142 9 156 15 176 1 192 1 320 320
3 4 50 2 78 13 86 6 98 2 119 12 143 9 157 15 177 1 193 1 320 320
4 4 51 2 79 13 87 6 99 2 120 12 128 9 158 15 178 1 194 1 320 320
5 4 52 2 64 13 88 6 100 2 121 12 129 9 159 15 179 1 195 1 320 320
6 4 53 2 65 13 89 6 101 2 122 12 130 9 144 15 180 1 196 1 320 320
7 4 54 2 66 13 90 6 102 2 123 12 131 9 145 15 181 1 197 1 320 320
8 4 55 2 67 13 91 6 103 2 124 12 132 9 146 15 182 1 198 1 320 320
9 4 56 2 68 13 92 6 104 2 125 12 133 9 147 15 183 1 199 1 320 320
10 4 57 2 69 13 93 6 105 2 126 12 134 9 148 15 184 1 200 1 320 320
11 4 58 2 70 13 94 6 106 2 127 12 135 9 149 15 185 1 201 1 320 320
12 4 59 2 71 13 95 6 107 2 112 12 136 9 150 15 186 1 202 1 320 320
13 4 60 2 72 13 80 6 108 2 113 12 137 9 151 15 187 1 203 1 320 320
14 4 61 2 73 13 81 6 109 2 114 12 138 9 152 15 188 1 204 1 320 320
15 4 62 2 74 13 82 6 110 2 115 12 139 9 153 15 189 1 205 1 320 320
0 4 63 2 75 13 83 6 111 2 116 12 140 9 154 15 190 1 206 1 320 320
1 4 48 2 76 13 84 6 96 2 117 12 141 9 155 15 191 1 207 1 320 320
6 12 25 10 62 9 71 11 128 1 161 2 192 1 208 1 320 320
7 12 26 10 63 9 72 11 129 1 162 2 193 1 209 1 320 320
8 12 27 10 48 9 73 11 130 1 163 2 194 1 210 1 320 320
9 12 28 10 49 9 74 11 131 1 164 2 195 1 211 1 320 320
10 12 29 10 50 9 75 11 132 1 165 2 196 1 212 1 320 320
11 12 30 10 51 9 76 11 133 1 166 2 197 1 213 1 320 320
12 12 31 10 52 9 77 11 134 1 167 2 198 1 214 1 320 320
13 12 16 10 53 9 78 11 135 1 168 2 199 1 215 1 320 320
14 12 17 10 54 9 79 11 136 1 169 2 200 1 216 1 320 320
15 12 18 10 55 9 64 11 137 1 170 2 201 1 217 1 320 320
0 12 19 10 56 9 65 11 138 1 171 2 202 1 218 1 320 320
1 12 20 10 57 9 66 11 139 1 172 2 203 1 219 1 320 320
2 12 21 10 58 9 67 11 140 1 173 2 204 1 220 1 320 320
3 12 22 10 59 9 68 11 141 1 174 2 205 1 221 1 320 320
4 12 23 10 60 9 69 11 142 1 175 2 206 1 222 1 320 320
5 12 24 10 61 9 70 11 143 1 160 2 207 1 223 1 320 320
24 5 45 13 72 5 94 9 110 9 121 10 131 8 152 5 160 1 208 1 320 320
25 5 46 13 73 5 95 9 111 9 122 10 132 8 153 5 161 1 209 1 320 320
26 5 47 13 74 5 80 9 96 9 123 10 133 8 154 5 162 1 210 1 320 320
27 5 32 13 75 5 81 9 97 9 124 10 134 8 155 5 163 1 211 1 320 320
28 5 33 13 76 5 82 9 98 9 125 10 135 8 156 5 164 1 212 1 320 320
29 5 34 13 77 5 83 9 99 9 126 10 136 8 157 5 165 1 213 1 320 320
30 5 35 13 78 5 84 9 100 9 127 10 137 8 158 5 166 1 214 1 320 320
31 5 36 13 79 5 85 9 101 9 112 10 138 8 159 5 167 1 215 1 320 320
16 5 37 13 64 5 86 9 102 9 113 10 139 8 144 5 168 1 216 1 320 320
17 5 38 13 65 5 87 9 103 9 114 10 140 8 145 5 169 1 217 1 320 320
18 5 39 13 66 5 88 9 104 9 115 10 141 8 146 5 170 1 218 1 320 320
19 5 40 13 67 5 89 9 105 9 116 10 142 8 147 5 171 1 219 1 320 320
20 5 41 13 68 5 90 9 106 9 117 10 143 8 148 5 172 1 220 1 320 320
21 5 42 13 69 5 91 9 107 9 118 10 128 8 149 5 173 1 221 1 320 320
22 5 43 13 70 5 92 9 108 9 119 10 129 8 150 5 174 1 222 1 320 320
23 5 44 13 71 5 93 9 109 9 120 10 130 8 151 5 175 1 223 1 320 320
14 9 20 3 187 14 224 1 320 320
15 9 21 3 188 14 225 1 320 320
0 9 22 3 189 14 226 1 320 320
1 9 23 3 190 14 227 1 320 320
2 9 24 3 191 14 228 1 320 320
3 9 25 3 176 14 229 1 320 320
4 9 26 3 177 14 230 1 320 320
5 9 27 3 178 14 231 1 320 320
6 9 28 3 179 14 232 1 320 320
7 9 29 3 180 14 233 1 320 320
8 9 30 3 181 14 234 1 320 320
9 9 31 3 182 14 235 1 320 320
10 9 16 3 183 14 236 1 320 320
11 9 17 3 184 14 237 1 320 320
12 9 18 3 185 14 238 1 320 320
13 9 19 3 186 14 239 1 320 320
6 12 27 14 94 9 121 10 189 13 240 1 320 320
7 12 28 14 95 9 122 10 190 13 241 1 320 320
8 12 29 14 80 9 123 10 191 13 242 1 320 320
9 12 30 14 81 9 124 10 176 13 243 1 320 320
10 12 31 14 82 9 125 10 177 13 244 1 320 320
11 12 16 14 83 9 126 10 178 13 245 1 320 320
12 12 17 14 84 9 127 10 179 13 246 1 320 320
13 12 18 14 85 9 112 10 180 13 247 1 320 320
14 12 19 14 86 9 113 10 181 13 248 1 320 320
15 12 20 14 87 9 114 10 182 13 249 1 320 320
0 12 21 14 88 9 115 10 183 13 250 1 320 320
1 12 22 14 89 9 116 10 184 13 251 1 320 320
2 12 23 14 90 9 117 10 185 13 252 1 320 320
3 12 24 14 91 9 118 10 186 13 253 1 320 320
4 12 25 14 92 9 119 10 187 13 254 1 320 320
5 12 26 14 93 9 120 10 188 13 255 1 320 320
5 6 83 8 112 1 157 13 184 5 256 1 320 320
6 6 84 8 113 1 158 13 185 5 257 1 320 320
7 6 85 8 114 1 159 13 186 5 258 1 320 320
8 6 86 8 115 1 144 13 187 5 259 1 320 320
9 6 87 8 116 1 145 13 188 5 260 1 320 320
10 6 88 8 117 1 146 13 189 5 261 1 320 320
11 6 89 8 118 1 147 13 190 5 262 1 320 320
12 6 90 8 119 1 148 13 191 5 263 1 320 320
13 6 91 8 120 1 149 13 176 5 264 1 320 320
14 6 92 8 121 1 150 13 177 5 265 1 320 320
15 6 93 8 122 1 151 13 178 5 266 1 320 320
0 6 94 8 123 1 152 13 179 5 267 1 320 320
1 6 95 8 124 1 153 13 180 5 268 1 320 320
2 6 80 8 125 1 154 13 181 5 269 1 320 320
3 6 81 8 126 1 155 13 182 5 270 1 320 320
4 6 82 8 127 1 156 13 183 5 271 1 320 320
25 10 92 15 117 6 179 8 219 14 272 1 320 320
26 10 93 15 118 6 180 8 220 14 273 1 320 320
27 10 94 15 119 6 181 8 221 14 274 1 320 320
28 10 95 15 120 6 182 8 222 14 275 1 320 320
29 10 80 15 121 6 183 8 223 14 276 1 320 320
30 10 81 15 122 6 184 8 208 14 277 1 320 320
31 10 82 15 123 6 185 8 209 14 278 1 320 320
16 10 83 15 124 6 186 8 210 14 279 1 320 320
17 10 84 15 125 6 187 8 211 14 280 1 320 320
18 10 85 15 126 6 188 8 212 14 281 1 320 320
19 10 86 15 127 6 189 8 213 14 282 1 320 320
20 10 87 15 112 6 190 8 214 14 283 1 320 320
21 10 88 15 113 6 191 8 215 14 284 1 320 320
22 10 89 15 114 6 176 8 216 14 285 1 320 320
23 10 90 15 115 6 177 8 217 14 286 1 320 320
24 10 91 15 116 6 178 8 218 14 287 1 320 320
7 11 20 3 197 6 288 1 320 320
8 11 21 3 198 6 289 1 320 320
9 11 22 3 199 6 290 1 320 320
10 11 23 3 200 6 291 1 320 320
11 11 24 3 201 6 292 1 320 320
12 11 25 3 202 6 293 1 320 320
13 11 26 3 203 6 294 1 320 320
14 11 27 3 204 6 295 1 320 320
15 11 28 3 205 6 296 1 320 320
0 11 29 3 206 6 297 1 320 320
1 11 30 3 207 6 298 1 320 320
2 11 31 3 192 6 299 1 320 320
3 11 16 3 193 6 300 1 320 320
4 11 17 3 194 6 301 1 320 320
5 11 18 3 195 6 302 1 320 320
6 11 19 3 196 6 303 1 320 320
24 5 138 7 161 2 183 11 304 1 320 320
25 5 139 7 162 2 184 11 305 1 320 320
26 5 140 7 163 2 185 11 306 1 320 320
27 5 141 7 164 2 186 11 307 1 320 320
28 5 142 7 165 2 187 11 308 1 320 320
29 5 143 7 166 2 188 11 309 1 320 320
30 5 128 7 167 2 189 11 310 1 320 320
31 5 129 7 168 2 190 11 311 1 320 320
16 5 130 7 169 2 191 11 312 1 320 320
17 5 131 7 170 2 176 11 313 1 320 320
18 5 132 7 171 2 177 11 314 1 320 320
19 5 133 7 172 2 178 11 315 1 320 320
20 5 134 7 173 2 179 11 316 1 320 320
21 5 135 7 174 2 180 11 317 1 320 320
22 5 136 7 175 2 181 11 318 1 320 320
23 5 137 7 160 2 182 11 319 1 320 320
