512
256
0
0
0 2 7 1 256 5 342 5 428 2 512 512
0 2 1 4 257 13 343 15 429 2 512 512
1 8 2 8 258 11 344 5 430 14 512 512
2 6 3 3 259 6 344 6 431 6 512 512
3 11 4 6 260 11 345 14 432 6 512 512
4 10 5 12 261 6 346 12 433 4 512 512
5 14 6 11 262 11 347 3 434 3 512 512
6 13 7 1 263 9 342 9 435 8 512 512
8 4 15 1 264 8 348 10 436 12 512 512
8 8 9 8 265 7 349 13 437 12 512 512
9 6 10 3 257 12 350 7 438 9 512 512
10 11 11 6 266 12 347 13 439 5 512 512
11 10 12 12 267 8 351 14 440 15 512 512
12 14 13 11 268 5 352 14 441 9 512 512
13 13 14 5 269 12 352 13 442 7 512 512
14 1 15 1 268 7 353 2 443 14 512 512
16 8 23 12 270 6 354 7 444 11 512 512
16 6 17 3 271 8 355 3 445 6 512 512
17 11 18 6 272 13 356 4 446 9 512 512
18 10 19 12 265 6 357 10 447 5 512 512
19 14 20 11 273 11 358 13 437 4 512 512
20 13 21 5 274 14 359 4 448 11 512 512
21 1 22 10 275 6 360 13 449 8 512 512
22 4 23 14 276 12 361 15 450 13 512 512
24 3 31 1 274 5 362 1 428 3 512 512
24 11 25 6 277 3 363 11 451 10 512 512
25 10 26 12 278 1 364 9 444 9 512 512
26 14 27 11 279 15 365 14 438 1 512 512
27 13 28 5 280 3 366 10 452 7 512 512
28 1 29 10 281 3 367 13 427 15 512 512
29 4 30 7 282 14 368 8 453 15 512 512
30 3 31 1 283 9 369 9 439 1 512 512
32 6 39 1 284 11 370 7 441 1 512 512
32 10 33 12 285 12 371 15 454 6 512 512
33 14 34 11 286 10 372 3 455 10 512 512
34 13 35 5 287 9 373 8 456 4 512 512
35 1 36 10 284 2 366 13 457 10 512 512
36 4 37 7 288 10 374 12 452 7 512 512
37 3 38 14 288 7 375 7 458 12 512 512
38 12 39 1 283 2 355 7 459 9 512 512
40 12 47 1 289 14 376 9 460 1 512 512
40 14 41 11 288 14 377 15 451 4 512 512
41 13 42 5 290 7 350 5 461 1 512 512
42 1 43 10 291 8 378 13 445 14 512 512
43 4 44 7 292 6 379 10 438 3 512 512
44 3 45 14 293 14 351 14 432 12 512 512
45 12 46 15 294 4 380 8 448 3 512 512
46 5 47 1 295 8 381 13 462 12 512 512
48 11 55 1 276 11 349 5 431 13 512 512
48 13 49 5 296 4 347 2 463 3 512 512
49 1 50 10 297 13 382 3 464 15 512 512
50 4 51 7 267 8 358 4 465 13 512 512
51 3 52 14 298 2 349 7 466 11 512 512
52 12 53 15 275 8 383 9 467 15 512 512
53 5 54 13 273 9 384 7 468 7 512 512
54 7 55 1 299 3 385 5 469 15 512 512
56 5 63 1 277 5 386 1 470 3 512 512
56 1 57 10 298 11 353 12 471 2 512 512
57 4 58 7 300 6 350 9 472 5 512 512
58 3 59 14 301 5 387 10 473 13 512 512
59 12 60 15 276 7 388 7 474 12 512 512
60 5 61 13 302 9 373 2 443 5 507 7 512 512
61 7 62 9 294 4 357 9 475 6 512 512
62 15 63 1 303 11 389 14 476 2 512 512
64 10 71 1 287 14 346 11 472 1 512 512
64 4 65 7 302 13 388 4 477 1 512 512
65 3 66 14 297 4 390 1 478 12 512 512
66 12 67 15 304 5 357 1 453 9 512 512
67 5 68 13 305 5 391 5 479 11 512 512
68 7 69 9 306 7 392 8 480 1 512 512
69 15 70 1 256 7 393 5 481 12 512 512
70 9 71 1 271 13 389 15 482 14 512 512
72 7 79 1 307 2 365 15 483 15 512 512
72 3 73 14 308 4 369 4 484 3 512 512
73 12 74 15 277 2 385 13 448 11 463 12 512 512
74 5 75 13 309 5 384 5 458 15 512 512
75 7 76 9 310 4 394 9 474 11 512 512
76 15 77 1 311 5 395 15 468 4 512 512
77 9 78 2 312 2 380 4 467 4 512 512
78 2 79 1 313 14 354 1 484 3 512 512
80 14 87 1 295 5 375 7 485 2 512 512
80 12 81 15 314 2 396 10 486 8 512 512
81 5 82 13 315 11 388 6 487 9 512 512
82 7 83 9 316 7 387 6 488 9 512 512
83 15 84 1 317 14 397 12 436 13 512 512
84 9 85 2 302 6 398 5 470 1 512 512
85 2 86 4 318 5 354 5 476 3 512 512
86 8 87 1 258 8 399 3 476 14 512 512
88 15 95 1 311 9 400 15 447 2 512 512
88 5 89 13 261 4 401 11 451 4 512 512
89 7 90 9 319 7 359 6 449 10 512 512
90 15 91 1 306 3 402 6 489 8 512 512
91 9 92 2 287 8 403 9 459 8 512 512
92 2 93 4 317 14 404 8 490 4 512 512
93 8 94 8 280 2 405 8 445 3 512 512
94 6 95 1 320 7 406 14 426 2 512 512
96 13 103 1 321 3 400 12 430 10 512 512
96 7 97 9 296 3 396 15 460 12 512 512
97 15 98 1 293 3 361 8 491 6 512 512
98 9 99 2 322 15 407 2 492 5 512 512
99 2 100 4 263 10 408 4 490 2 512 512
100 8 101 8 279 2 391 11 473 15 512 512
101 6 102 3 323 4 383 10 493 6 512 512
102 11 103 1 280 1 409 2 435 13 512 512
104 9 111 1 274 10 410 4 459 12 512 512
104 15 105 1 324 2 376 7 455 13 512 512
105 9 106 2 325 5 411 5 494 2 512 512
106 2 107 4 278 1 387 12 430 4 512 512
107 8 108 8 326 3 402 5 434 8 512 512
108 6 109 3 305 1 381 14 475 10 512 512
109 11 110 6 327 13 397 9 495 1 512 512
110 10 111 1 308 4 412 9 470 1 512 512
112 1 119 1 264 1 412 12 496 13 512 512
112 9 113 2 328 2 413 12 497 4 512 512
113 2 114 4 289 2 341 3 466 13 512 512
114 8 115 8 297 8 372 14 431 10 512 512
115 6 116 3 278 9 414 7 498 9 512 512
116 11 117 6 313 13 410 6 474 14 512 512
117 10 118 12 329 10 390 2 456 5 488 13 512 512
118 14 119 1 330 8 410 4 457 5 512 512
120 2 127 1 263 15 379 12 498 15 512 512
120 2 121 4 314 13 414 12 493 15 512 512
121 8 122 8 324 12 386 4 488 11 512 512
122 6 123 3 331 14 407 9 485 13 512 512
123 11 124 6 327 11 358 11 477 9 512 512
124 10 125 12 307 15 345 11 443 15 512 512
125 14 126 11 291 12 356 11 481 2 512 512
126 13 127 1 332 12 404 2 499 15 512 512
128 4 135 1 318 14 411 2 461 9 512 512
128 8 129 8 301 12 366 7 489 2 512 512
129 6 130 3 282 4 406 5 472 13 512 512
130 11 131 6 312 12 394 13 496 14 512 512
131 10 132 12 317 15 363 11 500 13 512 512
132 14 133 11 299 2 353 9 501 3 512 512
133 13 134 5 291 11 404 3 467 2 512 512
134 1 135 1 313 6 343 11 502 2 512 512
136 8 143 12 332 9 374 5 456 12 512 512
136 6 137 3 293 5 406 4 457 15 512 512
137 11 138 6 333 11 415 1 482 3 512 512
138 10 139 12 300 11 370 8 499 15 512 512
139 14 140 11 325 8 355 10 503 14 512 512
140 13 141 5 334 1 416 6 485 12 512 512
141 1 142 10 335 15 409 6 504 4 512 512
142 4 143 14 326 12 362 6 466 6 512 512
144 3 151 1 271 14 398 7 505 13 512 512
144 11 145 6 336 6 376 7 433 12 512 512
145 10 146 12 262 5 417 4 495 9 502 15 512 512
146 14 147 11 259 15 418 12 503 8 512 512
147 13 148 5 299 4 414 6 440 11 512 512
148 1 149 10 335 6 352 6 497 6 512 512
149 4 150 7 285 11 419 2 435 6 512 512
150 3 151 1 270 3 420 1 437 13 512 512
152 6 159 1 323 14 421 15 447 5 512 512
152 10 153 12 329 7 380 9 506 2 512 512
153 14 154 11 312 8 402 6 454 1 512 512
154 13 155 5 284 9 397 1 455 7 511 11 512 512
155 1 156 10 333 1 377 15 446 10 512 512
156 4 157 7 315 4 422 9 452 14 512 512
157 3 158 14 309 14 378 2 507 7 512 512
158 12 159 1 281 11 421 8 500 10 512 512
160 12 167 1 320 5 382 10 508 5 512 512
160 14 161 11 269 13 395 15 490 9 512 512
161 13 162 5 304 2 401 4 478 9 512 512
162 1 163 10 285 11 391 15 509 3 512 512
163 4 164 7 300 15 423 3 450 11 512 512
164 3 165 14 337 9 423 6 439 1 512 512
165 12 166 15 338 5 424 9 477 10 512 512
166 5 167 1 296 6 348 7 509 8 512 512
168 11 175 1 320 8 386 3 510 15 512 512
168 13 169 5 314 5 356 14 461 7 512 512
169 1 170 10 290 3 341 14 449 7 512 512
170 4 171 7 294 9 409 2 502 7 512 512
171 3 172 14 303 2 374 14 475 3 512 512
172 12 173 15 304 5 424 12 489 8 512 512
173 5 174 13 305 4 423 6 505 3 512 512
174 7 175 1 259 7 363 6 479 13 512 512
176 5 183 1 316 3 417 5 462 8 512 512
176 1 177 10 334 4 370 11 482 8 512 512
177 4 178 7 298 12 375 15 473 10 512 512
178 3 179 14 326 11 421 6 507 1 512 512
179 12 180 15 337 1 383 10 483 15 512 512
180 5 181 13 339 1 405 9 506 13 512 512
181 7 182 9 260 5 416 10 495 13 512 512
182 15 183 1 328 13 378 15 463 6 512 512
184 10 191 1 265 6 416 4 498 7 512 512
184 4 185 7 270 5 393 13 506 9 512 512
185 3 186 14 264 2 342 12 450 7 512 512
186 12 187 15 310 5 379 8 508 2 512 512
187 5 188 13 303 1 408 14 486 2 512 512
188 7 189 9 319 6 371 15 492 7 512 512
189 15 190 1 272 15 373 7 511 10 512 512
190 9 191 1 307 10 344 15 504 3 512 512
192 7 199 1 269 2 425 2 509 5 512 512
192 3 193 14 316 6 368 14 465 8 512 512
193 12 194 15 340 12 418 15 491 9 512 512
194 5 195 13 335 13 426 14 444 4 512 512
195 7 196 9 333 12 412 11 501 6 512 512
196 15 197 1 322 3 348 11 429 15 512 512
197 9 198 2 260 13 425 15 428 14 512 512
198 2 199 1 258 15 346 7 496 2 512 512
200 14 207 1 256 3 368 11 500 12 512 512
200 12 201 15 315 2 362 1 510 8 512 512
201 5 202 13 290 3 418 13 468 10 512 512
202 7 203 9 301 5 359 13 508 15 512 512
203 15 204 1 310 4 400 8 460 5 512 512
204 9 205 2 273 2 367 14 504 5 512 512
205 2 206 4 275 3 401 12 442 5 512 512
206 8 207 1 337 6 382 8 501 2 512 512
208 15 215 1 331 11 405 13 512 512
208 5 209 13 266 3 351 2 487 8 512 512
209 7 210 9 330 15 377 11 465 1 512 512
210 15 211 1 329 1 415 2 497 5 512 512
211 9 212 2 339 4 427 8 462 2 512 512
212 2 213 4 257 9 413 13 424 1 512 512
213 8 214 8 283 12 364 7 512 512
214 6 215 1 319 15 372 4 484 4 512 512
216 13 223 1 336 3 384 14 487 11 512 512
216 7 217 9 334 15 396 9 478 1 512 512
217 15 218 1 292 1 385 15 512 512
218 9 219 2 321 10 360 1 480 9 512 512
219 2 220 4 266 10 399 14 471 8 512 512
220 8 221 8 282 8 392 11 471 5 512 512
221 6 222 3 341 9 398 12 417 14 512 512
222 11 223 1 309 15 425 4 464 8 512 512
224 9 231 1 340 12 394 3 441 8 512 512
224 15 225 1 338 13 364 1 458 10 512 512
225 9 226 2 261 14 393 12 494 13 512 512
226 2 227 4 281 13 403 12 480 3 512 512
227 8 228 8 308 1 367 7 486 15 512 512
228 6 229 3 295 4 411 11 436 12 512 512
229 11 230 6 336 14 407 4 469 5 512 512
230 10 231 1 332 4 420 4 434 15 512 512
232 1 239 1 267 13 408 5 483 5 512 512
232 9 233 2 339 7 361 8 442 3 512 512
233 2 234 4 286 6 413 9 505 9 512 512
234 8 235 8 311 6 371 10 446 13 512 512
235 6 236 3 268 12 343 15 512 512
236 11 237 6 321 3 422 9 481 4 512 512
237 10 238 12 340 6 369 4 453 15 512 512
238 14 239 1 324 4 419 9 493 9 512 512
240 2 247 1 289 8 415 5 432 5 512 512
240 2 241 4 272 13 426 6 479 10 512 512
241 8 242 8 325 14 345 9 454 5 512 512
242 6 243 3 323 13 389 12 429 3 512 512
243 11 244 6 330 15 399 12 464 11 512 512
244 10 245 12 318 14 390 5 469 13 512 512
245 14 246 11 306 13 381 11 433 1 512 512
246 13 247 1 328 6 392 12 492 13 512 512
248 4 255 1 322 15 422 5 503 6 512 512
248 8 249 8 286 11 403 14 440 10 512 512
249 6 250 3 262 3 395 10 494 11 512 512
250 11 251 6 292 2 427 14 511 7 512 512
251 10 252 12 331 14 365 8 510 5 512 512
252 14 253 11 327 9 360 5 512 512
253 13 254 5 279 7 420 12 491 11 512 512
254 1 255 1 338 14 419 8 499 15 512 512
