512
256
0
0
0 27 128 48 256 53 392 56 512 512
1 37 129 8 257 32 393 33 512 512
2 12 130 9 258 36 394 9 512 512
3 2 131 24 259 57 395 63 512 512
4 10 132 39 260 44 396 32 512 512
5 26 133 60 261 51 397 31 512 512
6 55 134 16 262 13 398 59 512 512
7 17 135 22 263 4 398 29 512 512
8 63 136 37 264 44 399 33 512 512
9 34 137 57 265 7 399 54 512 512
10 42 138 12 266 7 400 17 512 512
11 17 139 23 267 20 401 12 512 512
3 3 140 47 268 17 402 1 512 512
12 20 141 12 269 29 403 9 512 512
13 57 142 15 270 49 404 9 512 512
14 38 143 53 266 33 405 39 512 512
15 6 144 35 271 9 406 53 512 512
16 7 145 16 272 46 407 29 512 512
17 12 146 7 273 5 408 44 512 512
18 53 147 58 274 40 409 48 512 512
19 39 148 34 275 6 410 16 512 512
20 2 149 46 276 32 411 29 512 512
21 50 150 46 277 3 412 52 512 512
22 34 151 51 278 21 413 55 512 512
23 29 152 53 279 55 414 52 512 512
24 7 153 54 280 22 415 38 512 512
25 31 154 48 281 19 416 60 512 512
26 26 155 35 282 10 417 52 512 512
18 19 156 35 283 44 418 47 512 512
25 61 157 17 284 47 414 12 512 512
27 6 158 12 268 19 419 18 512 512
28 43 159 63 285 5 420 30 512 512
29 52 154 7 286 41 421 36 512 512
30 12 160 34 287 2 422 9 512 512
31 51 161 19 288 15 423 7 512 512
32 23 162 4 289 62 424 34 512 512
33 20 163 51 290 62 425 57 512 512
34 50 164 53 291 50 426 26 512 512
35 52 165 10 292 30 423 32 512 512
36 2 166 50 293 20 418 10 512 512
37 63 167 19 294 57 427 47 512 512
38 53 168 2 295 6 412 1 512 512
36 27 138 49 296 29 428 8 512 512
39 55 144 44 297 51 395 3 512 512
40 3 169 24 298 10 429 17 512 512
41 32 170 20 263 25 430 57 512 512
42 41 171 54 293 29 431 9 512 512
43 3 172 45 279 5 432 30 512 512
44 41 173 39 299 23 433 55 512 512
45 53 174 21 300 1 409 24 512 512
46 10 160 16 301 9 434 19 512 512
47 3 175 18 302 48 435 59 512 512
48 47 176 43 303 31 370 26 512 512
49 48 177 16 304 5 436 58 512 512
50 51 177 41 303 40 437 28 512 512
51 6 174 15 305 38 438 32 512 512
52 29 178 35 306 37 439 15 512 512
53 18 179 46 307 6 440 45 512 512
54 2 180 30 297 1 441 9 512 512
55 5 181 60 308 51 442 27 512 512
56 49 182 47 309 9 443 62 512 512
23 8 183 62 264 13 444 28 512 512
57 8 184 3 310 36 445 62 512 512
58 6 140 54 311 24 446 13 512 512
56 23 185 54 308 18 447 58 512 512
59 12 186 18 296 53 416 1 512 512
60 11 184 36 262 12 435 37 512 512
55 62 187 18 287 2 448 51 512 512
41 47 164 51 312 28 411 56 512 512
61 39 156 16 313 34 422 15 512 512
0 34 188 3 307 13 434 30 512 512
35 29 189 7 286 47 449 62 512 512
38 30 190 14 265 53 450 49 512 512
62 16 141 29 314 28 363 22 512 512
63 59 191 58 309 12 331 46 512 512
64 8 192 48 315 43 451 57 512 512
43 20 193 17 316 44 401 46 512 512
40 9 167 58 317 45 389 46 512 512
65 20 194 8 318 13 452 45 512 512
65 28 195 11 319 59 382 26 512 512
64 15 147 18 320 53 452 7 512 512
66 16 194 63 273 56 400 12 512 512
67 61 196 43 321 42 453 43 512 512
31 35 197 48 322 13 454 63 512 512
68 42 198 1 323 19 455 46 512 512
69 47 157 41 324 58 456 24 512 512
70 38 199 47 325 50 457 22 512 512
71 42 200 1 326 6 458 38 512 512
4 63 201 17 327 12 459 39 512 512
72 58 202 44 270 63 460 32 512 512
73 43 203 45 328 42 461 22 512 512
42 16 204 52 329 62 442 7 512 512
10 40 205 52 330 60 462 17 512 512
74 9 206 48 259 56 386 8 512 512
75 2 183 36 331 34 463 5 512 512
76 19 190 19 332 50 394 35 512 512
77 37 207 38 294 19 464 33 512 512
63 17 188 60 333 10 465 44 512 512
78 38 136 60 322 57 428 29 512 512
79 16 187 56 334 27 420 37 512 512
80 11 208 20 335 62 413 48 512 512
81 2 209 17 336 47 466 44 512 512
82 15 192 14 337 56 467 39 512 512
76 15 210 55 319 63 468 60 512 512
15 34 130 26 338 43 469 35 512 512
83 56 181 13 339 10 417 40 512 512
84 40 189 51 340 40 470 24 512 512
85 55 199 1 341 51 471 3 512 512
84 49 211 21 342 6 397 45 512 512
86 20 212 41 292 18 472 23 512 512
87 46 213 54 310 15 388 36 512 512
88 10 163 22 343 1 473 37 512 512
48 63 214 54 344 62 474 27 512 512
83 6 195 54 345 44 475 53 512 512
89 60 129 44 316 49 476 41 512 512
90 6 215 61 346 57 403 8 512 512
37 48 142 50 347 34 477 15 512 512
16 31 216 33 333 25 419 44 512 512
91 2 217 7 306 52 465 46 512 512
46 9 205 3 348 51 478 57 512 512
62 44 218 14 295 29 479 34 512 512
79 31 219 39 288 61 480 45 512 512
44 26 204 10 267 63 311 62 512 512
49 57 159 51 318 8 481 55 512 512
14 50 145 55 349 56 482 5 512 512
92 12 220 27 337 16 480 18 512 512
93 15 203 13 350 54 483 53 512 512
93 58 221 4 284 5 376 58 512 512
94 3 222 30 275 50 393 41 512 512
95 3 197 41 280 18 426 20 512 512
96 26 223 41 334 36 483 32 512 512
45 45 221 22 351 49 484 27 512 512
97 48 224 11 260 59 444 39 512 512
74 47 225 35 352 48 485 1 512 512
98 42 226 47 353 37 392 7 512 512
99 61 198 55 354 41 460 3 512 512
100 46 227 31 330 22 390 40 512 512
81 52 228 63 276 20 486 63 512 512
67 43 171 56 355 53 464 55 512 512
101 51 229 42 323 15 440 56 512 512
92 39 128 41 356 30 408 56 512 512
102 10 230 44 357 57 487 4 512 512
103 8 231 16 350 54 462 32 512 512
104 39 155 61 356 29 488 52 512 512
52 5 220 19 358 22 468 10 512 512
105 32 208 20 305 2 489 54 512 512
82 30 232 24 271 7 362 58 512 512
106 43 233 57 272 11 450 39 512 512
6 6 234 22 359 50 436 21 512 512
12 29 179 5 360 31 481 50 512 512
70 16 235 54 281 46 487 32 512 512
107 62 236 11 361 20 490 10 512 512
30 23 133 37 362 58 491 35 512 512
100 11 237 40 335 33 447 62 512 512
108 25 227 27 363 4 476 60 512 512
109 5 175 48 361 57 429 56 512 512
110 61 151 42 364 30 492 28 512 512
29 56 162 53 258 35 493 38 512 512
71 41 212 31 301 7 453 53 512 512
98 7 150 46 365 11 427 27 512 512
111 21 238 7 283 14 494 39 512 512
112 26 235 1 366 19 495 47 512 512
75 25 148 60 359 45 478 59 512 512
110 60 239 11 304 43 449 51 512 512
59 7 240 10 344 31 496 34 512 512
113 46 241 39 367 1 496 57 512 512
26 43 201 1 317 29 497 57 512 512
86 12 242 58 368 30 406 22 512 512
91 42 206 34 346 10 466 32 512 512
57 7 196 23 369 55 489 4 512 512
50 30 243 52 351 32 485 56 512 512
104 58 158 59 370 31 498 59 512 512
114 37 244 27 313 8 495 25 512 512
89 30 240 60 365 39 448 15 512 512
115 6 200 58 371 41 474 12 512 512
58 48 245 59 261 4 475 11 512 512
7 51 193 12 326 30 499 39 512 512
102 28 215 41 278 4 459 31 512 512
87 50 246 45 348 27 479 57 512 512
116 27 247 52 372 54 500 42 512 512
117 39 222 37 315 12 497 3 512 512
118 17 233 27 302 16 501 51 512 512
119 60 131 9 373 8 457 31 512 512
9 29 213 43 374 43 451 32 512 512
114 45 172 33 375 62 473 17 512 512
68 23 168 31 368 24 502 52 512 512
120 29 185 19 376 27 469 15 512 512
19 56 242 33 377 19 503 41 512 512
28 25 248 11 378 11 490 63 512 512
17 41 249 18 354 43 463 12 512 512
80 57 250 33 353 41 504 7 512 512
77 50 229 57 379 7 501 28 512 512
88 49 166 43 380 26 498 58 512 512
112 5 241 46 312 56 320 34 512 512
121 37 202 49 371 38 396 11 512 512
27 46 237 45 366 39 505 41 512 512
33 42 170 54 360 32 482 54 512 512
96 23 251 32 314 51 433 39 512 512
117 23 173 47 379 42 421 51 512 512
8 26 250 25 340 52 503 4 512 512
1 60 252 28 341 10 445 6 512 512
5 6 247 2 381 54 484 21 512 512
115 31 178 6 285 9 446 20 512 512
85 11 216 23 382 50 506 62 512 512
95 27 253 41 321 42 324 42 512 512
97 28 243 1 349 31 467 39 512 512
106 45 238 5 383 39 507 16 512 512
99 14 161 11 274 46 504 20 512 512
34 53 182 34 277 62 491 32 512 512
122 32 230 7 345 31 472 17 512 512
39 53 186 56 384 63 499 37 512 512
20 25 246 44 378 3 508 44 512 512
113 31 239 46 355 12 461 6 512 512
2 34 132 43 385 8 505 16 512 512
69 26 236 37 256 12 500 37 512 512
94 30 231 50 386 29 509 52 512 512
122 35 226 44 299 15 437 1 512 512
123 1 153 28 357 6 405 11 512 512
124 15 214 37 269 46 443 58 512 512
54 23 191 33 364 48 510 42 512 512
90 28 207 55 300 52 471 31 512 512
109 55 225 9 291 61 470 26 512 512
21 38 224 48 369 2 402 51 512 512
103 41 137 16 282 46 430 43 512 512
125 18 252 24 387 12 502 19 512 512
53 38 139 30 385 51 494 42 512 512
11 29 249 43 388 39 509 17 512 512
73 21 245 5 387 26 424 12 512 512
116 19 218 42 325 8 477 48 512 512
119 63 254 40 339 62 454 35 512 512
51 22 210 21 290 18 410 12 512 512
108 1 234 39 289 15 486 29 512 512
123 59 135 13 338 16 511 59 512 512
22 28 149 22 257 43 404 10 512 512
120 13 255 24 380 20 508 21 512 512
78 23 217 41 372 5 493 6 512 512
124 5 211 23 383 48 456 29 512 512
24 2 176 40 377 11 391 29 512 512
61 53 134 41 347 54 488 23 512 512
118 59 223 54 384 43 438 49 512 512
107 47 244 30 332 1 492 48 512 512
105 30 232 20 336 21 432 42 512 512
32 37 146 15 352 2 458 51 512 512
66 57 169 25 381 49 441 50 512 512
121 21 180 60 374 26 431 54 512 512
126 24 152 21 298 12 439 36 512 512
111 56 248 32 328 62 415 19 512 512
127 57 165 46 389 1 407 39 512 512
127 35 228 39 329 18 510 31 512 512
101 56 143 34 373 15 375 36 512 512
13 2 254 59 342 53 511 13 512 512
60 60 255 42 358 61 455 27 512 512
72 16 253 34 390 6 425 38 512 512
126 52 251 59 367 53 507 8 512 512
47 49 209 37 391 49 506 50 512 512
125 37 219 46 327 3 343 24 512 512
