512
256
0
0
65 2 195 8 260 3 390 12 512 512
66 2 196 8 261 3 391 12 512 512
67 2 197 8 262 3 392 12 512 512
68 2 198 8 263 3 393 12 512 512
69 2 199 8 264 3 394 12 512 512
70 2 200 8 265 3 395 12 512 512
71 2 201 8 266 3 396 12 512 512
72 2 202 8 267 3 397 12 512 512
73 2 203 8 268 3 398 12 512 512
74 2 204 8 269 3 399 12 512 512
75 2 205 8 270 3 400 12 512 512
76 2 206 8 271 3 401 12 512 512
77 2 207 8 272 3 402 12 512 512
78 2 208 8 273 3 403 12 512 512
79 2 209 8 274 3 404 12 512 512
80 2 210 8 275 3 405 12 512 512
81 2 211 8 276 3 406 12 512 512
82 2 212 8 277 3 407 12 512 512
83 2 213 8 278 3 408 12 512 512
84 2 214 8 279 3 409 12 512 512
85 2 215 8 280 3 410 12 512 512
86 2 216 8 281 3 411 12 512 512
87 2 217 8 282 3 412 12 512 512
88 2 218 8 283 3 413 12 512 512
89 2 219 8 284 3 414 12 512 512
90 2 220 8 285 3 415 12 512 512
91 2 221 8 286 3 416 12 512 512
92 2 222 8 287 3 417 12 512 512
93 2 223 8 288 3 418 12 512 512
94 2 224 8 289 3 419 12 512 512
95 2 225 8 290 3 420 12 512 512
96 2 226 8 291 3 421 12 512 512
97 2 227 8 292 3 422 12 512 512
98 2 228 8 293 3 423 12 512 512
99 2 229 8 294 3 424 12 512 512
100 2 230 8 295 3 425 12 512 512
101 2 231 8 296 3 426 12 512 512
102 2 232 8 297 3 427 12 512 512
103 2 233 8 298 3 428 12 512 512
104 2 234 8 299 3 429 12 512 512
105 2 235 8 300 3 430 12 512 512
106 2 236 8 301 3 431 12 512 512
107 2 237 8 302 3 432 12 512 512
108 2 238 8 303 3 433 12 512 512
109 2 239 8 304 3 434 12 512 512
110 2 240 8 305 3 435 12 512 512
111 2 241 8 306 3 436 12 512 512
112 2 242 8 307 3 437 12 512 512
113 2 243 8 308 3 438 12 512 512
114 2 244 8 309 3 439 12 512 512
115 2 245 8 310 3 440 12 512 512
116 2 246 8 311 3 441 12 512 512
117 2 247 8 312 3 442 12 512 512
118 2 248 8 313 3 443 12 512 512
119 2 249 8 314 3 444 12 512 512
120 2 250 8 315 3 445 12 512 512
121 2 251 8 316 3 446 12 512 512
122 2 252 8 317 3 447 12 512 512
123 2 253 8 318 3 384 12 512 512
124 2 254 8 319 3 385 12 512 512
125 2 255 8 256 3 386 12 512 512
126 2 192 8 257 3 387 12 512 512
127 2 193 8 258 3 388 12 512 512
64 2 194 8 259 3 389 12 512 512
0 1 66 4 132 3 264 5 462 9 512 512
1 1 67 4 133 3 265 5 463 9 512 512
2 1 68 4 134 3 266 5 464 9 512 512
3 1 69 4 135 3 267 5 465 9 512 512
4 1 70 4 136 3 268 5 466 9 512 512
5 1 71 4 137 3 269 5 467 9 512 512
6 1 72 4 138 3 270 5 468 9 512 512
7 1 73 4 139 3 271 5 469 9 512 512
8 1 74 4 140 3 272 5 470 9 512 512
9 1 75 4 141 3 273 5 471 9 512 512
10 1 76 4 142 3 274 5 472 9 512 512
11 1 77 4 143 3 275 5 473 9 512 512
12 1 78 4 144 3 276 5 474 9 512 512
13 1 79 4 145 3 277 5 475 9 512 512
14 1 80 4 146 3 278 5 476 9 512 512
15 1 81 4 147 3 279 5 477 9 512 512
16 1 82 4 148 3 280 5 478 9 512 512
17 1 83 4 149 3 281 5 479 9 512 512
18 1 84 4 150 3 282 5 480 9 512 512
19 1 85 4 151 3 283 5 481 9 512 512
20 1 86 4 152 3 284 5 482 9 512 512
21 1 87 4 153 3 285 5 483 9 512 512
22 1 88 4 154 3 286 5 484 9 512 512
23 1 89 4 155 3 287 5 485 9 512 512
24 1 90 4 156 3 288 5 486 9 512 512
25 1 91 4 157 3 289 5 487 9 512 512
26 1 92 4 158 3 290 5 488 9 512 512
27 1 93 4 159 3 291 5 489 9 512 512
28 1 94 4 160 3 292 5 490 9 512 512
29 1 95 4 161 3 293 5 491 9 512 512
30 1 96 4 162 3 294 5 492 9 512 512
31 1 97 4 163 3 295 5 493 9 512 512
32 1 98 4 164 3 296 5 494 9 512 512
33 1 99 4 165 3 297 5 495 9 512 512
34 1 100 4 166 3 298 5 496 9 512 512
35 1 101 4 167 3 299 5 497 9 512 512
36 1 102 4 168 3 300 5 498 9 512 512
37 1 103 4 169 3 301 5 499 9 512 512
38 1 104 4 170 3 302 5 500 9 512 512
39 1 105 4 171 3 303 5 501 9 512 512
40 1 106 4 172 3 304 5 502 9 512 512
41 1 107 4 173 3 305 5 503 9 512 512
42 1 108 4 174 3 306 5 504 9 512 512
43 1 109 4 175 3 307 5 505 9 512 512
44 1 110 4 176 3 308 5 506 9 512 512
45 1 111 4 177 3 309 5 507 9 512 512
46 1 112 4 178 3 310 5 508 9 512 512
47 1 113 4 179 3 311 5 509 9 512 512
48 1 114 4 180 3 312 5 510 9 512 512
49 1 115 4 181 3 313 5 511 9 512 512
50 1 116 4 182 3 314 5 448 9 512 512
51 1 117 4 183 3 315 5 449 9 512 512
52 1 118 4 184 3 316 5 450 9 512 512
53 1 119 4 185 3 317 5 451 9 512 512
54 1 120 4 186 3 318 5 452 9 512 512
55 1 121 4 187 3 319 5 453 9 512 512
56 1 122 4 188 3 256 5 454 9 512 512
57 1 123 4 189 3 257 5 455 9 512 512
58 1 124 4 190 3 258 5 456 9 512 512
59 1 125 4 191 3 259 5 457 9 512 512
60 1 126 4 128 3 260 5 458 9 512 512
61 1 127 4 129 3 261 5 459 9 512 512
62 1 64 4 130 3 262 5 460 9 512 512
63 1 65 4 131 3 263 5 461 9 512 512
0 1 67 8 134 12 201 10 335 1 402 8 512 512
1 1 68 8 135 12 202 10 336 1 403 8 512 512
2 1 69 8 136 12 203 10 337 1 404 8 512 512
3 1 70 8 137 12 204 10 338 1 405 8 512 512
4 1 71 8 138 12 205 10 339 1 406 8 512 512
5 1 72 8 139 12 206 10 340 1 407 8 512 512
6 1 73 8 140 12 207 10 341 1 408 8 512 512
7 1 74 8 141 12 208 10 342 1 409 8 512 512
8 1 75 8 142 12 209 10 343 1 410 8 512 512
9 1 76 8 143 12 210 10 344 1 411 8 512 512
10 1 77 8 144 12 211 10 345 1 412 8 512 512
11 1 78 8 145 12 212 10 346 1 413 8 512 512
12 1 79 8 146 12 213 10 347 1 414 8 512 512
13 1 80 8 147 12 214 10 348 1 415 8 512 512
14 1 81 8 148 12 215 10 349 1 416 8 512 512
15 1 82 8 149 12 216 10 350 1 417 8 512 512
16 1 83 8 150 12 217 10 351 1 418 8 512 512
17 1 84 8 151 12 218 10 352 1 419 8 512 512
18 1 85 8 152 12 219 10 353 1 420 8 512 512
19 1 86 8 153 12 220 10 354 1 421 8 512 512
20 1 87 8 154 12 221 10 355 1 422 8 512 512
21 1 88 8 155 12 222 10 356 1 423 8 512 512
22 1 89 8 156 12 223 10 357 1 424 8 512 512
23 1 90 8 157 12 224 10 358 1 425 8 512 512
24 1 91 8 158 12 225 10 359 1 426 8 512 512
25 1 92 8 159 12 226 10 360 1 427 8 512 512
26 1 93 8 160 12 227 10 361 1 428 8 512 512
27 1 94 8 161 12 228 10 362 1 429 8 512 512
28 1 95 8 162 12 229 10 363 1 430 8 512 512
29 1 96 8 163 12 230 10 364 1 431 8 512 512
30 1 97 8 164 12 231 10 365 1 432 8 512 512
31 1 98 8 165 12 232 10 366 1 433 8 512 512
32 1 99 8 166 12 233 10 367 1 434 8 512 512
33 1 100 8 167 12 234 10 368 1 435 8 512 512
34 1 101 8 168 12 235 10 369 1 436 8 512 512
35 1 102 8 169 12 236 10 370 1 437 8 512 512
36 1 103 8 170 12 237 10 371 1 438 8 512 512
37 1 104 8 171 12 238 10 372 1 439 8 512 512
38 1 105 8 172 12 239 10 373 1 440 8 512 512
39 1 106 8 173 12 240 10 374 1 441 8 512 512
40 1 107 8 174 12 241 10 375 1 442 8 512 512
41 1 108 8 175 12 242 10 376 1 443 8 512 512
42 1 109 8 176 12 243 10 377 1 444 8 512 512
43 1 110 8 177 12 244 10 378 1 445 8 512 512
44 1 111 8 178 12 245 10 379 1 446 8 512 512
45 1 112 8 179 12 246 10 380 1 447 8 512 512
46 1 113 8 180 12 247 10 381 1 384 8 512 512
47 1 114 8 181 12 248 10 382 1 385 8 512 512
48 1 115 8 182 12 249 10 383 1 386 8 512 512
49 1 116 8 183 12 250 10 320 1 387 8 512 512
50 1 117 8 184 12 251 10 321 1 388 8 512 512
51 1 118 8 185 12 252 10 322 1 389 8 512 512
52 1 119 8 186 12 253 10 323 1 390 8 512 512
53 1 120 8 187 12 254 10 324 1 391 8 512 512
54 1 121 8 188 12 255 10 325 1 392 8 512 512
55 1 122 8 189 12 192 10 326 1 393 8 512 512
56 1 123 8 190 12 193 10 327 1 394 8 512 512
57 1 124 8 191 12 194 10 328 1 395 8 512 512
58 1 125 8 128 12 195 10 329 1 396 8 512 512
59 1 126 8 129 12 196 10 330 1 397 8 512 512
60 1 127 8 130 12 197 10 331 1 398 8 512 512
61 1 64 8 131 12 198 10 332 1 399 8 512 512
62 1 65 8 132 12 199 10 333 1 400 8 512 512
63 1 66 8 133 12 200 10 334 1 401 8 512 512
136 5 272 2 340 6 476 13 512 512
137 5 273 2 341 6 477 13 512 512
138 5 274 2 342 6 478 13 512 512
139 5 275 2 343 6 479 13 512 512
140 5 276 2 344 6 480 13 512 512
141 5 277 2 345 6 481 13 512 512
142 5 278 2 346 6 482 13 512 512
143 5 279 2 347 6 483 13 512 512
144 5 280 2 348 6 484 13 512 512
145 5 281 2 349 6 485 13 512 512
146 5 282 2 350 6 486 13 512 512
147 5 283 2 351 6 487 13 512 512
148 5 284 2 352 6 488 13 512 512
149 5 285 2 353 6 489 13 512 512
150 5 286 2 354 6 490 13 512 512
151 5 287 2 355 6 491 13 512 512
152 5 288 2 356 6 492 13 512 512
153 5 289 2 357 6 493 13 512 512
154 5 290 2 358 6 494 13 512 512
155 5 291 2 359 6 495 13 512 512
156 5 292 2 360 6 496 13 512 512
157 5 293 2 361 6 497 13 512 512
158 5 294 2 362 6 498 13 512 512
159 5 295 2 363 6 499 13 512 512
160 5 296 2 364 6 500 13 512 512
161 5 297 2 365 6 501 13 512 512
162 5 298 2 366 6 502 13 512 512
163 5 299 2 367 6 503 13 512 512
164 5 300 2 368 6 504 13 512 512
165 5 301 2 369 6 505 13 512 512
166 5 302 2 370 6 506 13 512 512
167 5 303 2 371 6 507 13 512 512
168 5 304 2 372 6 508 13 512 512
169 5 305 2 373 6 509 13 512 512
170 5 306 2 374 6 510 13 512 512
171 5 307 2 375 6 511 13 512 512
172 5 308 2 376 6 448 13 512 512
173 5 309 2 377 6 449 13 512 512
174 5 310 2 378 6 450 13 512 512
175 5 311 2 379 6 451 13 512 512
176 5 312 2 380 6 452 13 512 512
177 5 313 2 381 6 453 13 512 512
178 5 314 2 382 6 454 13 512 512
179 5 315 2 383 6 455 13 512 512
180 5 316 2 320 6 456 13 512 512
181 5 317 2 321 6 457 13 512 512
182 5 318 2 322 6 458 13 512 512
183 5 319 2 323 6 459 13 512 512
184 5 256 2 324 6 460 13 512 512
185 5 257 2 325 6 461 13 512 512
186 5 258 2 326 6 462 13 512 512
187 5 259 2 327 6 463 13 512 512
188 5 260 2 328 6 464 13 512 512
189 5 261 2 329 6 465 13 512 512
190 5 262 2 330 6 466 13 512 512
191 5 263 2 331 6 467 13 512 512
128 5 264 2 332 6 468 13 512 512
129 5 265 2 333 6 469 13 512 512
130 5 266 2 334 6 470 13 512 512
131 5 267 2 335 6 471 13 512 512
132 5 268 2 336 6 472 13 512 512
133 5 269 2 337 6 473 13 512 512
134 5 270 2 338 6 474 13 512 512
135 5 271 2 339 6 475 13 512 512
