1024
512
0
0
129 2 387 8 516 16 774 10 1024 1024
130 2 388 8 517 16 775 10 1024 1024
131 2 389 8 518 16 776 10 1024 1024
132 2 390 8 519 16 777 10 1024 1024
133 2 391 8 520 16 778 10 1024 1024
134 2 392 8 521 16 779 10 1024 1024
135 2 393 8 522 16 780 10 1024 1024
136 2 394 8 523 16 781 10 1024 1024
137 2 395 8 524 16 782 10 1024 1024
138 2 396 8 525 16 783 10 1024 1024
139 2 397 8 526 16 784 10 1024 1024
140 2 398 8 527 16 785 10 1024 1024
141 2 399 8 528 16 786 10 1024 1024
142 2 400 8 529 16 787 10 1024 1024
143 2 401 8 530 16 788 10 1024 1024
144 2 402 8 531 16 789 10 1024 1024
145 2 403 8 532 16 790 10 1024 1024
146 2 404 8 533 16 791 10 1024 1024
147 2 405 8 534 16 792 10 1024 1024
148 2 406 8 535 16 793 10 1024 1024
149 2 407 8 536 16 794 10 1024 1024
150 2 408 8 537 16 795 10 1024 1024
151 2 409 8 538 16 796 10 1024 1024
152 2 410 8 539 16 797 10 1024 1024
153 2 411 8 540 16 798 10 1024 1024
154 2 412 8 541 16 799 10 1024 1024
155 2 413 8 542 16 800 10 1024 1024
156 2 414 8 543 16 801 10 1024 1024
157 2 415 8 544 16 802 10 1024 1024
158 2 416 8 545 16 803 10 1024 1024
159 2 417 8 546 16 804 10 1024 1024
160 2 418 8 547 16 805 10 1024 1024
161 2 419 8 548 16 806 10 1024 1024
162 2 420 8 549 16 807 10 1024 1024
163 2 421 8 550 16 808 10 1024 1024
164 2 422 8 551 16 809 10 1024 1024
165 2 423 8 552 16 810 10 1024 1024
166 2 424 8 553 16 811 10 1024 1024
167 2 425 8 554 16 812 10 1024 1024
168 2 426 8 555 16 813 10 1024 1024
169 2 427 8 556 16 814 10 1024 1024
170 2 428 8 557 16 815 10 1024 1024
171 2 429 8 558 16 816 10 1024 1024
172 2 430 8 559 16 817 10 1024 1024
173 2 431 8 560 16 818 10 1024 1024
174 2 432 8 561 16 819 10 1024 1024
175 2 433 8 562 16 820 10 1024 1024
176 2 434 8 563 16 821 10 1024 1024
177 2 435 8 564 16 822 10 1024 1024
178 2 436 8 565 16 823 10 1024 1024
179 2 437 8 566 16 824 10 1024 1024
180 2 438 8 567 16 825 10 1024 1024
181 2 439 8 568 16 826 10 1024 1024
182 2 440 8 569 16 827 10 1024 1024
183 2 441 8 570 16 828 10 1024 1024
184 2 442 8 571 16 829 10 1024 1024
185 2 443 8 572 16 830 10 1024 1024
186 2 444 8 573 16 831 10 1024 1024
187 2 445 8 574 16 832 10 1024 1024
188 2 446 8 575 16 833 10 1024 1024
189 2 447 8 576 16 834 10 1024 1024
190 2 448 8 577 16 835 10 1024 1024
191 2 449 8 578 16 836 10 1024 1024
192 2 450 8 579 16 837 10 1024 1024
193 2 451 8 580 16 838 10 1024 1024
194 2 452 8 581 16 839 10 1024 1024
195 2 453 8 582 16 840 10 1024 1024
196 2 454 8 583 16 841 10 1024 1024
197 2 455 8 584 16 842 10 1024 1024
198 2 456 8 585 16 843 10 1024 1024
199 2 457 8 586 16 844 10 1024 1024
200 2 458 8 587 16 845 10 1024 1024
201 2 459 8 588 16 846 10 1024 1024
202 2 460 8 589 16 847 10 1024 1024
203 2 461 8 590 16 848 10 1024 1024
204 2 462 8 591 16 849 10 1024 1024
205 2 463 8 592 16 850 10 1024 1024
206 2 464 8 593 16 851 10 1024 1024
207 2 465 8 594 16 852 10 1024 1024
208 2 466 8 595 16 853 10 1024 1024
209 2 467 8 596 16 854 10 1024 1024
210 2 468 8 597 16 855 10 1024 1024
211 2 469 8 598 16 856 10 1024 1024
212 2 470 8 599 16 857 10 1024 1024
213 2 471 8 600 16 858 10 1024 1024
214 2 472 8 601 16 859 10 1024 1024
215 2 473 8 602 16 860 10 1024 1024
216 2 474 8 603 16 861 10 1024 1024
217 2 475 8 604 16 862 10 1024 1024
218 2 476 8 605 16 863 10 1024 1024
219 2 477 8 606 16 864 10 1024 1024
220 2 478 8 607 16 865 10 1024 1024
221 2 479 8 608 16 866 10 1024 1024
222 2 480 8 609 16 867 10 1024 1024
223 2 481 8 610 16 868 10 1024 1024
224 2 482 8 611 16 869 10 1024 1024
225 2 483 8 612 16 870 10 1024 1024
226 2 484 8 613 16 871 10 1024 1024
227 2 485 8 614 16 872 10 1024 1024
228 2 486 8 615 16 873 10 1024 1024
229 2 487 8 616 16 874 10 1024 1024
230 2 488 8 617 16 875 10 1024 1024
231 2 489 8 618 16 876 10 1024 1024
232 2 490 8 619 16 877 10 1024 1024
233 2 491 8 620 16 878 10 1024 1024
234 2 492 8 621 16 879 10 1024 1024
235 2 493 8 622 16 880 10 1024 1024
236 2 494 8 623 16 881 10 1024 1024
237 2 495 8 624 16 882 10 1024 1024
238 2 496 8 625 16 883 10 1024 1024
239 2 497 8 626 16 884 10 1024 1024
240 2 498 8 627 16 885 10 1024 1024
241 2 499 8 628 16 886 10 1024 1024
242 2 500 8 629 16 887 10 1024 1024
243 2 501 8 630 16 888 10 1024 1024
244 2 502 8 631 16 889 10 1024 1024
245 2 503 8 632 16 890 10 1024 1024
246 2 504 8 633 16 891 10 1024 1024
247 2 505 8 634 16 892 10 1024 1024
248 2 506 8 635 16 893 10 1024 1024
249 2 507 8 636 16 894 10 1024 1024
250 2 508 8 637 16 895 10 1024 1024
251 2 509 8 638 16 768 10 1024 1024
252 2 510 8 639 16 769 10 1024 1024
253 2 511 8 512 16 770 10 1024 1024
254 2 384 8 513 16 771 10 1024 1024
255 2 385 8 514 16 772 10 1024 1024
128 2 386 8 515 16 773 10 1024 1024
0 1 260 16 520 13 910 29 1024 1024
1 1 261 16 521 13 911 29 1024 1024
2 1 262 16 522 13 912 29 1024 1024
3 1 263 16 523 13 913 29 1024 1024
4 1 264 16 524 13 914 29 1024 1024
5 1 265 16 525 13 915 29 1024 1024
6 1 266 16 526 13 916 29 1024 1024
7 1 267 16 527 13 917 29 1024 1024
8 1 268 16 528 13 918 29 1024 1024
9 1 269 16 529 13 919 29 1024 1024
10 1 270 16 530 13 920 29 1024 1024
11 1 271 16 531 13 921 29 1024 1024
12 1 272 16 532 13 922 29 1024 1024
13 1 273 16 533 13 923 29 1024 1024
14 1 274 16 534 13 924 29 1024 1024
15 1 275 16 535 13 925 29 1024 1024
16 1 276 16 536 13 926 29 1024 1024
17 1 277 16 537 13 927 29 1024 1024
18 1 278 16 538 13 928 29 1024 1024
19 1 279 16 539 13 929 29 1024 1024
20 1 280 16 540 13 930 29 1024 1024
21 1 281 16 541 13 931 29 1024 1024
22 1 282 16 542 13 932 29 1024 1024
23 1 283 16 543 13 933 29 1024 1024
24 1 284 16 544 13 934 29 1024 1024
25 1 285 16 545 13 935 29 1024 1024
26 1 286 16 546 13 936 29 1024 1024
27 1 287 16 547 13 937 29 1024 1024
28 1 288 16 548 13 938 29 1024 1024
29 1 289 16 549 13 939 29 1024 1024
30 1 290 16 550 13 940 29 1024 1024
31 1 291 16 551 13 941 29 1024 1024
32 1 292 16 552 13 942 29 1024 1024
33 1 293 16 553 13 943 29 1024 1024
34 1 294 16 554 13 944 29 1024 1024
35 1 295 16 555 13 945 29 1024 1024
36 1 296 16 556 13 946 29 1024 1024
37 1 297 16 557 13 947 29 1024 1024
38 1 298 16 558 13 948 29 1024 1024
39 1 299 16 559 13 949 29 1024 1024
40 1 300 16 560 13 950 29 1024 1024
41 1 301 16 561 13 951 29 1024 1024
42 1 302 16 562 13 952 29 1024 1024
43 1 303 16 563 13 953 29 1024 1024
44 1 304 16 564 13 954 29 1024 1024
45 1 305 16 565 13 955 29 1024 1024
46 1 306 16 566 13 956 29 1024 1024
47 1 307 16 567 13 957 29 1024 1024
48 1 308 16 568 13 958 29 1024 1024
49 1 309 16 569 13 959 29 1024 1024
50 1 310 16 570 13 960 29 1024 1024
51 1 311 16 571 13 961 29 1024 1024
52 1 312 16 572 13 962 29 1024 1024
53 1 313 16 573 13 963 29 1024 1024
54 1 314 16 574 13 964 29 1024 1024
55 1 315 16 575 13 965 29 1024 1024
56 1 316 16 576 13 966 29 1024 1024
57 1 317 16 577 13 967 29 1024 1024
58 1 318 16 578 13 968 29 1024 1024
59 1 319 16 579 13 969 29 1024 1024
60 1 320 16 580 13 970 29 1024 1024
61 1 321 16 581 13 971 29 1024 1024
62 1 322 16 582 13 972 29 1024 1024
63 1 323 16 583 13 973 29 1024 1024
64 1 324 16 584 13 974 29 1024 1024
65 1 325 16 585 13 975 29 1024 1024
66 1 326 16 586 13 976 29 1024 1024
67 1 327 16 587 13 977 29 1024 1024
68 1 328 16 588 13 978 29 1024 1024
69 1 329 16 589 13 979 29 1024 1024
70 1 330 16 590 13 980 29 1024 1024
71 1 331 16 591 13 981 29 1024 1024
72 1 332 16 592 13 982 29 1024 1024
73 1 333 16 593 13 983 29 1024 1024
74 1 334 16 594 13 984 29 1024 1024
75 1 335 16 595 13 985 29 1024 1024
76 1 336 16 596 13 986 29 1024 1024
77 1 337 16 597 13 987 29 1024 1024
78 1 338 16 598 13 988 29 1024 1024
79 1 339 16 599 13 989 29 1024 1024
80 1 340 16 600 13 990 29 1024 1024
81 1 341 16 601 13 991 29 1024 1024
82 1 342 16 602 13 992 29 1024 1024
83 1 343 16 603 13 993 29 1024 1024
84 1 344 16 604 13 994 29 1024 1024
85 1 345 16 605 13 995 29 1024 1024
86 1 346 16 606 13 996 29 1024 1024
87 1 347 16 607 13 997 29 1024 1024
88 1 348 16 608 13 998 29 1024 1024
89 1 349 16 609 13 999 29 1024 1024
90 1 350 16 610 13 1000 29 1024 1024
91 1 351 16 611 13 1001 29 1024 1024
92 1 352 16 612 13 1002 29 1024 1024
93 1 353 16 613 13 1003 29 1024 1024
94 1 354 16 614 13 1004 29 1024 1024
95 1 355 16 615 13 1005 29 1024 1024
96 1 356 16 616 13 1006 29 1024 1024
97 1 357 16 617 13 1007 29 1024 1024
98 1 358 16 618 13 1008 29 1024 1024
99 1 359 16 619 13 1009 29 1024 1024
100 1 360 16 620 13 1010 29 1024 1024
101 1 361 16 621 13 1011 29 1024 1024
102 1 362 16 622 13 1012 29 1024 1024
103 1 363 16 623 13 1013 29 1024 1024
104 1 364 16 624 13 1014 29 1024 1024
105 1 365 16 625 13 1015 29 1024 1024
106 1 366 16 626 13 1016 29 1024 1024
107 1 367 16 627 13 1017 29 1024 1024
108 1 368 16 628 13 1018 29 1024 1024
109 1 369 16 629 13 1019 29 1024 1024
110 1 370 16 630 13 1020 29 1024 1024
111 1 371 16 631 13 1021 29 1024 1024
112 1 372 16 632 13 1022 29 1024 1024
113 1 373 16 633 13 1023 29 1024 1024
114 1 374 16 634 13 896 29 1024 1024
115 1 375 16 635 13 897 29 1024 1024
116 1 376 16 636 13 898 29 1024 1024
117 1 377 16 637 13 899 29 1024 1024
118 1 378 16 638 13 900 29 1024 1024
119 1 379 16 639 13 901 29 1024 1024
120 1 380 16 512 13 902 29 1024 1024
121 1 381 16 513 13 903 29 1024 1024
122 1 382 16 514 13 904 29 1024 1024
123 1 383 16 515 13 905 29 1024 1024
124 1 256 16 516 13 906 29 1024 1024
125 1 257 16 517 13 907 29 1024 1024
126 1 258 16 518 13 908 29 1024 1024
127 1 259 16 519 13 909 29 1024 1024
0 1 131 8 393 26 655 31 786 3 1024 1024
1 1 132 8 394 26 656 31 787 3 1024 1024
2 1 133 8 395 26 657 31 788 3 1024 1024
3 1 134 8 396 26 658 31 789 3 1024 1024
4 1 135 8 397 26 659 31 790 3 1024 1024
5 1 136 8 398 26 660 31 791 3 1024 1024
6 1 137 8 399 26 661 31 792 3 1024 1024
7 1 138 8 400 26 662 31 793 3 1024 1024
8 1 139 8 401 26 663 31 794 3 1024 1024
9 1 140 8 402 26 664 31 795 3 1024 1024
10 1 141 8 403 26 665 31 796 3 1024 1024
11 1 142 8 404 26 666 31 797 3 1024 1024
12 1 143 8 405 26 667 31 798 3 1024 1024
13 1 144 8 406 26 668 31 799 3 1024 1024
14 1 145 8 407 26 669 31 800 3 1024 1024
15 1 146 8 408 26 670 31 801 3 1024 1024
16 1 147 8 409 26 671 31 802 3 1024 1024
17 1 148 8 410 26 672 31 803 3 1024 1024
18 1 149 8 411 26 673 31 804 3 1024 1024
19 1 150 8 412 26 674 31 805 3 1024 1024
20 1 151 8 413 26 675 31 806 3 1024 1024
21 1 152 8 414 26 676 31 807 3 1024 1024
22 1 153 8 415 26 677 31 808 3 1024 1024
23 1 154 8 416 26 678 31 809 3 1024 1024
24 1 155 8 417 26 679 31 810 3 1024 1024
25 1 156 8 418 26 680 31 811 3 1024 1024
26 1 157 8 419 26 681 31 812 3 1024 1024
27 1 158 8 420 26 682 31 813 3 1024 1024
28 1 159 8 421 26 683 31 814 3 1024 1024
29 1 160 8 422 26 684 31 815 3 1024 1024
30 1 161 8 423 26 685 31 816 3 1024 1024
31 1 162 8 424 26 686 31 817 3 1024 1024
32 1 163 8 425 26 687 31 818 3 1024 1024
33 1 164 8 426 26 688 31 819 3 1024 1024
34 1 165 8 427 26 689 31 820 3 1024 1024
35 1 166 8 428 26 690 31 821 3 1024 1024
36 1 167 8 429 26 691 31 822 3 1024 1024
37 1 168 8 430 26 692 31 823 3 1024 1024
38 1 169 8 431 26 693 31 824 3 1024 1024
39 1 170 8 432 26 694 31 825 3 1024 1024
40 1 171 8 433 26 695 31 826 3 1024 1024
41 1 172 8 434 26 696 31 827 3 1024 1024
42 1 173 8 435 26 697 31 828 3 1024 1024
43 1 174 8 436 26 698 31 829 3 1024 1024
44 1 175 8 437 26 699 31 830 3 1024 1024
45 1 176 8 438 26 700 31 831 3 1024 1024
46 1 177 8 439 26 701 31 832 3 1024 1024
47 1 178 8 440 26 702 31 833 3 1024 1024
48 1 179 8 441 26 703 31 834 3 1024 1024
49 1 180 8 442 26 704 31 835 3 1024 1024
50 1 181 8 443 26 705 31 836 3 1024 1024
51 1 182 8 444 26 706 31 837 3 1024 1024
52 1 183 8 445 26 707 31 838 3 1024 1024
53 1 184 8 446 26 708 31 839 3 1024 1024
54 1 185 8 447 26 709 31 840 3 1024 1024
55 1 186 8 448 26 710 31 841 3 1024 1024
56 1 187 8 449 26 711 31 842 3 1024 1024
57 1 188 8 450 26 712 31 843 3 1024 1024
58 1 189 8 451 26 713 31 844 3 1024 1024
59 1 190 8 452 26 714 31 845 3 1024 1024
60 1 191 8 453 26 715 31 846 3 1024 1024
61 1 192 8 454 26 716 31 847 3 1024 1024
62 1 193 8 455 26 717 31 848 3 1024 1024
63 1 194 8 456 26 718 31 849 3 1024 1024
64 1 195 8 457 26 719 31 850 3 1024 1024
65 1 196 8 458 26 720 31 851 3 1024 1024
66 1 197 8 459 26 721 31 852 3 1024 1024
67 1 198 8 460 26 722 31 853 3 1024 1024
68 1 199 8 461 26 723 31 854 3 1024 1024
69 1 200 8 462 26 724 31 855 3 1024 1024
70 1 201 8 463 26 725 31 856 3 1024 1024
71 1 202 8 464 26 726 31 857 3 1024 1024
72 1 203 8 465 26 727 31 858 3 1024 1024
73 1 204 8 466 26 728 31 859 3 1024 1024
74 1 205 8 467 26 729 31 860 3 1024 1024
75 1 206 8 468 26 730 31 861 3 1024 1024
76 1 207 8 469 26 731 31 862 3 1024 1024
77 1 208 8 470 26 732 31 863 3 1024 1024
78 1 209 8 471 26 733 31 864 3 1024 1024
79 1 210 8 472 26 734 31 865 3 1024 1024
80 1 211 8 473 26 735 31 866 3 1024 1024
81 1 212 8 474 26 736 31 867 3 1024 1024
82 1 213 8 475 26 737 31 868 3 1024 1024
83 1 214 8 476 26 738 31 869 3 1024 1024
84 1 215 8 477 26 739 31 870 3 1024 1024
85 1 216 8 478 26 740 31 871 3 1024 1024
86 1 217 8 479 26 741 31 872 3 1024 1024
87 1 218 8 480 26 742 31 873 3 1024 1024
88 1 219 8 481 26 743 31 874 3 1024 1024
89 1 220 8 482 26 744 31 875 3 1024 1024
90 1 221 8 483 26 745 31 876 3 1024 1024
91 1 222 8 484 26 746 31 877 3 1024 1024
92 1 223 8 485 26 747 31 878 3 1024 1024
93 1 224 8 486 26 748 31 879 3 1024 1024
94 1 225 8 487 26 749 31 880 3 1024 1024
95 1 226 8 488 26 750 31 881 3 1024 1024
96 1 227 8 489 26 751 31 882 3 1024 1024
97 1 228 8 490 26 752 31 883 3 1024 1024
98 1 229 8 491 26 753 31 884 3 1024 1024
99 1 230 8 492 26 754 31 885 3 1024 1024
100 1 231 8 493 26 755 31 886 3 1024 1024
101 1 232 8 494 26 756 31 887 3 1024 1024
102 1 233 8 495 26 757 31 888 3 1024 1024
103 1 234 8 496 26 758 31 889 3 1024 1024
104 1 235 8 497 26 759 31 890 3 1024 1024
105 1 236 8 498 26 760 31 891 3 1024 1024
106 1 237 8 499 26 761 31 892 3 1024 1024
107 1 238 8 500 26 762 31 893 3 1024 1024
108 1 239 8 501 26 763 31 894 3 1024 1024
109 1 240 8 502 26 764 31 895 3 1024 1024
110 1 241 8 503 26 765 31 768 3 1024 1024
111 1 242 8 504 26 766 31 769 3 1024 1024
112 1 243 8 505 26 767 31 770 3 1024 1024
113 1 244 8 506 26 640 31 771 3 1024 1024
114 1 245 8 507 26 641 31 772 3 1024 1024
115 1 246 8 508 26 642 31 773 3 1024 1024
116 1 247 8 509 26 643 31 774 3 1024 1024
117 1 248 8 510 26 644 31 775 3 1024 1024
118 1 249 8 511 26 645 31 776 3 1024 1024
119 1 250 8 384 26 646 31 777 3 1024 1024
120 1 251 8 385 26 647 31 778 3 1024 1024
121 1 252 8 386 26 648 31 779 3 1024 1024
122 1 253 8 387 26 649 31 780 3 1024 1024
123 1 254 8 388 26 650 31 781 3 1024 1024
124 1 255 8 389 26 651 31 782 3 1024 1024
125 1 128 8 390 26 652 31 783 3 1024 1024
126 1 129 8 391 26 653 31 784 3 1024 1024
127 1 130 8 392 26 654 31 785 3 1024 1024
264 13 528 27 660 12 924 22 1024 1024
265 13 529 27 661 12 925 22 1024 1024
266 13 530 27 662 12 926 22 1024 1024
267 13 531 27 663 12 927 22 1024 1024
268 13 532 27 664 12 928 22 1024 1024
269 13 533 27 665 12 929 22 1024 1024
270 13 534 27 666 12 930 22 1024 1024
271 13 535 27 667 12 931 22 1024 1024
272 13 536 27 668 12 932 22 1024 1024
273 13 537 27 669 12 933 22 1024 1024
274 13 538 27 670 12 934 22 1024 1024
275 13 539 27 671 12 935 22 1024 1024
276 13 540 27 672 12 936 22 1024 1024
277 13 541 27 673 12 937 22 1024 1024
278 13 542 27 674 12 938 22 1024 1024
279 13 543 27 675 12 939 22 1024 1024
280 13 544 27 676 12 940 22 1024 1024
281 13 545 27 677 12 941 22 1024 1024
282 13 546 27 678 12 942 22 1024 1024
283 13 547 27 679 12 943 22 1024 1024
284 13 548 27 680 12 944 22 1024 1024
285 13 549 27 681 12 945 22 1024 1024
286 13 550 27 682 12 946 22 1024 1024
287 13 551 27 683 12 947 22 1024 1024
288 13 552 27 684 12 948 22 1024 1024
289 13 553 27 685 12 949 22 1024 1024
290 13 554 27 686 12 950 22 1024 1024
291 13 555 27 687 12 951 22 1024 1024
292 13 556 27 688 12 952 22 1024 1024
293 13 557 27 689 12 953 22 1024 1024
294 13 558 27 690 12 954 22 1024 1024
295 13 559 27 691 12 955 22 1024 1024
296 13 560 27 692 12 956 22 1024 1024
297 13 561 27 693 12 957 22 1024 1024
298 13 562 27 694 12 958 22 1024 1024
299 13 563 27 695 12 959 22 1024 1024
300 13 564 27 696 12 960 22 1024 1024
301 13 565 27 697 12 961 22 1024 1024
302 13 566 27 698 12 962 22 1024 1024
303 13 567 27 699 12 963 22 1024 1024
304 13 568 27 700 12 964 22 1024 1024
305 13 569 27 701 12 965 22 1024 1024
306 13 570 27 702 12 966 22 1024 1024
307 13 571 27 703 12 967 22 1024 1024
308 13 572 27 704 12 968 22 1024 1024
309 13 573 27 705 12 969 22 1024 1024
310 13 574 27 706 12 970 22 1024 1024
311 13 575 27 707 12 971 22 1024 1024
312 13 576 27 708 12 972 22 1024 1024
313 13 577 27 709 12 973 22 1024 1024
314 13 578 27 710 12 974 22 1024 1024
315 13 579 27 711 12 975 22 1024 1024
316 13 580 27 712 12 976 22 1024 1024
317 13 581 27 713 12 977 22 1024 1024
318 13 582 27 714 12 978 22 1024 1024
319 13 583 27 715 12 979 22 1024 1024
320 13 584 27 716 12 980 22 1024 1024
321 13 585 27 717 12 981 22 1024 1024
322 13 586 27 718 12 982 22 1024 1024
323 13 587 27 719 12 983 22 1024 1024
324 13 588 27 720 12 984 22 1024 1024
325 13 589 27 721 12 985 22 1024 1024
326 13 590 27 722 12 986 22 1024 1024
327 13 591 27 723 12 987 22 1024 1024
328 13 592 27 724 12 988 22 1024 1024
329 13 593 27 725 12 989 22 1024 1024
330 13 594 27 726 12 990 22 1024 1024
331 13 595 27 727 12 991 22 1024 1024
332 13 596 27 728 12 992 22 1024 1024
333 13 597 27 729 12 993 22 1024 1024
334 13 598 27 730 12 994 22 1024 1024
335 13 599 27 731 12 995 22 1024 1024
336 13 600 27 732 12 996 22 1024 1024
337 13 601 27 733 12 997 22 1024 1024
338 13 602 27 734 12 998 22 1024 1024
339 13 603 27 735 12 999 22 1024 1024
340 13 604 27 736 12 1000 22 1024 1024
341 13 605 27 737 12 1001 22 1024 1024
342 13 606 27 738 12 1002 22 1024 1024
343 13 607 27 739 12 1003 22 1024 1024
344 13 608 27 740 12 1004 22 1024 1024
345 13 609 27 741 12 1005 22 1024 1024
346 13 610 27 742 12 1006 22 1024 1024
347 13 611 27 743 12 1007 22 1024 1024
348 13 612 27 744 12 1008 22 1024 1024
349 13 613 27 745 12 1009 22 1024 1024
350 13 614 27 746 12 1010 22 1024 1024
351 13 615 27 747 12 1011 22 1024 1024
352 13 616 27 748 12 1012 22 1024 1024
353 13 617 27 749 12 1013 22 1024 1024
354 13 618 27 750 12 1014 22 1024 1024
355 13 619 27 751 12 1015 22 1024 1024
356 13 620 27 752 12 1016 22 1024 1024
357 13 621 27 753 12 1017 22 1024 1024
358 13 622 27 754 12 1018 22 1024 1024
359 13 623 27 755 12 1019 22 1024 1024
360 13 624 27 756 12 1020 22 1024 1024
361 13 625 27 757 12 1021 22 1024 1024
362 13 626 27 758 12 1022 22 1024 1024
363 13 627 27 759 12 1023 22 1024 1024
364 13 628 27 760 12 896 22 1024 1024
365 13 629 27 761 12 897 22 1024 1024
366 13 630 27 762 12 898 22 1024 1024
367 13 631 27 763 12 899 22 1024 1024
368 13 632 27 764 12 900 22 1024 1024
369 13 633 27 765 12 901 22 1024 1024
370 13 634 27 766 12 902 22 1024 1024
371 13 635 27 767 12 903 22 1024 1024
372 13 636 27 640 12 904 22 1024 1024
373 13 637 27 641 12 905 22 1024 1024
374 13 638 27 642 12 906 22 1024 1024
375 13 639 27 643 12 907 22 1024 1024
376 13 512 27 644 12 908 22 1024 1024
377 13 513 27 645 12 909 22 1024 1024
378 13 514 27 646 12 910 22 1024 1024
379 13 515 27 647 12 911 22 1024 1024
380 13 516 27 648 12 912 22 1024 1024
381 13 517 27 649 12 913 22 1024 1024
382 13 518 27 650 12 914 22 1024 1024
383 13 519 27 651 12 915 22 1024 1024
256 13 520 27 652 12 916 22 1024 1024
257 13 521 27 653 12 917 22 1024 1024
258 13 522 27 654 12 918 22 1024 1024
259 13 523 27 655 12 919 22 1024 1024
260 13 524 27 656 12 920 22 1024 1024
261 13 525 27 657 12 921 22 1024 1024
262 13 526 27 658 12 922 22 1024 1024
263 13 527 27 659 12 923 22 1024 1024
