448
224
0
0
57 2 171 8 228 3 342 12 448 448
58 2 172 8 229 3 343 12 448 448
59 2 173 8 230 3 344 12 448 448
60 2 174 8 231 3 345 12 448 448
61 2 175 8 232 3 346 12 448 448
62 2 176 8 233 3 347 12 448 448
63 2 177 8 234 3 348 12 448 448
64 2 178 8 235 3 349 12 448 448
65 2 179 8 236 3 350 12 448 448
66 2 180 8 237 3 351 12 448 448
67 2 181 8 238 3 352 12 448 448
68 2 182 8 239 3 353 12 448 448
69 2 183 8 240 3 354 12 448 448
70 2 184 8 241 3 355 12 448 448
71 2 185 8 242 3 356 12 448 448
72 2 186 8 243 3 357 12 448 448
73 2 187 8 244 3 358 12 448 448
74 2 188 8 245 3 359 12 448 448
75 2 189 8 246 3 360 12 448 448
76 2 190 8 247 3 361 12 448 448
77 2 191 8 248 3 362 12 448 448
78 2 192 8 249 3 363 12 448 448
79 2 193 8 250 3 364 12 448 448
80 2 194 8 251 3 365 12 448 448
81 2 195 8 252 3 366 12 448 448
82 2 196 8 253 3 367 12 448 448
83 2 197 8 254 3 368 12 448 448
84 2 198 8 255 3 369 12 448 448
85 2 199 8 256 3 370 12 448 448
86 2 200 8 257 3 371 12 448 448
87 2 201 8 258 3 372 12 448 448
88 2 202 8 259 3 373 12 448 448
89 2 203 8 260 3 374 12 448 448
90 2 204 8 261 3 375 12 448 448
91 2 205 8 262 3 376 12 448 448
92 2 206 8 263 3 377 12 448 448
93 2 207 8 264 3 378 12 448 448
94 2 208 8 265 3 379 12 448 448
95 2 209 8 266 3 380 12 448 448
96 2 210 8 267 3 381 12 448 448
97 2 211 8 268 3 382 12 448 448
98 2 212 8 269 3 383 12 448 448
99 2 213 8 270 3 384 12 448 448
100 2 214 8 271 3 385 12 448 448
101 2 215 8 272 3 386 12 448 448
102 2 216 8 273 3 387 12 448 448
103 2 217 8 274 3 388 12 448 448
104 2 218 8 275 3 389 12 448 448
105 2 219 8 276 3 390 12 448 448
106 2 220 8 277 3 391 12 448 448
107 2 221 8 278 3 336 12 448 448
108 2 222 8 279 3 337 12 448 448
109 2 223 8 224 3 338 12 448 448
110 2 168 8 225 3 339 12 448 448
111 2 169 8 226 3 340 12 448 448
56 2 170 8 227 3 341 12 448 448
0 1 58 4 116 3 232 5 406 9 448 448
1 1 59 4 117 3 233 5 407 9 448 448
2 1 60 4 118 3 234 5 408 9 448 448
3 1 61 4 119 3 235 5 409 9 448 448
4 1 62 4 120 3 236 5 410 9 448 448
5 1 63 4 121 3 237 5 411 9 448 448
6 1 64 4 122 3 238 5 412 9 448 448
7 1 65 4 123 3 239 5 413 9 448 448
8 1 66 4 124 3 240 5 414 9 448 448
9 1 67 4 125 3 241 5 415 9 448 448
10 1 68 4 126 3 242 5 416 9 448 448
11 1 69 4 127 3 243 5 417 9 448 448
12 1 70 4 128 3 244 5 418 9 448 448
13 1 71 4 129 3 245 5 419 9 448 448
14 1 72 4 130 3 246 5 420 9 448 448
15 1 73 4 131 3 247 5 421 9 448 448
16 1 74 4 132 3 248 5 422 9 448 448
17 1 75 4 133 3 249 5 423 9 448 448
18 1 76 4 134 3 250 5 424 9 448 448
19 1 77 4 135 3 251 5 425 9 448 448
20 1 78 4 136 3 252 5 426 9 448 448
21 1 79 4 137 3 253 5 427 9 448 448
22 1 80 4 138 3 254 5 428 9 448 448
23 1 81 4 139 3 255 5 429 9 448 448
24 1 82 4 140 3 256 5 430 9 448 448
25 1 83 4 141 3 257 5 431 9 448 448
26 1 84 4 142 3 258 5 432 9 448 448
27 1 85 4 143 3 259 5 433 9 448 448
28 1 86 4 144 3 260 5 434 9 448 448
29 1 87 4 145 3 261 5 435 9 448 448
30 1 88 4 146 3 262 5 436 9 448 448
31 1 89 4 147 3 263 5 437 9 448 448
32 1 90 4 148 3 264 5 438 9 448 448
33 1 91 4 149 3 265 5 439 9 448 448
34 1 92 4 150 3 266 5 440 9 448 448
35 1 93 4 151 3 267 5 441 9 448 448
36 1 94 4 152 3 268 5 442 9 448 448
37 1 95 4 153 3 269 5 443 9 448 448
38 1 96 4 154 3 270 5 444 9 448 448
39 1 97 4 155 3 271 5 445 9 448 448
40 1 98 4 156 3 272 5 446 9 448 448
41 1 99 4 157 3 273 5 447 9 448 448
42 1 100 4 158 3 274 5 392 9 448 448
43 1 101 4 159 3 275 5 393 9 448 448
44 1 102 4 160 3 276 5 394 9 448 448
45 1 103 4 161 3 277 5 395 9 448 448
46 1 104 4 162 3 278 5 396 9 448 448
47 1 105 4 163 3 279 5 397 9 448 448
48 1 106 4 164 3 224 5 398 9 448 448
49 1 107 4 165 3 225 5 399 9 448 448
50 1 108 4 166 3 226 5 400 9 448 448
51 1 109 4 167 3 227 5 401 9 448 448
52 1 110 4 112 3 228 5 402 9 448 448
53 1 111 4 113 3 229 5 403 9 448 448
54 1 56 4 114 3 230 5 404 9 448 448
55 1 57 4 115 3 231 5 405 9 448 448
0 1 59 8 118 12 177 10 295 1 354 8 448 448
1 1 60 8 119 12 178 10 296 1 355 8 448 448
2 1 61 8 120 12 179 10 297 1 356 8 448 448
3 1 62 8 121 12 180 10 298 1 357 8 448 448
4 1 63 8 122 12 181 10 299 1 358 8 448 448
5 1 64 8 123 12 182 10 300 1 359 8 448 448
6 1 65 8 124 12 183 10 301 1 360 8 448 448
7 1 66 8 125 12 184 10 302 1 361 8 448 448
8 1 67 8 126 12 185 10 303 1 362 8 448 448
9 1 68 8 127 12 186 10 304 1 363 8 448 448
10 1 69 8 128 12 187 10 305 1 364 8 448 448
11 1 70 8 129 12 188 10 306 1 365 8 448 448
12 1 71 8 130 12 189 10 307 1 366 8 448 448
13 1 72 8 131 12 190 10 308 1 367 8 448 448
14 1 73 8 132 12 191 10 309 1 368 8 448 448
15 1 74 8 133 12 192 10 310 1 369 8 448 448
16 1 75 8 134 12 193 10 311 1 370 8 448 448
17 1 76 8 135 12 194 10 312 1 371 8 448 448
18 1 77 8 136 12 195 10 313 1 372 8 448 448
19 1 78 8 137 12 196 10 314 1 373 8 448 448
20 1 79 8 138 12 197 10 315 1 374 8 448 448
21 1 80 8 139 12 198 10 316 1 375 8 448 448
22 1 81 8 140 12 199 10 317 1 376 8 448 448
23 1 82 8 141 12 200 10 318 1 377 8 448 448
24 1 83 8 142 12 201 10 319 1 378 8 448 448
25 1 84 8 143 12 202 10 320 1 379 8 448 448
26 1 85 8 144 12 203 10 321 1 380 8 448 448
27 1 86 8 145 12 204 10 322 1 381 8 448 448
28 1 87 8 146 12 205 10 323 1 382 8 448 448
29 1 88 8 147 12 206 10 324 1 383 8 448 448
30 1 89 8 148 12 207 10 325 1 384 8 448 448
31 1 90 8 149 12 208 10 326 1 385 8 448 448
32 1 91 8 150 12 209 10 327 1 386 8 448 448
33 1 92 8 151 12 210 10 328 1 387 8 448 448
34 1 93 8 152 12 211 10 329 1 388 8 448 448
35 1 94 8 153 12 212 10 330 1 389 8 448 448
36 1 95 8 154 12 213 10 331 1 390 8 448 448
37 1 96 8 155 12 214 10 332 1 391 8 448 448
38 1 97 8 156 12 215 10 333 1 336 8 448 448
39 1 98 8 157 12 216 10 334 1 337 8 448 448
40 1 99 8 158 12 217 10 335 1 338 8 448 448
41 1 100 8 159 12 218 10 280 1 339 8 448 448
42 1 101 8 160 12 219 10 281 1 340 8 448 448
43 1 102 8 161 12 220 10 282 1 341 8 448 448
44 1 103 8 162 12 221 10 283 1 342 8 448 448
45 1 104 8 163 12 222 10 284 1 343 8 448 448
46 1 105 8 164 12 223 10 285 1 344 8 448 448
47 1 106 8 165 12 168 10 286 1 345 8 448 448
48 1 107 8 166 12 169 10 287 1 346 8 448 448
49 1 108 8 167 12 170 10 288 1 347 8 448 448
50 1 109 8 112 12 171 10 289 1 348 8 448 448
51 1 110 8 113 12 172 10 290 1 349 8 448 448
52 1 111 8 114 12 173 10 291 1 350 8 448 448
53 1 56 8 115 12 174 10 292 1 351 8 448 448
54 1 57 8 116 12 175 10 293 1 352 8 448 448
55 1 58 8 117 12 176 10 294 1 353 8 448 448
120 5 240 2 300 6 420 13 448 448
121 5 241 2 301 6 421 13 448 448
122 5 242 2 302 6 422 13 448 448
123 5 243 2 303 6 423 13 448 448
124 5 244 2 304 6 424 13 448 448
125 5 245 2 305 6 425 13 448 448
126 5 246 2 306 6 426 13 448 448
127 5 247 2 307 6 427 13 448 448
128 5 248 2 308 6 428 13 448 448
129 5 249 2 309 6 429 13 448 448
130 5 250 2 310 6 430 13 448 448
131 5 251 2 311 6 431 13 448 448
132 5 252 2 312 6 432 13 448 448
133 5 253 2 313 6 433 13 448 448
134 5 254 2 314 6 434 13 448 448
135 5 255 2 315 6 435 13 448 448
136 5 256 2 316 6 436 13 448 448
137 5 257 2 317 6 437 13 448 448
138 5 258 2 318 6 438 13 448 448
139 5 259 2 319 6 439 13 448 448
140 5 260 2 320 6 440 13 448 448
141 5 261 2 321 6 441 13 448 448
142 5 262 2 322 6 442 13 448 448
143 5 263 2 323 6 443 13 448 448
144 5 264 2 324 6 444 13 448 448
145 5 265 2 325 6 445 13 448 448
146 5 266 2 326 6 446 13 448 448
147 5 267 2 327 6 447 13 448 448
148 5 268 2 328 6 392 13 448 448
149 5 269 2 329 6 393 13 448 448
150 5 270 2 330 6 394 13 448 448
151 5 271 2 331 6 395 13 448 448
152 5 272 2 332 6 396 13 448 448
153 5 273 2 333 6 397 13 448 448
154 5 274 2 334 6 398 13 448 448
155 5 275 2 335 6 399 13 448 448
156 5 276 2 280 6 400 13 448 448
157 5 277 2 281 6 401 13 448 448
158 5 278 2 282 6 402 13 448 448
159 5 279 2 283 6 403 13 448 448
160 5 224 2 284 6 404 13 448 448
161 5 225 2 285 6 405 13 448 448
162 5 226 2 286 6 406 13 448 448
163 5 227 2 287 6 407 13 448 448
164 5 228 2 288 6 408 13 448 448
165 5 229 2 289 6 409 13 448 448
166 5 230 2 290 6 410 13 448 448
167 5 231 2 291 6 411 13 448 448
112 5 232 2 292 6 412 13 448 448
113 5 233 2 293 6 413 13 448 448
114 5 234 2 294 6 414 13 448 448
115 5 235 2 295 6 415 13 448 448
116 5 236 2 296 6 416 13 448 448
117 5 237 2 297 6 417 13 448 448
118 5 238 2 298 6 418 13 448 448
119 5 239 2 299 6 419 13 448 448
