512
256
0
0
0 1 65 2 130 4 195 8 260 3 325 6 390 12 455 11 512 512
1 1 66 2 131 4 196 8 261 3 326 6 391 12 456 11 512 512
2 1 67 2 132 4 197 8 262 3 327 6 392 12 457 11 512 512
3 1 68 2 133 4 198 8 263 3 328 6 393 12 458 11 512 512
4 1 69 2 134 4 199 8 264 3 329 6 394 12 459 11 512 512
5 1 70 2 135 4 200 8 265 3 330 6 395 12 460 11 512 512
6 1 71 2 136 4 201 8 266 3 331 6 396 12 461 11 512 512
7 1 72 2 137 4 202 8 267 3 332 6 397 12 462 11 512 512
8 1 73 2 138 4 203 8 268 3 333 6 398 12 463 11 512 512
9 1 74 2 139 4 204 8 269 3 334 6 399 12 464 11 512 512
10 1 75 2 140 4 205 8 270 3 335 6 400 12 465 11 512 512
11 1 76 2 141 4 206 8 271 3 336 6 401 12 466 11 512 512
12 1 77 2 142 4 207 8 272 3 337 6 402 12 467 11 512 512
13 1 78 2 143 4 208 8 273 3 338 6 403 12 468 11 512 512
14 1 79 2 144 4 209 8 274 3 339 6 404 12 469 11 512 512
15 1 80 2 145 4 210 8 275 3 340 6 405 12 470 11 512 512
16 1 81 2 146 4 211 8 276 3 341 6 406 12 471 11 512 512
17 1 82 2 147 4 212 8 277 3 342 6 407 12 472 11 512 512
18 1 83 2 148 4 213 8 278 3 343 6 408 12 473 11 512 512
19 1 84 2 149 4 214 8 279 3 344 6 409 12 474 11 512 512
20 1 85 2 150 4 215 8 280 3 345 6 410 12 475 11 512 512
21 1 86 2 151 4 216 8 281 3 346 6 411 12 476 11 512 512
22 1 87 2 152 4 217 8 282 3 347 6 412 12 477 11 512 512
23 1 88 2 153 4 218 8 283 3 348 6 413 12 478 11 512 512
24 1 89 2 154 4 219 8 284 3 349 6 414 12 479 11 512 512
25 1 90 2 155 4 220 8 285 3 350 6 415 12 480 11 512 512
26 1 91 2 156 4 221 8 286 3 351 6 416 12 481 11 512 512
27 1 92 2 157 4 222 8 287 3 352 6 417 12 482 11 512 512
28 1 93 2 158 4 223 8 288 3 353 6 418 12 483 11 512 512
29 1 94 2 159 4 224 8 289 3 354 6 419 12 484 11 512 512
30 1 95 2 160 4 225 8 290 3 355 6 420 12 485 11 512 512
31 1 96 2 161 4 226 8 291 3 356 6 421 12 486 11 512 512
32 1 97 2 162 4 227 8 292 3 357 6 422 12 487 11 512 512
33 1 98 2 163 4 228 8 293 3 358 6 423 12 488 11 512 512
34 1 99 2 164 4 229 8 294 3 359 6 424 12 489 11 512 512
35 1 100 2 165 4 230 8 295 3 360 6 425 12 490 11 512 512
36 1 101 2 166 4 231 8 296 3 361 6 426 12 491 11 512 512
37 1 102 2 167 4 232 8 297 3 362 6 427 12 492 11 512 512
38 1 103 2 168 4 233 8 298 3 363 6 428 12 493 11 512 512
39 1 104 2 169 4 234 8 299 3 364 6 429 12 494 11 512 512
40 1 105 2 170 4 235 8 300 3 365 6 430 12 495 11 512 512
41 1 106 2 171 4 236 8 301 3 366 6 431 12 496 11 512 512
42 1 107 2 172 4 237 8 302 3 367 6 432 12 497 11 512 512
43 1 108 2 173 4 238 8 303 3 368 6 433 12 498 11 512 512
44 1 109 2 174 4 239 8 304 3 369 6 434 12 499 11 512 512
45 1 110 2 175 4 240 8 305 3 370 6 435 12 500 11 512 512
46 1 111 2 176 4 241 8 306 3 371 6 436 12 501 11 512 512
47 1 112 2 177 4 242 8 307 3 372 6 437 12 502 11 512 512
48 1 113 2 178 4 243 8 308 3 373 6 438 12 503 11 512 512
49 1 114 2 179 4 244 8 309 3 374 6 439 12 504 11 512 512
50 1 115 2 180 4 245 8 310 3 375 6 440 12 505 11 512 512
51 1 116 2 181 4 246 8 311 3 376 6 441 12 506 11 512 512
52 1 117 2 182 4 247 8 312 3 377 6 442 12 507 11 512 512
53 1 118 2 183 4 248 8 313 3 378 6 443 12 508 11 512 512
54 1 119 2 184 4 249 8 314 3 379 6 444 12 509 11 512 512
55 1 120 2 185 4 250 8 315 3 380 6 445 12 510 11 512 512
56 1 121 2 186 4 251 8 316 3 381 6 446 12 511 11 512 512
57 1 122 2 187 4 252 8 317 3 382 6 447 12 448 11 512 512
58 1 123 2 188 4 253 8 318 3 383 6 384 12 449 11 512 512
59 1 124 2 189 4 254 8 319 3 320 6 385 12 450 11 512 512
60 1 125 2 190 4 255 8 256 3 321 6 386 12 451 11 512 512
61 1 126 2 191 4 192 8 257 3 322 6 387 12 452 11 512 512
62 1 127 2 128 4 193 8 258 3 323 6 388 12 453 11 512 512
63 1 64 2 129 4 194 8 259 3 324 6 389 12 454 11 512 512
0 1 66 4 132 3 198 12 264 5 330 7 396 15 462 9 512 512
1 1 67 4 133 3 199 12 265 5 331 7 397 15 463 9 512 512
2 1 68 4 134 3 200 12 266 5 332 7 398 15 464 9 512 512
3 1 69 4 135 3 201 12 267 5 333 7 399 15 465 9 512 512
4 1 70 4 136 3 202 12 268 5 334 7 400 15 466 9 512 512
5 1 71 4 137 3 203 12 269 5 335 7 401 15 467 9 512 512
6 1 72 4 138 3 204 12 270 5 336 7 402 15 468 9 512 512
7 1 73 4 139 3 205 12 271 5 337 7 403 15 469 9 512 512
8 1 74 4 140 3 206 12 272 5 338 7 404 15 470 9 512 512
9 1 75 4 141 3 207 12 273 5 339 7 405 15 471 9 512 512
10 1 76 4 142 3 208 12 274 5 340 7 406 15 472 9 512 512
11 1 77 4 143 3 209 12 275 5 341 7 407 15 473 9 512 512
12 1 78 4 144 3 210 12 276 5 342 7 408 15 474 9 512 512
13 1 79 4 145 3 211 12 277 5 343 7 409 15 475 9 512 512
14 1 80 4 146 3 212 12 278 5 344 7 410 15 476 9 512 512
15 1 81 4 147 3 213 12 279 5 345 7 411 15 477 9 512 512
16 1 82 4 148 3 214 12 280 5 346 7 412 15 478 9 512 512
17 1 83 4 149 3 215 12 281 5 347 7 413 15 479 9 512 512
18 1 84 4 150 3 216 12 282 5 348 7 414 15 480 9 512 512
19 1 85 4 151 3 217 12 283 5 349 7 415 15 481 9 512 512
20 1 86 4 152 3 218 12 284 5 350 7 416 15 482 9 512 512
21 1 87 4 153 3 219 12 285 5 351 7 417 15 483 9 512 512
22 1 88 4 154 3 220 12 286 5 352 7 418 15 484 9 512 512
23 1 89 4 155 3 221 12 287 5 353 7 419 15 485 9 512 512
24 1 90 4 156 3 222 12 288 5 354 7 420 15 486 9 512 512
25 1 91 4 157 3 223 12 289 5 355 7 421 15 487 9 512 512
26 1 92 4 158 3 224 12 290 5 356 7 422 15 488 9 512 512
27 1 93 4 159 3 225 12 291 5 357 7 423 15 489 9 512 512
28 1 94 4 160 3 226 12 292 5 358 7 424 15 490 9 512 512
29 1 95 4 161 3 227 12 293 5 359 7 425 15 491 9 512 512
30 1 96 4 162 3 228 12 294 5 360 7 426 15 492 9 512 512
31 1 97 4 163 3 229 12 295 5 361 7 427 15 493 9 512 512
32 1 98 4 164 3 230 12 296 5 362 7 428 15 494 9 512 512
33 1 99 4 165 3 231 12 297 5 363 7 429 15 495 9 512 512
34 1 100 4 166 3 232 12 298 5 364 7 430 15 496 9 512 512
35 1 101 4 167 3 233 12 299 5 365 7 431 15 497 9 512 512
36 1 102 4 168 3 234 12 300 5 366 7 432 15 498 9 512 512
37 1 103 4 169 3 235 12 301 5 367 7 433 15 499 9 512 512
38 1 104 4 170 3 236 12 302 5 368 7 434 15 500 9 512 512
39 1 105 4 171 3 237 12 303 5 369 7 435 15 501 9 512 512
40 1 106 4 172 3 238 12 304 5 370 7 436 15 502 9 512 512
41 1 107 4 173 3 239 12 305 5 371 7 437 15 503 9 512 512
42 1 108 4 174 3 240 12 306 5 372 7 438 15 504 9 512 512
43 1 109 4 175 3 241 12 307 5 373 7 439 15 505 9 512 512
44 1 110 4 176 3 242 12 308 5 374 7 440 15 506 9 512 512
45 1 111 4 177 3 243 12 309 5 375 7 441 15 507 9 512 512
46 1 112 4 178 3 244 12 310 5 376 7 442 15 508 9 512 512
47 1 113 4 179 3 245 12 311 5 377 7 443 15 509 9 512 512
48 1 114 4 180 3 246 12 312 5 378 7 444 15 510 9 512 512
49 1 115 4 181 3 247 12 313 5 379 7 445 15 511 9 512 512
50 1 116 4 182 3 248 12 314 5 380 7 446 15 448 9 512 512
51 1 117 4 183 3 249 12 315 5 381 7 447 15 449 9 512 512
52 1 118 4 184 3 250 12 316 5 382 7 384 15 450 9 512 512
53 1 119 4 185 3 251 12 317 5 383 7 385 15 451 9 512 512
54 1 120 4 186 3 252 12 318 5 320 7 386 15 452 9 512 512
55 1 121 4 187 3 253 12 319 5 321 7 387 15 453 9 512 512
56 1 122 4 188 3 254 12 256 5 322 7 388 15 454 9 512 512
57 1 123 4 189 3 255 12 257 5 323 7 389 15 455 9 512 512
58 1 124 4 190 3 192 12 258 5 324 7 390 15 456 9 512 512
59 1 125 4 191 3 193 12 259 5 325 7 391 15 457 9 512 512
60 1 126 4 128 3 194 12 260 5 326 7 392 15 458 9 512 512
61 1 127 4 129 3 195 12 261 5 327 7 393 15 459 9 512 512
62 1 64 4 130 3 196 12 262 5 328 7 394 15 460 9 512 512
63 1 65 4 131 3 197 12 263 5 329 7 395 15 461 9 512 512
0 1 67 8 134 12 201 10 268 15 335 1 402 8 469 12 512 512
1 1 68 8 135 12 202 10 269 15 336 1 403 8 470 12 512 512
2 1 69 8 136 12 203 10 270 15 337 1 404 8 471 12 512 512
3 1 70 8 137 12 204 10 271 15 338 1 405 8 472 12 512 512
4 1 71 8 138 12 205 10 272 15 339 1 406 8 473 12 512 512
5 1 72 8 139 12 206 10 273 15 340 1 407 8 474 12 512 512
6 1 73 8 140 12 207 10 274 15 341 1 408 8 475 12 512 512
7 1 74 8 141 12 208 10 275 15 342 1 409 8 476 12 512 512
8 1 75 8 142 12 209 10 276 15 343 1 410 8 477 12 512 512
9 1 76 8 143 12 210 10 277 15 344 1 411 8 478 12 512 512
10 1 77 8 144 12 211 10 278 15 345 1 412 8 479 12 512 512
11 1 78 8 145 12 212 10 279 15 346 1 413 8 480 12 512 512
12 1 79 8 146 12 213 10 280 15 347 1 414 8 481 12 512 512
13 1 80 8 147 12 214 10 281 15 348 1 415 8 482 12 512 512
14 1 81 8 148 12 215 10 282 15 349 1 416 8 483 12 512 512
15 1 82 8 149 12 216 10 283 15 350 1 417 8 484 12 512 512
16 1 83 8 150 12 217 10 284 15 351 1 418 8 485 12 512 512
17 1 84 8 151 12 218 10 285 15 352 1 419 8 486 12 512 512
18 1 85 8 152 12 219 10 286 15 353 1 420 8 487 12 512 512
19 1 86 8 153 12 220 10 287 15 354 1 421 8 488 12 512 512
20 1 87 8 154 12 221 10 288 15 355 1 422 8 489 12 512 512
21 1 88 8 155 12 222 10 289 15 356 1 423 8 490 12 512 512
22 1 89 8 156 12 223 10 290 15 357 1 424 8 491 12 512 512
23 1 90 8 157 12 224 10 291 15 358 1 425 8 492 12 512 512
24 1 91 8 158 12 225 10 292 15 359 1 426 8 493 12 512 512
25 1 92 8 159 12 226 10 293 15 360 1 427 8 494 12 512 512
26 1 93 8 160 12 227 10 294 15 361 1 428 8 495 12 512 512
27 1 94 8 161 12 228 10 295 15 362 1 429 8 496 12 512 512
28 1 95 8 162 12 229 10 296 15 363 1 430 8 497 12 512 512
29 1 96 8 163 12 230 10 297 15 364 1 431 8 498 12 512 512
30 1 97 8 164 12 231 10 298 15 365 1 432 8 499 12 512 512
31 1 98 8 165 12 232 10 299 15 366 1 433 8 500 12 512 512
32 1 99 8 166 12 233 10 300 15 367 1 434 8 501 12 512 512
33 1 100 8 167 12 234 10 301 15 368 1 435 8 502 12 512 512
34 1 101 8 168 12 235 10 302 15 369 1 436 8 503 12 512 512
35 1 102 8 169 12 236 10 303 15 370 1 437 8 504 12 512 512
36 1 103 8 170 12 237 10 304 15 371 1 438 8 505 12 512 512
37 1 104 8 171 12 238 10 305 15 372 1 439 8 506 12 512 512
38 1 105 8 172 12 239 10 306 15 373 1 440 8 507 12 512 512
39 1 106 8 173 12 240 10 307 15 374 1 441 8 508 12 512 512
40 1 107 8 174 12 241 10 308 15 375 1 442 8 509 12 512 512
41 1 108 8 175 12 242 10 309 15 376 1 443 8 510 12 512 512
42 1 109 8 176 12 243 10 310 15 377 1 444 8 511 12 512 512
43 1 110 8 177 12 244 10 311 15 378 1 445 8 448 12 512 512
44 1 111 8 178 12 245 10 312 15 379 1 446 8 449 12 512 512
45 1 112 8 179 12 246 10 313 15 380 1 447 8 450 12 512 512
46 1 113 8 180 12 247 10 314 15 381 1 384 8 451 12 512 512
47 1 114 8 181 12 248 10 315 15 382 1 385 8 452 12 512 512
48 1 115 8 182 12 249 10 316 15 383 1 386 8 453 12 512 512
49 1 116 8 183 12 250 10 317 15 320 1 387 8 454 12 512 512
50 1 117 8 184 12 251 10 318 15 321 1 388 8 455 12 512 512
51 1 118 8 185 12 252 10 319 15 322 1 389 8 456 12 512 512
52 1 119 8 186 12 253 10 256 15 323 1 390 8 457 12 512 512
53 1 120 8 187 12 254 10 257 15 324 1 391 8 458 12 512 512
54 1 121 8 188 12 255 10 258 15 325 1 392 8 459 12 512 512
55 1 122 8 189 12 192 10 259 15 326 1 393 8 460 12 512 512
56 1 123 8 190 12 193 10 260 15 327 1 394 8 461 12 512 512
57 1 124 8 191 12 194 10 261 15 328 1 395 8 462 12 512 512
58 1 125 8 128 12 195 10 262 15 329 1 396 8 463 12 512 512
59 1 126 8 129 12 196 10 263 15 330 1 397 8 464 12 512 512
60 1 127 8 130 12 197 10 264 15 331 1 398 8 465 12 512 512
61 1 64 8 131 12 198 10 265 15 332 1 399 8 466 12 512 512
62 1 65 8 132 12 199 10 266 15 333 1 400 8 467 12 512 512
63 1 66 8 133 12 200 10 267 15 334 1 401 8 468 12 512 512
0 1 68 3 136 5 204 15 272 2 340 6 408 10 476 13 512 512
1 1 69 3 137 5 205 15 273 2 341 6 409 10 477 13 512 512
2 1 70 3 138 5 206 15 274 2 342 6 410 10 478 13 512 512
3 1 71 3 139 5 207 15 275 2 343 6 411 10 479 13 512 512
4 1 72 3 140 5 208 15 276 2 344 6 412 10 480 13 512 512
5 1 73 3 141 5 209 15 277 2 345 6 413 10 481 13 512 512
6 1 74 3 142 5 210 15 278 2 346 6 414 10 482 13 512 512
7 1 75 3 143 5 211 15 279 2 347 6 415 10 483 13 512 512
8 1 76 3 144 5 212 15 280 2 348 6 416 10 484 13 512 512
9 1 77 3 145 5 213 15 281 2 349 6 417 10 485 13 512 512
10 1 78 3 146 5 214 15 282 2 350 6 418 10 486 13 512 512
11 1 79 3 147 5 215 15 283 2 351 6 419 10 487 13 512 512
12 1 80 3 148 5 216 15 284 2 352 6 420 10 488 13 512 512
13 1 81 3 149 5 217 15 285 2 353 6 421 10 489 13 512 512
14 1 82 3 150 5 218 15 286 2 354 6 422 10 490 13 512 512
15 1 83 3 151 5 219 15 287 2 355 6 423 10 491 13 512 512
16 1 84 3 152 5 220 15 288 2 356 6 424 10 492 13 512 512
17 1 85 3 153 5 221 15 289 2 357 6 425 10 493 13 512 512
18 1 86 3 154 5 222 15 290 2 358 6 426 10 494 13 512 512
19 1 87 3 155 5 223 15 291 2 359 6 427 10 495 13 512 512
20 1 88 3 156 5 224 15 292 2 360 6 428 10 496 13 512 512
21 1 89 3 157 5 225 15 293 2 361 6 429 10 497 13 512 512
22 1 90 3 158 5 226 15 294 2 362 6 430 10 498 13 512 512
23 1 91 3 159 5 227 15 295 2 363 6 431 10 499 13 512 512
24 1 92 3 160 5 228 15 296 2 364 6 432 10 500 13 512 512
25 1 93 3 161 5 229 15 297 2 365 6 433 10 501 13 512 512
26 1 94 3 162 5 230 15 298 2 366 6 434 10 502 13 512 512
27 1 95 3 163 5 231 15 299 2 367 6 435 10 503 13 512 512
28 1 96 3 164 5 232 15 300 2 368 6 436 10 504 13 512 512
29 1 97 3 165 5 233 15 301 2 369 6 437 10 505 13 512 512
30 1 98 3 166 5 234 15 302 2 370 6 438 10 506 13 512 512
31 1 99 3 167 5 235 15 303 2 371 6 439 10 507 13 512 512
32 1 100 3 168 5 236 15 304 2 372 6 440 10 508 13 512 512
33 1 101 3 169 5 237 15 305 2 373 6 441 10 509 13 512 512
34 1 102 3 170 5 238 15 306 2 374 6 442 10 510 13 512 512
35 1 103 3 171 5 239 15 307 2 375 6 443 10 511 13 512 512
36 1 104 3 172 5 240 15 308 2 376 6 444 10 448 13 512 512
37 1 105 3 173 5 241 15 309 2 377 6 445 10 449 13 512 512
38 1 106 3 174 5 242 15 310 2 378 6 446 10 450 13 512 512
39 1 107 3 175 5 243 15 311 2 379 6 447 10 451 13 512 512
40 1 108 3 176 5 244 15 312 2 380 6 384 10 452 13 512 512
41 1 109 3 177 5 245 15 313 2 381 6 385 10 453 13 512 512
42 1 110 3 178 5 246 15 314 2 382 6 386 10 454 13 512 512
43 1 111 3 179 5 247 15 315 2 383 6 387 10 455 13 512 512
44 1 112 3 180 5 248 15 316 2 320 6 388 10 456 13 512 512
45 1 113 3 181 5 249 15 317 2 321 6 389 10 457 13 512 512
46 1 114 3 182 5 250 15 318 2 322 6 390 10 458 13 512 512
47 1 115 3 183 5 251 15 319 2 323 6 391 10 459 13 512 512
48 1 116 3 184 5 252 15 256 2 324 6 392 10 460 13 512 512
49 1 117 3 185 5 253 15 257 2 325 6 393 10 461 13 512 512
50 1 118 3 186 5 254 15 258 2 326 6 394 10 462 13 512 512
51 1 119 3 187 5 255 15 259 2 327 6 395 10 463 13 512 512
52 1 120 3 188 5 192 15 260 2 328 6 396 10 464 13 512 512
53 1 121 3 189 5 193 15 261 2 329 6 397 10 465 13 512 512
54 1 122 3 190 5 194 15 262 2 330 6 398 10 466 13 512 512
55 1 123 3 191 5 195 15 263 2 331 6 399 10 467 13 512 512
56 1 124 3 128 5 196 15 264 2 332 6 400 10 468 13 512 512
57 1 125 3 129 5 197 15 265 2 333 6 401 10 469 13 512 512
58 1 126 3 130 5 198 15 266 2 334 6 402 10 470 13 512 512
59 1 127 3 131 5 199 15 267 2 335 6 403 10 471 13 512 512
60 1 64 3 132 5 200 15 268 2 336 6 404 10 472 13 512 512
61 1 65 3 133 5 201 15 269 2 337 6 405 10 473 13 512 512
62 1 66 3 134 5 202 15 270 2 338 6 406 10 474 13 512 512
63 1 67 3 135 5 203 15 271 2 339 6 407 10 475 13 512 512
