1280
640
0
0
129 2 387 8 516 3 774 12 1161 10 1280 1280
130 2 388 8 517 3 775 12 1162 10 1280 1280
131 2 389 8 518 3 776 12 1163 10 1280 1280
132 2 390 8 519 3 777 12 1164 10 1280 1280
133 2 391 8 520 3 778 12 1165 10 1280 1280
134 2 392 8 521 3 779 12 1166 10 1280 1280
135 2 393 8 522 3 780 12 1167 10 1280 1280
136 2 394 8 523 3 781 12 1168 10 1280 1280
137 2 395 8 524 3 782 12 1169 10 1280 1280
138 2 396 8 525 3 783 12 1170 10 1280 1280
139 2 397 8 526 3 784 12 1171 10 1280 1280
140 2 398 8 527 3 785 12 1172 10 1280 1280
141 2 399 8 528 3 786 12 1173 10 1280 1280
142 2 400 8 529 3 787 12 1174 10 1280 1280
143 2 401 8 530 3 788 12 1175 10 1280 1280
144 2 402 8 531 3 789 12 1176 10 1280 1280
145 2 403 8 532 3 790 12 1177 10 1280 1280
146 2 404 8 533 3 791 12 1178 10 1280 1280
147 2 405 8 534 3 792 12 1179 10 1280 1280
148 2 406 8 535 3 793 12 1180 10 1280 1280
149 2 407 8 536 3 794 12 1181 10 1280 1280
150 2 408 8 537 3 795 12 1182 10 1280 1280
151 2 409 8 538 3 796 12 1183 10 1280 1280
152 2 410 8 539 3 797 12 1184 10 1280 1280
153 2 411 8 540 3 798 12 1185 10 1280 1280
154 2 412 8 541 3 799 12 1186 10 1280 1280
155 2 413 8 542 3 800 12 1187 10 1280 1280
156 2 414 8 543 3 801 12 1188 10 1280 1280
157 2 415 8 544 3 802 12 1189 10 1280 1280
158 2 416 8 545 3 803 12 1190 10 1280 1280
159 2 417 8 546 3 804 12 1191 10 1280 1280
160 2 418 8 547 3 805 12 1192 10 1280 1280
161 2 419 8 548 3 806 12 1193 10 1280 1280
162 2 420 8 549 3 807 12 1194 10 1280 1280
163 2 421 8 550 3 808 12 1195 10 1280 1280
164 2 422 8 551 3 809 12 1196 10 1280 1280
165 2 423 8 552 3 810 12 1197 10 1280 1280
166 2 424 8 553 3 811 12 1198 10 1280 1280
167 2 425 8 554 3 812 12 1199 10 1280 1280
168 2 426 8 555 3 813 12 1200 10 1280 1280
169 2 427 8 556 3 814 12 1201 10 1280 1280
170 2 428 8 557 3 815 12 1202 10 1280 1280
171 2 429 8 558 3 816 12 1203 10 1280 1280
172 2 430 8 559 3 817 12 1204 10 1280 1280
173 2 431 8 560 3 818 12 1205 10 1280 1280
174 2 432 8 561 3 819 12 1206 10 1280 1280
175 2 433 8 562 3 820 12 1207 10 1280 1280
176 2 434 8 563 3 821 12 1208 10 1280 1280
177 2 435 8 564 3 822 12 1209 10 1280 1280
178 2 436 8 565 3 823 12 1210 10 1280 1280
179 2 437 8 566 3 824 12 1211 10 1280 1280
180 2 438 8 567 3 825 12 1212 10 1280 1280
181 2 439 8 568 3 826 12 1213 10 1280 1280
182 2 440 8 569 3 827 12 1214 10 1280 1280
183 2 441 8 570 3 828 12 1215 10 1280 1280
184 2 442 8 571 3 829 12 1216 10 1280 1280
185 2 443 8 572 3 830 12 1217 10 1280 1280
186 2 444 8 573 3 831 12 1218 10 1280 1280
187 2 445 8 574 3 832 12 1219 10 1280 1280
188 2 446 8 575 3 833 12 1220 10 1280 1280
189 2 447 8 576 3 834 12 1221 10 1280 1280
190 2 448 8 577 3 835 12 1222 10 1280 1280
191 2 449 8 578 3 836 12 1223 10 1280 1280
192 2 450 8 579 3 837 12 1224 10 1280 1280
193 2 451 8 580 3 838 12 1225 10 1280 1280
194 2 452 8 581 3 839 12 1226 10 1280 1280
195 2 453 8 582 3 840 12 1227 10 1280 1280
196 2 454 8 583 3 841 12 1228 10 1280 1280
197 2 455 8 584 3 842 12 1229 10 1280 1280
198 2 456 8 585 3 843 12 1230 10 1280 1280
199 2 457 8 586 3 844 12 1231 10 1280 1280
200 2 458 8 587 3 845 12 1232 10 1280 1280
201 2 459 8 588 3 846 12 1233 10 1280 1280
202 2 460 8 589 3 847 12 1234 10 1280 1280
203 2 461 8 590 3 848 12 1235 10 1280 1280
204 2 462 8 591 3 849 12 1236 10 1280 1280
205 2 463 8 592 3 850 12 1237 10 1280 1280
206 2 464 8 593 3 851 12 1238 10 1280 1280
207 2 465 8 594 3 852 12 1239 10 1280 1280
208 2 466 8 595 3 853 12 1240 10 1280 1280
209 2 467 8 596 3 854 12 1241 10 1280 1280
210 2 468 8 597 3 855 12 1242 10 1280 1280
211 2 469 8 598 3 856 12 1243 10 1280 1280
212 2 470 8 599 3 857 12 1244 10 1280 1280
213 2 471 8 600 3 858 12 1245 10 1280 1280
214 2 472 8 601 3 859 12 1246 10 1280 1280
215 2 473 8 602 3 860 12 1247 10 1280 1280
216 2 474 8 603 3 861 12 1248 10 1280 1280
217 2 475 8 604 3 862 12 1249 10 1280 1280
218 2 476 8 605 3 863 12 1250 10 1280 1280
219 2 477 8 606 3 864 12 1251 10 1280 1280
220 2 478 8 607 3 865 12 1252 10 1280 1280
221 2 479 8 608 3 866 12 1253 10 1280 1280
222 2 480 8 609 3 867 12 1254 10 1280 1280
223 2 481 8 610 3 868 12 1255 10 1280 1280
224 2 482 8 611 3 869 12 1256 10 1280 1280
225 2 483 8 612 3 870 12 1257 10 1280 1280
226 2 484 8 613 3 871 12 1258 10 1280 1280
227 2 485 8 614 3 872 12 1259 10 1280 1280
228 2 486 8 615 3 873 12 1260 10 1280 1280
229 2 487 8 616 3 874 12 1261 10 1280 1280
230 2 488 8 617 3 875 12 1262 10 1280 1280
231 2 489 8 618 3 876 12 1263 10 1280 1280
232 2 490 8 619 3 877 12 1264 10 1280 1280
233 2 491 8 620 3 878 12 1265 10 1280 1280
234 2 492 8 621 3 879 12 1266 10 1280 1280
235 2 493 8 622 3 880 12 1267 10 1280 1280
236 2 494 8 623 3 881 12 1268 10 1280 1280
237 2 495 8 624 3 882 12 1269 10 1280 1280
238 2 496 8 625 3 883 12 1270 10 1280 1280
239 2 497 8 626 3 884 12 1271 10 1280 1280
240 2 498 8 627 3 885 12 1272 10 1280 1280
241 2 499 8 628 3 886 12 1273 10 1280 1280
242 2 500 8 629 3 887 12 1274 10 1280 1280
243 2 501 8 630 3 888 12 1275 10 1280 1280
244 2 502 8 631 3 889 12 1276 10 1280 1280
245 2 503 8 632 3 890 12 1277 10 1280 1280
246 2 504 8 633 3 891 12 1278 10 1280 1280
247 2 505 8 634 3 892 12 1279 10 1280 1280
248 2 506 8 635 3 893 12 1152 10 1280 1280
249 2 507 8 636 3 894 12 1153 10 1280 1280
250 2 508 8 637 3 895 12 1154 10 1280 1280
251 2 509 8 638 3 768 12 1155 10 1280 1280
252 2 510 8 639 3 769 12 1156 10 1280 1280
253 2 511 8 512 3 770 12 1157 10 1280 1280
254 2 384 8 513 3 771 12 1158 10 1280 1280
255 2 385 8 514 3 772 12 1159 10 1280 1280
128 2 386 8 515 3 773 12 1160 10 1280 1280
0 1 260 3 520 5 910 9 1040 2 1280 1280
1 1 261 3 521 5 911 9 1041 2 1280 1280
2 1 262 3 522 5 912 9 1042 2 1280 1280
3 1 263 3 523 5 913 9 1043 2 1280 1280
4 1 264 3 524 5 914 9 1044 2 1280 1280
5 1 265 3 525 5 915 9 1045 2 1280 1280
6 1 266 3 526 5 916 9 1046 2 1280 1280
7 1 267 3 527 5 917 9 1047 2 1280 1280
8 1 268 3 528 5 918 9 1048 2 1280 1280
9 1 269 3 529 5 919 9 1049 2 1280 1280
10 1 270 3 530 5 920 9 1050 2 1280 1280
11 1 271 3 531 5 921 9 1051 2 1280 1280
12 1 272 3 532 5 922 9 1052 2 1280 1280
13 1 273 3 533 5 923 9 1053 2 1280 1280
14 1 274 3 534 5 924 9 1054 2 1280 1280
15 1 275 3 535 5 925 9 1055 2 1280 1280
16 1 276 3 536 5 926 9 1056 2 1280 1280
17 1 277 3 537 5 927 9 1057 2 1280 1280
18 1 278 3 538 5 928 9 1058 2 1280 1280
19 1 279 3 539 5 929 9 1059 2 1280 1280
20 1 280 3 540 5 930 9 1060 2 1280 1280
21 1 281 3 541 5 931 9 1061 2 1280 1280
22 1 282 3 542 5 932 9 1062 2 1280 1280
23 1 283 3 543 5 933 9 1063 2 1280 1280
24 1 284 3 544 5 934 9 1064 2 1280 1280
25 1 285 3 545 5 935 9 1065 2 1280 1280
26 1 286 3 546 5 936 9 1066 2 1280 1280
27 1 287 3 547 5 937 9 1067 2 1280 1280
28 1 288 3 548 5 938 9 1068 2 1280 1280
29 1 289 3 549 5 939 9 1069 2 1280 1280
30 1 290 3 550 5 940 9 1070 2 1280 1280
31 1 291 3 551 5 941 9 1071 2 1280 1280
32 1 292 3 552 5 942 9 1072 2 1280 1280
33 1 293 3 553 5 943 9 1073 2 1280 1280
34 1 294 3 554 5 944 9 1074 2 1280 1280
35 1 295 3 555 5 945 9 1075 2 1280 1280
36 1 296 3 556 5 946 9 1076 2 1280 1280
37 1 297 3 557 5 947 9 1077 2 1280 1280
38 1 298 3 558 5 948 9 1078 2 1280 1280
39 1 299 3 559 5 949 9 1079 2 1280 1280
40 1 300 3 560 5 950 9 1080 2 1280 1280
41 1 301 3 561 5 951 9 1081 2 1280 1280
42 1 302 3 562 5 952 9 1082 2 1280 1280
43 1 303 3 563 5 953 9 1083 2 1280 1280
44 1 304 3 564 5 954 9 1084 2 1280 1280
45 1 305 3 565 5 955 9 1085 2 1280 1280
46 1 306 3 566 5 956 9 1086 2 1280 1280
47 1 307 3 567 5 957 9 1087 2 1280 1280
48 1 308 3 568 5 958 9 1088 2 1280 1280
49 1 309 3 569 5 959 9 1089 2 1280 1280
50 1 310 3 570 5 960 9 1090 2 1280 1280
51 1 311 3 571 5 961 9 1091 2 1280 1280
52 1 312 3 572 5 962 9 1092 2 1280 1280
53 1 313 3 573 5 963 9 1093 2 1280 1280
54 1 314 3 574 5 964 9 1094 2 1280 1280
55 1 315 3 575 5 965 9 1095 2 1280 1280
56 1 316 3 576 5 966 9 1096 2 1280 1280
57 1 317 3 577 5 967 9 1097 2 1280 1280
58 1 318 3 578 5 968 9 1098 2 1280 1280
59 1 319 3 579 5 969 9 1099 2 1280 1280
60 1 320 3 580 5 970 9 1100 2 1280 1280
61 1 321 3 581 5 971 9 1101 2 1280 1280
62 1 322 3 582 5 972 9 1102 2 1280 1280
63 1 323 3 583 5 973 9 1103 2 1280 1280
64 1 324 3 584 5 974 9 1104 2 1280 1280
65 1 325 3 585 5 975 9 1105 2 1280 1280
66 1 326 3 586 5 976 9 1106 2 1280 1280
67 1 327 3 587 5 977 9 1107 2 1280 1280
68 1 328 3 588 5 978 9 1108 2 1280 1280
69 1 329 3 589 5 979 9 1109 2 1280 1280
70 1 330 3 590 5 980 9 1110 2 1280 1280
71 1 331 3 591 5 981 9 1111 2 1280 1280
72 1 332 3 592 5 982 9 1112 2 1280 1280
73 1 333 3 593 5 983 9 1113 2 1280 1280
74 1 334 3 594 5 984 9 1114 2 1280 1280
75 1 335 3 595 5 985 9 1115 2 1280 1280
76 1 336 3 596 5 986 9 1116 2 1280 1280
77 1 337 3 597 5 987 9 1117 2 1280 1280
78 1 338 3 598 5 988 9 1118 2 1280 1280
79 1 339 3 599 5 989 9 1119 2 1280 1280
80 1 340 3 600 5 990 9 1120 2 1280 1280
81 1 341 3 601 5 991 9 1121 2 1280 1280
82 1 342 3 602 5 992 9 1122 2 1280 1280
83 1 343 3 603 5 993 9 1123 2 1280 1280
84 1 344 3 604 5 994 9 1124 2 1280 1280
85 1 345 3 605 5 995 9 1125 2 1280 1280
86 1 346 3 606 5 996 9 1126 2 1280 1280
87 1 347 3 607 5 997 9 1127 2 1280 1280
88 1 348 3 608 5 998 9 1128 2 1280 1280
89 1 349 3 609 5 999 9 1129 2 1280 1280
90 1 350 3 610 5 1000 9 1130 2 1280 1280
91 1 351 3 611 5 1001 9 1131 2 1280 1280
92 1 352 3 612 5 1002 9 1132 2 1280 1280
93 1 353 3 613 5 1003 9 1133 2 1280 1280
94 1 354 3 614 5 1004 9 1134 2 1280 1280
95 1 355 3 615 5 1005 9 1135 2 1280 1280
96 1 356 3 616 5 1006 9 1136 2 1280 1280
97 1 357 3 617 5 1007 9 1137 2 1280 1280
98 1 358 3 618 5 1008 9 1138 2 1280 1280
99 1 359 3 619 5 1009 9 1139 2 1280 1280
100 1 360 3 620 5 1010 9 1140 2 1280 1280
101 1 361 3 621 5 1011 9 1141 2 1280 1280
102 1 362 3 622 5 1012 9 1142 2 1280 1280
103 1 363 3 623 5 1013 9 1143 2 1280 1280
104 1 364 3 624 5 1014 9 1144 2 1280 1280
105 1 365 3 625 5 1015 9 1145 2 1280 1280
106 1 366 3 626 5 1016 9 1146 2 1280 1280
107 1 367 3 627 5 1017 9 1147 2 1280 1280
108 1 368 3 628 5 1018 9 1148 2 1280 1280
109 1 369 3 629 5 1019 9 1149 2 1280 1280
110 1 370 3 630 5 1020 9 1150 2 1280 1280
111 1 371 3 631 5 1021 9 1151 2 1280 1280
112 1 372 3 632 5 1022 9 1024 2 1280 1280
113 1 373 3 633 5 1023 9 1025 2 1280 1280
114 1 374 3 634 5 896 9 1026 2 1280 1280
115 1 375 3 635 5 897 9 1027 2 1280 1280
116 1 376 3 636 5 898 9 1028 2 1280 1280
117 1 377 3 637 5 899 9 1029 2 1280 1280
118 1 378 3 638 5 900 9 1030 2 1280 1280
119 1 379 3 639 5 901 9 1031 2 1280 1280
120 1 380 3 512 5 902 9 1032 2 1280 1280
121 1 381 3 513 5 903 9 1033 2 1280 1280
122 1 382 3 514 5 904 9 1034 2 1280 1280
123 1 383 3 515 5 905 9 1035 2 1280 1280
124 1 256 3 516 5 906 9 1036 2 1280 1280
125 1 257 3 517 5 907 9 1037 2 1280 1280
126 1 258 3 518 5 908 9 1038 2 1280 1280
127 1 259 3 519 5 909 9 1039 2 1280 1280
0 1 131 8 393 10 655 1 786 8 1179 15 1280 1280
1 1 132 8 394 10 656 1 787 8 1180 15 1280 1280
2 1 133 8 395 10 657 1 788 8 1181 15 1280 1280
3 1 134 8 396 10 658 1 789 8 1182 15 1280 1280
4 1 135 8 397 10 659 1 790 8 1183 15 1280 1280
5 1 136 8 398 10 660 1 791 8 1184 15 1280 1280
6 1 137 8 399 10 661 1 792 8 1185 15 1280 1280
7 1 138 8 400 10 662 1 793 8 1186 15 1280 1280
8 1 139 8 401 10 663 1 794 8 1187 15 1280 1280
9 1 140 8 402 10 664 1 795 8 1188 15 1280 1280
10 1 141 8 403 10 665 1 796 8 1189 15 1280 1280
11 1 142 8 404 10 666 1 797 8 1190 15 1280 1280
12 1 143 8 405 10 667 1 798 8 1191 15 1280 1280
13 1 144 8 406 10 668 1 799 8 1192 15 1280 1280
14 1 145 8 407 10 669 1 800 8 1193 15 1280 1280
15 1 146 8 408 10 670 1 801 8 1194 15 1280 1280
16 1 147 8 409 10 671 1 802 8 1195 15 1280 1280
17 1 148 8 410 10 672 1 803 8 1196 15 1280 1280
18 1 149 8 411 10 673 1 804 8 1197 15 1280 1280
19 1 150 8 412 10 674 1 805 8 1198 15 1280 1280
20 1 151 8 413 10 675 1 806 8 1199 15 1280 1280
21 1 152 8 414 10 676 1 807 8 1200 15 1280 1280
22 1 153 8 415 10 677 1 808 8 1201 15 1280 1280
23 1 154 8 416 10 678 1 809 8 1202 15 1280 1280
24 1 155 8 417 10 679 1 810 8 1203 15 1280 1280
25 1 156 8 418 10 680 1 811 8 1204 15 1280 1280
26 1 157 8 419 10 681 1 812 8 1205 15 1280 1280
27 1 158 8 420 10 682 1 813 8 1206 15 1280 1280
28 1 159 8 421 10 683 1 814 8 1207 15 1280 1280
29 1 160 8 422 10 684 1 815 8 1208 15 1280 1280
30 1 161 8 423 10 685 1 816 8 1209 15 1280 1280
31 1 162 8 424 10 686 1 817 8 1210 15 1280 1280
32 1 163 8 425 10 687 1 818 8 1211 15 1280 1280
33 1 164 8 426 10 688 1 819 8 1212 15 1280 1280
34 1 165 8 427 10 689 1 820 8 1213 15 1280 1280
35 1 166 8 428 10 690 1 821 8 1214 15 1280 1280
36 1 167 8 429 10 691 1 822 8 1215 15 1280 1280
37 1 168 8 430 10 692 1 823 8 1216 15 1280 1280
38 1 169 8 431 10 693 1 824 8 1217 15 1280 1280
39 1 170 8 432 10 694 1 825 8 1218 15 1280 1280
40 1 171 8 433 10 695 1 826 8 1219 15 1280 1280
41 1 172 8 434 10 696 1 827 8 1220 15 1280 1280
42 1 173 8 435 10 697 1 828 8 1221 15 1280 1280
43 1 174 8 436 10 698 1 829 8 1222 15 1280 1280
44 1 175 8 437 10 699 1 830 8 1223 15 1280 1280
45 1 176 8 438 10 700 1 831 8 1224 15 1280 1280
46 1 177 8 439 10 701 1 832 8 1225 15 1280 1280
47 1 178 8 440 10 702 1 833 8 1226 15 1280 1280
48 1 179 8 441 10 703 1 834 8 1227 15 1280 1280
49 1 180 8 442 10 704 1 835 8 1228 15 1280 1280
50 1 181 8 443 10 705 1 836 8 1229 15 1280 1280
51 1 182 8 444 10 706 1 837 8 1230 15 1280 1280
52 1 183 8 445 10 707 1 838 8 1231 15 1280 1280
53 1 184 8 446 10 708 1 839 8 1232 15 1280 1280
54 1 185 8 447 10 709 1 840 8 1233 15 1280 1280
55 1 186 8 448 10 710 1 841 8 1234 15 1280 1280
56 1 187 8 449 10 711 1 842 8 1235 15 1280 1280
57 1 188 8 450 10 712 1 843 8 1236 15 1280 1280
58 1 189 8 451 10 713 1 844 8 1237 15 1280 1280
59 1 190 8 452 10 714 1 845 8 1238 15 1280 1280
60 1 191 8 453 10 715 1 846 8 1239 15 1280 1280
61 1 192 8 454 10 716 1 847 8 1240 15 1280 1280
62 1 193 8 455 10 717 1 848 8 1241 15 1280 1280
63 1 194 8 456 10 718 1 849 8 1242 15 1280 1280
64 1 195 8 457 10 719 1 850 8 1243 15 1280 1280
65 1 196 8 458 10 720 1 851 8 1244 15 1280 1280
66 1 197 8 459 10 721 1 852 8 1245 15 1280 1280
67 1 198 8 460 10 722 1 853 8 1246 15 1280 1280
68 1 199 8 461 10 723 1 854 8 1247 15 1280 1280
69 1 200 8 462 10 724 1 855 8 1248 15 1280 1280
70 1 201 8 463 10 725 1 856 8 1249 15 1280 1280
71 1 202 8 464 10 726 1 857 8 1250 15 1280 1280
72 1 203 8 465 10 727 1 858 8 1251 15 1280 1280
73 1 204 8 466 10 728 1 859 8 1252 15 1280 1280
74 1 205 8 467 10 729 1 860 8 1253 15 1280 1280
75 1 206 8 468 10 730 1 861 8 1254 15 1280 1280
76 1 207 8 469 10 731 1 862 8 1255 15 1280 1280
77 1 208 8 470 10 732 1 863 8 1256 15 1280 1280
78 1 209 8 471 10 733 1 864 8 1257 15 1280 1280
79 1 210 8 472 10 734 1 865 8 1258 15 1280 1280
80 1 211 8 473 10 735 1 866 8 1259 15 1280 1280
81 1 212 8 474 10 736 1 867 8 1260 15 1280 1280
82 1 213 8 475 10 737 1 868 8 1261 15 1280 1280
83 1 214 8 476 10 738 1 869 8 1262 15 1280 1280
84 1 215 8 477 10 739 1 870 8 1263 15 1280 1280
85 1 216 8 478 10 740 1 871 8 1264 15 1280 1280
86 1 217 8 479 10 741 1 872 8 1265 15 1280 1280
87 1 218 8 480 10 742 1 873 8 1266 15 1280 1280
88 1 219 8 481 10 743 1 874 8 1267 15 1280 1280
89 1 220 8 482 10 744 1 875 8 1268 15 1280 1280
90 1 221 8 483 10 745 1 876 8 1269 15 1280 1280
91 1 222 8 484 10 746 1 877 8 1270 15 1280 1280
92 1 223 8 485 10 747 1 878 8 1271 15 1280 1280
93 1 224 8 486 10 748 1 879 8 1272 15 1280 1280
94 1 225 8 487 10 749 1 880 8 1273 15 1280 1280
95 1 226 8 488 10 750 1 881 8 1274 15 1280 1280
96 1 227 8 489 10 751 1 882 8 1275 15 1280 1280
97 1 228 8 490 10 752 1 883 8 1276 15 1280 1280
98 1 229 8 491 10 753 1 884 8 1277 15 1280 1280
99 1 230 8 492 10 754 1 885 8 1278 15 1280 1280
100 1 231 8 493 10 755 1 886 8 1279 15 1280 1280
101 1 232 8 494 10 756 1 887 8 1152 15 1280 1280
102 1 233 8 495 10 757 1 888 8 1153 15 1280 1280
103 1 234 8 496 10 758 1 889 8 1154 15 1280 1280
104 1 235 8 497 10 759 1 890 8 1155 15 1280 1280
105 1 236 8 498 10 760 1 891 8 1156 15 1280 1280
106 1 237 8 499 10 761 1 892 8 1157 15 1280 1280
107 1 238 8 500 10 762 1 893 8 1158 15 1280 1280
108 1 239 8 501 10 763 1 894 8 1159 15 1280 1280
109 1 240 8 502 10 764 1 895 8 1160 15 1280 1280
110 1 241 8 503 10 765 1 768 8 1161 15 1280 1280
111 1 242 8 504 10 766 1 769 8 1162 15 1280 1280
112 1 243 8 505 10 767 1 770 8 1163 15 1280 1280
113 1 244 8 506 10 640 1 771 8 1164 15 1280 1280
114 1 245 8 507 10 641 1 772 8 1165 15 1280 1280
115 1 246 8 508 10 642 1 773 8 1166 15 1280 1280
116 1 247 8 509 10 643 1 774 8 1167 15 1280 1280
117 1 248 8 510 10 644 1 775 8 1168 15 1280 1280
118 1 249 8 511 10 645 1 776 8 1169 15 1280 1280
119 1 250 8 384 10 646 1 777 8 1170 15 1280 1280
120 1 251 8 385 10 647 1 778 8 1171 15 1280 1280
121 1 252 8 386 10 648 1 779 8 1172 15 1280 1280
122 1 253 8 387 10 649 1 780 8 1173 15 1280 1280
123 1 254 8 388 10 650 1 781 8 1174 15 1280 1280
124 1 255 8 389 10 651 1 782 8 1175 15 1280 1280
125 1 128 8 390 10 652 1 783 8 1176 15 1280 1280
126 1 129 8 391 10 653 1 784 8 1177 15 1280 1280
127 1 130 8 392 10 654 1 785 8 1178 15 1280 1280
264 5 528 2 660 6 924 13 1056 4 1280 1280
265 5 529 2 661 6 925 13 1057 4 1280 1280
266 5 530 2 662 6 926 13 1058 4 1280 1280
267 5 531 2 663 6 927 13 1059 4 1280 1280
268 5 532 2 664 6 928 13 1060 4 1280 1280
269 5 533 2 665 6 929 13 1061 4 1280 1280
270 5 534 2 666 6 930 13 1062 4 1280 1280
271 5 535 2 667 6 931 13 1063 4 1280 1280
272 5 536 2 668 6 932 13 1064 4 1280 1280
273 5 537 2 669 6 933 13 1065 4 1280 1280
274 5 538 2 670 6 934 13 1066 4 1280 1280
275 5 539 2 671 6 935 13 1067 4 1280 1280
276 5 540 2 672 6 936 13 1068 4 1280 1280
277 5 541 2 673 6 937 13 1069 4 1280 1280
278 5 542 2 674 6 938 13 1070 4 1280 1280
279 5 543 2 675 6 939 13 1071 4 1280 1280
280 5 544 2 676 6 940 13 1072 4 1280 1280
281 5 545 2 677 6 941 13 1073 4 1280 1280
282 5 546 2 678 6 942 13 1074 4 1280 1280
283 5 547 2 679 6 943 13 1075 4 1280 1280
284 5 548 2 680 6 944 13 1076 4 1280 1280
285 5 549 2 681 6 945 13 1077 4 1280 1280
286 5 550 2 682 6 946 13 1078 4 1280 1280
287 5 551 2 683 6 947 13 1079 4 1280 1280
288 5 552 2 684 6 948 13 1080 4 1280 1280
289 5 553 2 685 6 949 13 1081 4 1280 1280
290 5 554 2 686 6 950 13 1082 4 1280 1280
291 5 555 2 687 6 951 13 1083 4 1280 1280
292 5 556 2 688 6 952 13 1084 4 1280 1280
293 5 557 2 689 6 953 13 1085 4 1280 1280
294 5 558 2 690 6 954 13 1086 4 1280 1280
295 5 559 2 691 6 955 13 1087 4 1280 1280
296 5 560 2 692 6 956 13 1088 4 1280 1280
297 5 561 2 693 6 957 13 1089 4 1280 1280
298 5 562 2 694 6 958 13 1090 4 1280 1280
299 5 563 2 695 6 959 13 1091 4 1280 1280
300 5 564 2 696 6 960 13 1092 4 1280 1280
301 5 565 2 697 6 961 13 1093 4 1280 1280
302 5 566 2 698 6 962 13 1094 4 1280 1280
303 5 567 2 699 6 963 13 1095 4 1280 1280
304 5 568 2 700 6 964 13 1096 4 1280 1280
305 5 569 2 701 6 965 13 1097 4 1280 1280
306 5 570 2 702 6 966 13 1098 4 1280 1280
307 5 571 2 703 6 967 13 1099 4 1280 1280
308 5 572 2 704 6 968 13 1100 4 1280 1280
309 5 573 2 705 6 969 13 1101 4 1280 1280
310 5 574 2 706 6 970 13 1102 4 1280 1280
311 5 575 2 707 6 971 13 1103 4 1280 1280
312 5 576 2 708 6 972 13 1104 4 1280 1280
313 5 577 2 709 6 973 13 1105 4 1280 1280
314 5 578 2 710 6 974 13 1106 4 1280 1280
315 5 579 2 711 6 975 13 1107 4 1280 1280
316 5 580 2 712 6 976 13 1108 4 1280 1280
317 5 581 2 713 6 977 13 1109 4 1280 1280
318 5 582 2 714 6 978 13 1110 4 1280 1280
319 5 583 2 715 6 979 13 1111 4 1280 1280
320 5 584 2 716 6 980 13 1112 4 1280 1280
321 5 585 2 717 6 981 13 1113 4 1280 1280
322 5 586 2 718 6 982 13 1114 4 1280 1280
323 5 587 2 719 6 983 13 1115 4 1280 1280
324 5 588 2 720 6 984 13 1116 4 1280 1280
325 5 589 2 721 6 985 13 1117 4 1280 1280
326 5 590 2 722 6 986 13 1118 4 1280 1280
327 5 591 2 723 6 987 13 1119 4 1280 1280
328 5 592 2 724 6 988 13 1120 4 1280 1280
329 5 593 2 725 6 989 13 1121 4 1280 1280
330 5 594 2 726 6 990 13 1122 4 1280 1280
331 5 595 2 727 6 991 13 1123 4 1280 1280
332 5 596 2 728 6 992 13 1124 4 1280 1280
333 5 597 2 729 6 993 13 1125 4 1280 1280
334 5 598 2 730 6 994 13 1126 4 1280 1280
335 5 599 2 731 6 995 13 1127 4 1280 1280
336 5 600 2 732 6 996 13 1128 4 1280 1280
337 5 601 2 733 6 997 13 1129 4 1280 1280
338 5 602 2 734 6 998 13 1130 4 1280 1280
339 5 603 2 735 6 999 13 1131 4 1280 1280
340 5 604 2 736 6 1000 13 1132 4 1280 1280
341 5 605 2 737 6 1001 13 1133 4 1280 1280
342 5 606 2 738 6 1002 13 1134 4 1280 1280
343 5 607 2 739 6 1003 13 1135 4 1280 1280
344 5 608 2 740 6 1004 13 1136 4 1280 1280
345 5 609 2 741 6 1005 13 1137 4 1280 1280
346 5 610 2 742 6 1006 13 1138 4 1280 1280
347 5 611 2 743 6 1007 13 1139 4 1280 1280
348 5 612 2 744 6 1008 13 1140 4 1280 1280
349 5 613 2 745 6 1009 13 1141 4 1280 1280
350 5 614 2 746 6 1010 13 1142 4 1280 1280
351 5 615 2 747 6 1011 13 1143 4 1280 1280
352 5 616 2 748 6 1012 13 1144 4 1280 1280
353 5 617 2 749 6 1013 13 1145 4 1280 1280
354 5 618 2 750 6 1014 13 1146 4 1280 1280
355 5 619 2 751 6 1015 13 1147 4 1280 1280
356 5 620 2 752 6 1016 13 1148 4 1280 1280
357 5 621 2 753 6 1017 13 1149 4 1280 1280
358 5 622 2 754 6 1018 13 1150 4 1280 1280
359 5 623 2 755 6 1019 13 1151 4 1280 1280
360 5 624 2 756 6 1020 13 1024 4 1280 1280
361 5 625 2 757 6 1021 13 1025 4 1280 1280
362 5 626 2 758 6 1022 13 1026 4 1280 1280
363 5 627 2 759 6 1023 13 1027 4 1280 1280
364 5 628 2 760 6 896 13 1028 4 1280 1280
365 5 629 2 761 6 897 13 1029 4 1280 1280
366 5 630 2 762 6 898 13 1030 4 1280 1280
367 5 631 2 763 6 899 13 1031 4 1280 1280
368 5 632 2 764 6 900 13 1032 4 1280 1280
369 5 633 2 765 6 901 13 1033 4 1280 1280
370 5 634 2 766 6 902 13 1034 4 1280 1280
371 5 635 2 767 6 903 13 1035 4 1280 1280
372 5 636 2 640 6 904 13 1036 4 1280 1280
373 5 637 2 641 6 905 13 1037 4 1280 1280
374 5 638 2 642 6 906 13 1038 4 1280 1280
375 5 639 2 643 6 907 13 1039 4 1280 1280
376 5 512 2 644 6 908 13 1040 4 1280 1280
377 5 513 2 645 6 909 13 1041 4 1280 1280
378 5 514 2 646 6 910 13 1042 4 1280 1280
379 5 515 2 647 6 911 13 1043 4 1280 1280
380 5 516 2 648 6 912 13 1044 4 1280 1280
381 5 517 2 649 6 913 13 1045 4 1280 1280
382 5 518 2 650 6 914 13 1046 4 1280 1280
383 5 519 2 651 6 915 13 1047 4 1280 1280
256 5 520 2 652 6 916 13 1048 4 1280 1280
257 5 521 2 653 6 917 13 1049 4 1280 1280
258 5 522 2 654 6 918 13 1050 4 1280 1280
259 5 523 2 655 6 919 13 1051 4 1280 1280
260 5 524 2 656 6 920 13 1052 4 1280 1280
261 5 525 2 657 6 921 13 1053 4 1280 1280
262 5 526 2 658 6 922 13 1054 4 1280 1280
263 5 527 2 659 6 923 13 1055 4 1280 1280
133 6 399 1 665 7 931 6 1197 1 1280 1280
134 6 400 1 666 7 932 6 1198 1 1280 1280
135 6 401 1 667 7 933 6 1199 1 1280 1280
136 6 402 1 668 7 934 6 1200 1 1280 1280
137 6 403 1 669 7 935 6 1201 1 1280 1280
138 6 404 1 670 7 936 6 1202 1 1280 1280
139 6 405 1 671 7 937 6 1203 1 1280 1280
140 6 406 1 672 7 938 6 1204 1 1280 1280
141 6 407 1 673 7 939 6 1205 1 1280 1280
142 6 408 1 674 7 940 6 1206 1 1280 1280
143 6 409 1 675 7 941 6 1207 1 1280 1280
144 6 410 1 676 7 942 6 1208 1 1280 1280
145 6 411 1 677 7 943 6 1209 1 1280 1280
146 6 412 1 678 7 944 6 1210 1 1280 1280
147 6 413 1 679 7 945 6 1211 1 1280 1280
148 6 414 1 680 7 946 6 1212 1 1280 1280
149 6 415 1 681 7 947 6 1213 1 1280 1280
150 6 416 1 682 7 948 6 1214 1 1280 1280
151 6 417 1 683 7 949 6 1215 1 1280 1280
152 6 418 1 684 7 950 6 1216 1 1280 1280
153 6 419 1 685 7 951 6 1217 1 1280 1280
154 6 420 1 686 7 952 6 1218 1 1280 1280
155 6 421 1 687 7 953 6 1219 1 1280 1280
156 6 422 1 688 7 954 6 1220 1 1280 1280
157 6 423 1 689 7 955 6 1221 1 1280 1280
158 6 424 1 690 7 956 6 1222 1 1280 1280
159 6 425 1 691 7 957 6 1223 1 1280 1280
160 6 426 1 692 7 958 6 1224 1 1280 1280
161 6 427 1 693 7 959 6 1225 1 1280 1280
162 6 428 1 694 7 960 6 1226 1 1280 1280
163 6 429 1 695 7 961 6 1227 1 1280 1280
164 6 430 1 696 7 962 6 1228 1 1280 1280
165 6 431 1 697 7 963 6 1229 1 1280 1280
166 6 432 1 698 7 964 6 1230 1 1280 1280
167 6 433 1 699 7 965 6 1231 1 1280 1280
168 6 434 1 700 7 966 6 1232 1 1280 1280
169 6 435 1 701 7 967 6 1233 1 1280 1280
170 6 436 1 702 7 968 6 1234 1 1280 1280
171 6 437 1 703 7 969 6 1235 1 1280 1280
172 6 438 1 704 7 970 6 1236 1 1280 1280
173 6 439 1 705 7 971 6 1237 1 1280 1280
174 6 440 1 706 7 972 6 1238 1 1280 1280
175 6 441 1 707 7 973 6 1239 1 1280 1280
176 6 442 1 708 7 974 6 1240 1 1280 1280
177 6 443 1 709 7 975 6 1241 1 1280 1280
178 6 444 1 710 7 976 6 1242 1 1280 1280
179 6 445 1 711 7 977 6 1243 1 1280 1280
180 6 446 1 712 7 978 6 1244 1 1280 1280
181 6 447 1 713 7 979 6 1245 1 1280 1280
182 6 448 1 714 7 980 6 1246 1 1280 1280
183 6 449 1 715 7 981 6 1247 1 1280 1280
184 6 450 1 716 7 982 6 1248 1 1280 1280
185 6 451 1 717 7 983 6 1249 1 1280 1280
186 6 452 1 718 7 984 6 1250 1 1280 1280
187 6 453 1 719 7 985 6 1251 1 1280 1280
188 6 454 1 720 7 986 6 1252 1 1280 1280
189 6 455 1 721 7 987 6 1253 1 1280 1280
190 6 456 1 722 7 988 6 1254 1 1280 1280
191 6 457 1 723 7 989 6 1255 1 1280 1280
192 6 458 1 724 7 990 6 1256 1 1280 1280
193 6 459 1 725 7 991 6 1257 1 1280 1280
194 6 460 1 726 7 992 6 1258 1 1280 1280
195 6 461 1 727 7 993 6 1259 1 1280 1280
196 6 462 1 728 7 994 6 1260 1 1280 1280
197 6 463 1 729 7 995 6 1261 1 1280 1280
198 6 464 1 730 7 996 6 1262 1 1280 1280
199 6 465 1 731 7 997 6 1263 1 1280 1280
200 6 466 1 732 7 998 6 1264 1 1280 1280
201 6 467 1 733 7 999 6 1265 1 1280 1280
202 6 468 1 734 7 1000 6 1266 1 1280 1280
203 6 469 1 735 7 1001 6 1267 1 1280 1280
204 6 470 1 736 7 1002 6 1268 1 1280 1280
205 6 471 1 737 7 1003 6 1269 1 1280 1280
206 6 472 1 738 7 1004 6 1270 1 1280 1280
207 6 473 1 739 7 1005 6 1271 1 1280 1280
208 6 474 1 740 7 1006 6 1272 1 1280 1280
209 6 475 1 741 7 1007 6 1273 1 1280 1280
210 6 476 1 742 7 1008 6 1274 1 1280 1280
211 6 477 1 743 7 1009 6 1275 1 1280 1280
212 6 478 1 744 7 1010 6 1276 1 1280 1280
213 6 479 1 745 7 1011 6 1277 1 1280 1280
214 6 480 1 746 7 1012 6 1278 1 1280 1280
215 6 481 1 747 7 1013 6 1279 1 1280 1280
216 6 482 1 748 7 1014 6 1152 1 1280 1280
217 6 483 1 749 7 1015 6 1153 1 1280 1280
218 6 484 1 750 7 1016 6 1154 1 1280 1280
219 6 485 1 751 7 1017 6 1155 1 1280 1280
220 6 486 1 752 7 1018 6 1156 1 1280 1280
221 6 487 1 753 7 1019 6 1157 1 1280 1280
222 6 488 1 754 7 1020 6 1158 1 1280 1280
223 6 489 1 755 7 1021 6 1159 1 1280 1280
224 6 490 1 756 7 1022 6 1160 1 1280 1280
225 6 491 1 757 7 1023 6 1161 1 1280 1280
226 6 492 1 758 7 896 6 1162 1 1280 1280
227 6 493 1 759 7 897 6 1163 1 1280 1280
228 6 494 1 760 7 898 6 1164 1 1280 1280
229 6 495 1 761 7 899 6 1165 1 1280 1280
230 6 496 1 762 7 900 6 1166 1 1280 1280
231 6 497 1 763 7 901 6 1167 1 1280 1280
232 6 498 1 764 7 902 6 1168 1 1280 1280
233 6 499 1 765 7 903 6 1169 1 1280 1280
234 6 500 1 766 7 904 6 1170 1 1280 1280
235 6 501 1 767 7 905 6 1171 1 1280 1280
236 6 502 1 640 7 906 6 1172 1 1280 1280
237 6 503 1 641 7 907 6 1173 1 1280 1280
238 6 504 1 642 7 908 6 1174 1 1280 1280
239 6 505 1 643 7 909 6 1175 1 1280 1280
240 6 506 1 644 7 910 6 1176 1 1280 1280
241 6 507 1 645 7 911 6 1177 1 1280 1280
242 6 508 1 646 7 912 6 1178 1 1280 1280
243 6 509 1 647 7 913 6 1179 1 1280 1280
244 6 510 1 648 7 914 6 1180 1 1280 1280
245 6 511 1 649 7 915 6 1181 1 1280 1280
246 6 384 1 650 7 916 6 1182 1 1280 1280
247 6 385 1 651 7 917 6 1183 1 1280 1280
248 6 386 1 652 7 918 6 1184 1 1280 1280
249 6 387 1 653 7 919 6 1185 1 1280 1280
250 6 388 1 654 7 920 6 1186 1 1280 1280
251 6 389 1 655 7 921 6 1187 1 1280 1280
252 6 390 1 656 7 922 6 1188 1 1280 1280
253 6 391 1 657 7 923 6 1189 1 1280 1280
254 6 392 1 658 7 924 6 1190 1 1280 1280
255 6 393 1 659 7 925 6 1191 1 1280 1280
128 6 394 1 660 7 926 6 1192 1 1280 1280
129 6 395 1 661 7 927 6 1193 1 1280 1280
130 6 396 1 662 7 928 6 1194 1 1280 1280
131 6 397 1 663 7 929 6 1195 1 1280 1280
132 6 398 1 664 7 930 6 1196 1 1280 1280
