2048
1024
4
4 4 4 4 4 4 4 4 4 4 4 4 4 4 4 4 4 4 4 4 4 4 4 4 4 4 4 4 4 4 4 4 4 4 4 4 4 4 4 4 4 4 4 4 4 4 4 4 4 4 4 4 4 4 4 4 4 4 4 4 4 4 4 4 4 4 4 4 4 4 4 4 4 4 4 4 4 4 4 4 4 4 4 4 4 4 4 4 4 4 4 4 4 4 4 4 4 4 4 4 4 4 4 4 4 4 4 4 4 4 4 4 4 4 4 4 4 4 4 4 4 4 4 4 4 4 4 4 4 4 4 4 4 4 4 4 4 4 4 4 4 4 4 4 4 4 4 4 4 4 4 4 4 4 4 4 4 4 4 4 4 4 4 4 4 4 4 4 4 4 4 4 4 4 4 4 4 4 4 4 4 4 4 4 4 4 4 4 4 4 4 4 4 4 4 4 4 4 4 4 4 4 4 4 4 4 4 4 4 4 4 4 4 4 4 4 4 4 4 4 4 4 4 4 4 4 4 4 4 4 4 4 4 4 4 4 4 4 4 4 4 4 4 4 4 4 4 4 4 4 4 4 4 4 4 4 4 4 4 4 4 4 4 4 4 4 4 4 4 4 4 4 4 4 4 4 4 4 4 4 4 4 4 4 4 4 4 4 4 4 4 4 4 4 4 4 4 4 4 4 4 4 4 4 4 4 4 4 4 4 4 4 4 4 4 4 4 4 4 4 4 4 4 4 4 4 4 4 4 4 4 4 4 4 4 4 4 4 4 4 4 4 4 4 4 4 4 4 4 4 4 4 4 4 4 4 4 4 4 4 4 4 4 4 4 4 4 4 4 4 4 4 4 4 4 4 4 4 4 4 4 4 4 4 4 4 4 4 4 4 4 4 4 4 4 4 4 4 4 4 4 4 4 4 4 4 4 4 4 4 4 4 4 4 4 4 4 4 4 4 4 4 4 4 4 4 4 4 4 4 4 4 4 4 4 4 4 4 4 4 4 4 4 4 4 4 4 4 4 4 4 4 4 4 4 4 4 4 4 4 4 4 4 4 4 4 4 4 4 4 4 4 4 4 4 4 4 4 4 4 4 4 4 4 4 4 4 4 4 4 4 4 4 4 4 4 4 4 4 4 4 4 4 4 4 4 4 4 4 4 4 4 4 4 4 4 4 4 4 4 4 4 4 4 4 4 4 4 4 4 4 4 4 4 4 4 4 4 4 4 4 4 4 4 4 4 4 4 4 4 4 4 4 4 4 4 4 4 4 4 4 4 4 4 4 4 4 4 4 4 4 4 4 4 4 4 4 4 4 4 4 4 4 4 4 4 4 4 4 4 4 4 4 4 4 4 4 4 4 4 4 4 4 4 4 4 4 4 4 4 4 4 4 4 4 4 4 4 4 4 4 4 4 4 4 4 4 4 4 4 4 4 4 4 4 4 4 4 4 4 4 4 4 4 4 4 4 4 4 4 4 4 4 4 4 4 4 4 4 4 4 4 4 4 4 4 4 4 4 4 4 4 4 4 4 4 4 4 4 4 4 4 4 4 4 4 4 4 4 4 4 4 4 4 4 4 4 4 4 4 4 4 4 4 4 4 4 4 4 4 4 4 4 4 4 4 4 4 4 4 4 4 4 4 4 4 4 4 4 4 4 4 4 4 4 4 4 4 4 4 4 4 4 4 4 4 4 4 4 4 4 4 4 4 4 4 4 4 4 4 4 4 4 4 4 4 4 4 4 4 4 4 4 4 4 4 4 4 4 4 4 4 4 4 4 4 4 4 4 4 4 4 4 4 4 4 4 4 4 4 4 4 4 4 4 4 4 4 4 4 4 4 4 4 4 4 4 4 4 4 4 4 4 4 4 4 4 4 4 4 4 4 4 4 4 4 4 4 4 4 4 4 4 4 4 4 4 4 4 4 4 4 4 4 4 4 4 4 4 4 4 4 4 4 4 4 4 4 4 4 4 4 4 4 4 4 4 4 4 4 4 4 4 4 4 4 4 4 4 4 4 4 4 4 4 4 4 4 4 4 4 4 4 4 4 4 4 4 4 4 4 4 4 4 4 4 4 4 4 4 4 4 4 4 4 4 4 4 4 4 4 4 4 4 4 4 4 4 4 4 4 4 4 4 4 4 4 4 4 4 4 4 4 4 4 4 4 4 4 4 4 4 4 4 4 4 4 4 4 4 4 4 4 4 4 4 4 4 4 4 4 4 4 4 4 4 4 4 4 4 4 4 4 4 4 4 4 4 4 4 4 4 4 4 4 4 4 4 4 4 4 4 4 4 4 4 4 4 4 4 4 4 4 4 
1 513 1025 1554 
2 514 1026 1555 
3 515 1027 1556 
4 516 1028 1557 
5 517 1029 1558 
6 518 1030 1559 
7 519 1031 1560 
8 520 1032 1561 
9 521 1033 1562 
10 522 1034 1563 
11 523 1035 1564 
12 524 1036 1565 
13 525 1037 1566 
14 526 1038 1567 
15 527 1039 1568 
16 528 1040 1569 
17 529 1041 1552 
18 530 1042 1570 
19 531 1043 1571 
20 532 1044 1572 
21 533 1045 1573 
22 534 1046 1574 
23 535 1047 1575 
24 536 1048 1576 
25 537 1049 1577 
26 538 1050 1578 
27 539 1051 1579 
28 540 1052 1580 
29 541 1053 1581 
30 542 1054 1582 
31 524 1055 1583 
26 543 1056 1584 
32 544 1057 1585 
33 545 1058 1586 
34 546 1059 1587 
35 547 1060 1588 
36 548 1061 1589 
37 549 1062 1590 
4 550 1063 1591 
38 551 1064 1592 
39 552 1065 1593 
40 553 1066 1594 
41 554 1067 1595 
42 555 1068 1596 
43 556 1069 1597 
44 557 1070 1598 
45 558 1071 1599 
46 559 1072 1600 
47 560 1073 1601 
48 561 1074 1602 
37 562 1075 1603 
49 563 1028 1604 
50 564 1076 1605 
51 565 1077 1606 
52 566 1078 1607 
53 567 1079 1608 
54 568 1080 1609 
55 569 1081 1610 
19 570 1082 1611 
56 571 1083 1612 
57 572 1084 1613 
58 573 1085 1614 
59 574 1086 1520 
60 575 1087 1531 
61 576 1088 1615 
62 577 1089 1616 
63 578 1090 1617 
64 579 1091 1618 
65 580 1092 1619 
66 581 1093 1528 
66 582 1094 1620 
67 583 1095 1621 
68 584 1096 1622 
69 585 1097 1623 
70 586 1098 1624 
71 587 1099 1497 
72 588 1100 1625 
73 589 1064 1626 
57 590 1101 1627 
74 591 1102 1628 
75 592 1103 1629 
76 593 1104 1630 
77 594 1105 1631 
78 595 1055 1557 
79 596 1106 1632 
65 597 1107 1633 
80 570 1108 1579 
81 598 1109 1597 
82 599 1110 1634 
83 600 1111 1635 
84 601 1112 1636 
85 602 1113 1620 
86 603 1083 1637 
87 604 1114 1638 
88 605 1115 1639 
89 606 1116 1574 
90 607 1117 1640 
91 608 1118 1641 
92 609 1119 1642 
56 610 1120 1601 
93 611 1121 1538 
94 612 1122 1643 
95 613 1123 1644 
96 545 1124 1645 
85 555 1125 1646 
97 614 1126 1647 
98 615 1127 1648 
99 616 1128 1649 
100 617 1129 1650 
101 618 1130 1651 
102 619 1131 1652 
103 620 1132 1653 
104 621 1109 1654 
94 622 1133 1655 
105 623 1134 1656 
106 567 1135 1657 
107 624 1136 1658 
108 625 1137 1659 
109 626 1138 1660 
110 627 1139 1661 
111 628 1140 1628 
112 629 1141 1662 
113 531 1142 1663 
114 630 1143 1664 
115 631 1144 1665 
116 632 1145 1666 
117 633 1146 1667 
118 634 1147 1668 
119 634 1148 1669 
120 635 1126 1670 
121 636 1149 1671 
122 637 1150 1672 
123 638 1151 1673 
124 639 1152 1674 
125 640 1153 1675 
126 641 1154 1676 
127 536 1027 1677 
128 642 1155 1648 
129 643 1156 1678 
130 644 1157 1679 
131 645 1158 1680 
132 608 1159 1681 
133 646 1160 1682 
77 647 1161 1683 
134 648 1162 1684 
135 649 1163 1593 
136 650 1047 1685 
137 651 1164 1607 
138 652 1165 1686 
139 653 1166 1687 
84 654 1167 1688 
140 655 1168 1689 
141 656 1169 1690 
142 657 1170 1691 
143 658 1144 1692 
144 659 1171 1693 
145 660 1037 1694 
146 661 1077 1695 
147 662 1172 1696 
148 663 1173 1697 
149 664 1174 1698 
42 665 1175 1699 
150 666 1176 1700 
151 647 1177 1701 
152 566 1178 1702 
123 667 1041 1703 
153 668 1179 1704 
154 669 1180 1705 
155 670 1181 1661 
156 671 1182 1706 
157 658 1183 1617 
158 672 1184 1707 
159 673 1185 1708 
160 674 1186 1709 
161 675 1187 1710 
162 676 1188 1711 
163 677 1189 1663 
164 678 1190 1712 
165 679 1191 1713 
44 680 1192 1714 
166 681 1193 1715 
39 627 1194 1550 
167 682 1195 1716 
168 593 1196 1717 
169 683 1197 1718 
154 684 1198 1719 
170 685 1133 1720 
171 686 1199 1647 
172 600 1200 1721 
24 687 1201 1722 
64 688 1202 1723 
173 689 1157 1724 
174 690 1203 1725 
175 595 1204 1726 
36 691 1205 1727 
176 692 1204 1728 
177 693 1206 1729 
111 605 1207 1730 
178 694 1208 1731 
179 695 1209 1732 
177 696 1202 1733 
180 697 1210 1734 
181 698 1211 1735 
182 538 1212 1736 
41 699 1186 1576 
183 700 1187 1697 
184 701 1036 1737 
185 702 1213 1729 
186 703 1214 1459 
187 704 1045 1738 
188 705 1215 1739 
189 706 1216 1740 
190 638 1217 1596 
191 707 1168 1741 
174 708 1218 1705 
192 709 1219 1722 
193 653 1220 1742 
194 710 1129 1743 
194 663 1221 1635 
184 711 1222 1744 
195 712 1223 1745 
196 713 1224 1728 
197 714 1225 1249 
198 715 1226 1712 
199 632 1095 1746 
200 716 1227 1708 
201 717 1228 1747 
202 718 1229 1748 
80 719 1230 1749 
203 720 1231 1750 
204 721 1232 1751 
93 626 1080 1558 
205 722 1137 1752 
206 723 1233 1753 
207 724 1234 1457 
208 725 1235 1754 
160 726 1236 1755 
209 727 1237 1756 
101 561 1238 1578 
210 728 1239 1644 
211 687 1240 1757 
212 729 1241 1758 
213 730 1242 1440 
214 617 1243 1759 
215 731 1052 1760 
216 596 1244 1761 
217 732 1245 1523 
218 733 1246 1762 
219 734 1247 1605 
220 623 1248 1763 
221 551 1249 1764 
222 735 1250 1757 
223 736 1251 1672 
43 737 1252 1765 
224 607 1253 1766 
144 738 1254 1767 
225 739 1119 1768 
226 740 1255 1769 
227 646 1256 1770 
228 741 1257 1764 
229 742 1258 1771 
230 676 1259 1772 
231 743 1260 1773 
232 744 1147 1766 
138 585 1261 1774 
233 745 1262 1671 
234 743 1115 1650 
235 746 1211 1775 
32 747 1263 1776 
236 666 1264 1777 
237 748 1265 1778 
238 543 1266 1699 
239 749 1111 1779 
240 750 1169 1619 
241 622 1049 1780 
242 751 1267 1637 
243 527 1268 1781 
244 752 1269 1782 
245 699 1270 1632 
246 753 1108 1783 
221 754 1271 1726 
1 755 1272 1784 
247 756 1273 1785 
248 722 1274 1786 
249 757 1275 1768 
250 758 1276 1787 
251 759 1232 1542 
252 760 1277 1788 
253 761 1278 1789 
254 762 1279 1598 
255 763 1280 1595 
256 748 1281 1695 
257 762 1282 1790 
258 764 1274 1791 
259 765 1283 1792 
115 766 1141 1793 
164 767 1261 1794 
260 689 1284 1795 
261 768 1145 1796 
262 769 1285 1797 
199 770 1286 1568 
263 771 1287 1798 
264 772 1272 1799 
265 773 1288 1586 
105 774 1289 1800 
266 775 1166 1801 
267 776 1290 1802 
268 777 1291 1803 
269 778 1292 1660 
82 779 1293 1804 
190 780 1294 1805 
270 769 1295 1806 
99 781 1066 1807 
271 782 1296 1808 
272 696 1297 1809 
273 783 1025 1696 
118 784 1298 1638 
274 785 1299 1810 
275 786 1300 1796 
63 606 1301 1811 
276 787 1048 1812 
167 788 1302 1813 
277 757 1303 1814 
278 789 1304 1815 
156 790 1305 1816 
75 791 1306 1817 
279 701 1307 1818 
280 737 1308 1819 
205 792 1309 1522 
281 793 1226 1820 
279 794 1310 1821 
282 795 1311 1633 
192 550 1312 1822 
283 796 1313 1823 
284 773 1035 1824 
140 797 1314 1825 
285 798 1315 1738 
188 799 1316 1826 
49 800 1189 1827 
286 801 1237 1735 
235 802 1304 1828 
5 535 1317 1829 
287 756 1194 1716 
125 803 1318 1580 
288 804 1160 1830 
187 805 1319 1566 
183 806 1320 1831 
289 807 1321 1787 
290 808 1322 1806 
291 809 1323 1832 
11 810 1324 1833 
292 811 1061 1834 
293 542 1029 1835 
287 812 1325 1836 
294 604 1326 1616 
295 734 1327 1751 
296 619 1328 1837 
297 575 1329 1812 
298 813 1330 1725 
195 814 1286 1838 
124 728 1331 1801 
299 785 1332 1688 
189 815 1125 1839 
300 816 1323 1551 
301 817 1124 1769 
204 818 1333 1840 
302 819 1252 1841 
303 777 1200 1842 
304 820 1334 1746 
141 602 1335 1843 
83 615 1336 1583 
47 574 1337 1844 
305 558 1338 1845 
306 821 1173 1846 
307 822 1339 1847 
308 823 1340 1848 
50 824 1193 1849 
309 825 1224 1670 
310 811 1341 1850 
311 826 1328 1851 
147 827 1342 1852 
203 828 1343 1627 
312 829 1209 1853 
157 830 1344 1623 
313 751 1170 1853 
314 819 1345 1854 
315 799 1102 1855 
316 831 1346 1856 
278 678 1347 1857 
227 719 1348 1858 
317 832 1156 1378 
318 833 1349 1700 
68 834 1273 1760 
319 835 1350 1859 
45 836 1290 1857 
16 837 1351 1807 
320 838 1318 1860 
103 839 1352 1861 
321 840 1353 1771 
113 721 1354 1740 
181 774 1355 1622 
38 826 1356 1813 
220 841 1183 1241 
322 738 1357 1862 
313 827 1053 1492 
323 583 1358 1863 
324 842 1359 1758 
240 843 1360 1785 
116 671 1361 1864 
325 844 1239 1865 
250 845 1039 1866 
326 846 1199 1733 
327 685 1362 1867 
328 847 1213 1656 
329 586 1363 1868 
330 848 1364 1869 
331 849 1242 1803 
332 793 1365 1720 
333 850 1366 1608 
334 633 1367 1867 
335 520 1368 1662 
336 851 1296 1870 
298 706 1367 1871 
337 798 1369 1872 
338 618 1234 1861 
339 852 1155 1161 
340 532 1370 1873 
197 853 1371 1874 
290 854 1372 1875 
341 651 1373 1876 
342 754 1374 1759 
46 781 1335 1877 
343 675 1248 1702 
344 855 1094 1618 
345 659 1375 1761 
346 713 1331 1587 
347 856 1376 1878 
267 636 1060 1626 
348 672 1079 1682 
349 857 1285 1681 
347 810 1212 1879 
350 844 1377 1877 
92 572 1378 1880 
283 591 1264 1881 
17 858 1312 1701 
351 859 1372 1575 
352 860 1379 1882 
353 861 1380 1556 
71 842 1033 1883 
354 862 1381 1884 
242 863 1382 1885 
208 710 1217 1886 
319 742 1251 1887 
355 864 1138 1814 
198 859 1197 1888 
356 865 1355 1889 
357 736 1383 1624 
318 866 1291 1890 
358 867 1057 1547 
359 868 1384 1891 
87 747 1385 1762 
360 559 1386 1892 
361 759 1294 1893 
362 580 1205 1894 
307 690 1162 1659 
356 869 1085 1779 
363 851 1387 1677 
273 841 1388 1895 
364 870 1389 1669 
365 871 1283 1698 
366 825 1390 1896 
367 872 1280 1734 
163 616 1391 1897 
136 569 1275 1739 
271 873 1127 1798 
368 635 1229 1898 
252 874 1184 1899 
369 715 1392 1900 
275 875 1195 1625 
370 876 1393 1879 
15 877 1394 1564 
371 849 1284 1901 
317 878 1172 1902 
372 514 1313 1903 
90 879 1395 1904 
373 598 1334 1731 
374 792 1396 1905 
375 880 1397 1655 
72 796 1150 1854 
53 881 1398 1906 
376 544 1399 1907 
377 882 1400 1792 
276 883 1401 1908 
378 884 1402 1719 
379 885 1210 1909 
380 620 1062 1780 
336 865 1256 1777 
337 563 1403 1713 
380 588 1403 1910 
130 886 1297 1742 
381 887 1223 1911 
212 852 1404 1912 
382 888 1358 1913 
323 643 1405 1815 
76 839 1406 1914 
383 889 1056 1829 
384 890 1342 1790 
385 891 1407 1915 
386 892 1046 1822 
387 764 1408 1748 
388 893 1409 1916 
330 882 1130 1917 
389 894 1051 1918 
390 895 1410 1894 
391 896 1411 1919 
392 716 1412 1680 
393 868 1293 1860 
358 897 1413 1920 
120 854 1321 1727 
266 898 1139 1912 
114 547 1365 1646 
394 894 1380 1841 
142 899 1414 1831 
159 900 1075 1641 
268 901 1415 1653 
392 902 1416 1788 
395 787 1258 1686 
88 789 1417 1921 
338 669 1418 1918 
396 903 1419 1922 
385 772 1341 1703 
259 904 1420 1887 
397 905 1135 1685 
398 906 1421 1923 
129 697 1422 1924 
399 612 1423 1925 
400 907 1259 1582 
401 908 1201 1840 
402 909 1424 1859 
403 603 1425 1765 
404 910 1413 1926 
145 824 1426 1927 
384 909 1228 1904 
405 820 1040 1882 
233 579 1427 1928 
406 911 1100 1929 
296 613 1428 1676 
407 850 1182 1849 
408 912 1429 1930 
409 913 1034 1931 
410 805 1354 1889 
411 914 1329 1932 
412 915 1430 1933 
311 581 1405 1934 
107 916 1221 1935 
413 835 1043 1778 
414 884 1276 1936 
171 917 1431 1937 
257 915 1178 1938 
241 918 1350 1939 
415 809 1363 1940 
260 548 1065 1941 
339 919 1432 1714 
416 573 1345 1938 
121 740 1114 1942 
247 920 1101 1943 
417 587 1396 1944 
418 745 1233 1945 
419 921 1433 1693 
206 922 1434 1865 
420 712 1435 1694 
117 866 1110 1946 
381 654 1436 1947 
343 923 1120 1948 
421 924 1315 1592 
60 925 1437 1855 
422 795 1416 1949 
423 926 1438 1950 
222 927 1395 1816 
97 704 1439 1951 
424 928 1440 1821 
425 828 1177 1838 
201 929 1441 1917 
368 930 1442 1935 
31 910 1443 1952 
426 645 1088 1953 
7 656 1438 1687 
13 802 1279 1954 
284 931 1388 1954 
369 539 1349 1709 
427 932 1444 1955 
428 933 1384 1629 
215 752 1445 1878 
429 934 1159 1665 
430 864 1311 1604 
328 935 1393 1667 
396 936 1192 1956 
89 897 1446 1903 
179 937 1379 1826 
431 938 1190 1819 
432 939 1113 1957 
58 940 1447 1559 
237 941 1123 1561 
433 767 1050 1948 
434 942 1369 1958 
435 943 1287 1959 
432 944 1257 1960 
436 945 1215 1612 
30 936 1448 1914 
155 946 1449 1804 
377 947 1371 1961 
361 549 1450 1645 
437 948 1426 1962 
229 949 1375 1911 
98 707 1451 1900 
438 804 1452 1963 
439 906 1255 1963 
421 950 1167 1964 
289 885 1134 1730 
51 951 1306 1846 
100 952 1435 1965 
96 953 1338 1966 
440 954 1164 1820 
286 898 1330 1967 
128 955 1453 1968 
441 926 1243 1577 
442 956 1415 1969 
196 957 1383 1970 
340 958 1185 1971 
59 625 1454 1972 
175 887 1455 1584 
200 959 1207 1690 
443 870 1098 1753 
213 960 1456 1973 
407 703 1059 1974 
395 560 1457 1950 
243 891 1225 1775 
81 652 1429 1975 
302 702 1458 1668 
394 746 1459 1971 
383 717 1460 1976 
444 961 1461 1843 
445 679 1462 1770 
446 962 1463 1955 
447 599 1464 1553 
122 963 1465 1825 
299 961 1076 1856 
335 815 1282 1737 
162 931 1444 1664 
27 562 1386 1977 
448 657 1466 1978 
78 905 1420 1928 
399 939 1339 1749 
249 964 1467 1979 
437 668 1463 1794 
449 601 1385 1980 
69 677 1346 1549 
450 965 1107 1981 
451 597 1468 1907 
452 822 1301 1982 
453 779 1469 1781 
427 848 1142 1983 
151 951 1470 1654 
324 966 1254 1621 
454 967 1118 1916 
364 732 1222 1984 
133 667 1389 1985 
310 888 1336 1835 
305 801 1471 1986 
246 922 1472 1639 
455 556 1449 1987 
280 968 1091 1988 
431 629 1409 1891 
456 949 1473 1630 
193 522 1474 1773 
150 665 1475 1989 
86 682 1476 1947 
110 952 1477 1603 
457 876 1414 1590 
303 969 1402 1990 
254 883 1478 1834 
393 913 1262 1562 
297 970 1227 1961 
426 901 1479 1786 
366 873 1112 1869 
458 918 1480 1919 
148 914 1351 1989 
459 874 1448 1591 
460 971 1481 1926 
461 641 1370 1747 
104 972 1482 1960 
462 582 1263 1883 
439 878 1468 1741 
441 928 1483 1991 
463 916 1467 1666 
95 973 1122 1992 
389 565 1484 1993 
452 735 1069 1851 
410 692 1300 1717 
285 970 1163 1994 
447 660 1245 1782 
412 808 1099 1805 
8 594 1361 1995 
315 540 1485 1951 
406 830 1486 1922 
464 833 1324 1827 
465 974 1143 1996 
466 954 1487 1997 
281 770 1474 1956 
158 642 1431 1844 
467 649 1488 1870 
363 791 1220 1906 
119 975 1401 1892 
465 945 1408 1998 
440 829 1376 1723 
468 831 1489 1707 
405 861 1310 1999 
469 976 1031 1673 
470 871 1042 1931 
471 977 1244 1934 
472 978 1490 1975 
316 730 1106 1981 
473 630 1491 1932 
420 896 1308 2000 
415 979 1097 1589 
474 661 1319 2001 
475 517 1400 1789 
476 813 1492 1874 
202 968 1419 1571 
261 980 1493 1937 
378 788 1067 1970 
10 981 1265 2002 
185 564 1236 1836 
255 982 1307 2002 
477 778 1074 2003 
468 877 1149 2001 
216 821 1494 1554 
478 534 1495 1800 
20 983 1496 1560 
238 984 1472 1958 
450 907 1340 1606 
272 577 1362 1610 
371 698 1054 1732 
479 958 1489 1933 
29 985 1364 1706 
18 967 1490 2004 
168 797 1497 1810 
172 578 1071 1976 
390 975 1436 1643 
326 986 1216 1866 
109 834 1427 1842 
344 683 1498 2005 
270 920 1452 1973 
327 959 1470 1832 
436 525 1451 1909 
357 978 1219 2006 
127 708 1499 1711 
476 893 1063 2007 
304 552 1500 2008 
480 644 1072 1886 
481 971 1250 1979 
482 987 1501 1809 
230 681 1424 2009 
239 988 1298 1924 
418 921 1391 1847 
34 860 1502 1567 
483 989 1503 1791 
131 584 1504 2010 
362 934 1499 2011 
477 990 1493 1724 
484 709 1206 1925 
91 655 1495 1651 
28 991 1392 2012 
459 837 1302 2013 
485 965 1505 1750 
486 557 1506 1811 
472 982 1131 1736 
245 855 1460 1930 
470 807 1507 1852 
423 938 1314 1969 
166 973 1508 1548 
466 761 1230 1995 
350 686 1509 1756 
487 533 1044 2014 
374 979 1253 1992 
462 992 1510 1710 
488 766 1397 1615 
373 974 1434 1884 
342 993 1090 2015 
288 956 1455 1863 
293 994 1511 2016 
489 944 1464 2017 
70 932 1477 1913 
9 790 1512 1536 
325 995 1087 1745 
269 637 1410 1997 
490 996 1513 2018 
173 935 1514 1945 
6 648 1377 1484 
291 980 1240 1962 
2 723 1271 2019 
332 568 1481 1993 
442 515 1382 2003 
170 727 1515 2020 
231 997 1357 1772 
491 998 1478 1966 
236 903 1516 2021 
490 999 1303 1563 
467 705 1517 2009 
448 823 1026 1839 
398 650 1411 1546 
178 674 1151 2022 
411 983 1305 2023 
40 1000 1267 1802 
492 964 1218 1823 
413 925 1326 1880 
35 693 1518 1959 
493 526 1515 1994 
494 836 1381 1817 
265 846 1504 2013 
495 1001 1432 1872 
496 1002 1277 1614 
329 680 1030 1902 
430 1003 1494 2024 
495 554 1421 2025 
226 990 1417 1565 
496 838 1487 1818 
214 1004 1180 1399 
458 1005 1430 1602 
21 553 1519 1953 
435 537 1500 1972 
483 1002 1146 2008 
497 998 1360 2026 
404 590 1520 1793 
186 765 1486 1588 
207 1006 1128 1901 
182 1007 1437 2027 
354 857 1447 1795 
402 1008 1407 1965 
225 858 1439 1921 
55 924 1441 1774 
498 972 1191 1581 
461 943 1521 1881 
388 784 1121 1767 
314 985 1522 2028 
349 516 1521 1982 
493 724 1523 2029 
499 664 1404 2030 
224 589 1524 1999 
244 768 1466 1845 
161 611 1525 1830 
3 729 1526 2031 
108 988 1502 2030 
482 529 1374 1888 
486 904 1247 2032 
379 927 1527 1555 
312 816 1332 2017 
443 720 1528 2023 
422 941 1418 2033 
277 940 1175 2034 
341 628 1086 1983 
74 1001 1469 1609 
485 1009 1165 2035 
498 1010 1235 2014 
480 1011 1529 1599 
387 832 1483 1987 
258 900 1501 2025 
191 688 1530 2035 
248 1012 1531 1657 
322 771 1152 1990 
54 1013 1532 1908 
352 917 1132 2032 
500 786 1505 1763 
454 1014 1524 1858 
308 744 1453 2036 
22 639 1394 2016 
106 953 1533 2012 
501 1015 1038 1652 
132 818 1078 1949 
348 662 1534 1896 
218 1016 1188 1594 
502 1015 1158 1862 
282 863 1070 1783 
353 962 1196 1939 
478 1013 1246 2037 
309 880 1325 1828 
424 957 1105 1718 
234 640 1526 1957 
433 817 1442 1683 
481 794 1288 1636 
294 948 1096 1784 
503 886 1266 2033 
264 518 1535 2038 
504 937 1092 1929 
444 749 1238 1998 
210 847 1443 2034 
253 890 1104 1679 
52 714 1496 2039 
12 519 1516 2038 
370 624 1117 1923 
153 1017 1343 1977 
401 776 1352 1613 
112 758 1450 1996 
457 741 1387 1943 
79 986 1425 2027 
262 546 1270 1968 
419 670 1032 1511 
505 930 1356 1871 
429 942 1458 2005 
503 571 1536 1915 
479 984 1203 1980 
499 889 1333 1920 
501 814 1514 1991 
137 912 1479 1808 
506 718 1153 1985 
507 1018 1214 2040 
217 862 1174 1658 
417 1019 1537 1988 
408 755 1198 1898 
508 895 1084 2041 
491 760 1089 1527 
425 691 1538 1873 
139 1007 1506 1875 
502 1020 1347 2024 
23 523 1539 2042 
469 969 1508 2004 
223 996 1058 1897 
301 1003 1454 2043 
507 684 1525 1833 
62 780 1540 2044 
464 609 1541 1850 
391 592 1073 2022 
488 753 1510 2006 
453 1004 1533 1940 
455 731 1406 1572 
351 711 1476 1684 
509 950 1471 1611 
331 933 1542 1704 
232 725 1543 1642 
355 1021 1366 1837 
321 919 1309 2044 
211 812 1475 1689 
25 1014 1269 1317 
135 955 1116 1893 
292 803 1513 1974 
434 981 1534 1721 
463 576 1518 2031 
149 977 1541 2045 
400 673 1390 1634 
359 995 1344 1691 
473 929 1171 1885 
67 843 1082 1570 
510 1018 1081 2043 
475 694 1422 2018 
509 621 1322 2041 
382 911 1519 2007 
126 963 1103 2020 
176 1022 1503 1532 
397 960 1423 1573 
375 1019 1208 2036 
33 726 1544 2015 
228 783 1537 1864 
306 991 1299 1674 
376 614 1545 2046 
446 999 1320 1446 
134 1010 1530 2040 
274 631 1546 2028 
511 923 1412 2046 
360 853 1547 1631 
471 782 1480 1600 
506 733 1368 1890 
460 1006 1398 1754 
445 750 1539 2047 
487 1023 1498 1895 
386 840 1348 1743 
102 521 1543 1876 
320 800 1548 1585 
180 775 1549 2047 
146 966 1544 1984 
438 1011 1316 1428 
508 902 1268 1755 
345 976 1289 1978 
169 899 1140 1715 
256 908 1462 2000 
474 879 1295 1675 
152 881 1550 1942 
456 1016 1136 1986 
333 993 1473 1936 
295 1009 1529 1899 
492 989 1093 1927 
165 997 1179 2048 
300 867 1491 1797 
512 1020 1507 1776 
497 806 1154 1752 
365 1017 1485 1905 
449 610 1445 1868 
61 872 1465 1941 
451 869 1512 1964 
143 1022 1482 2048 
504 763 1433 1944 
346 1000 1540 2039 
403 947 1260 2026 
14 1008 1176 1692 
505 1024 1278 1952 
73 700 1509 2011 
484 513 1488 1744 
372 856 1359 1456 
414 1005 1231 2042 
512 987 1281 1569 
494 994 1373 1910 
367 541 1545 1946 
428 1024 1148 1824 
500 1012 1068 2045 
209 1023 1353 1848 
489 528 1292 1967 
263 992 1327 2029 
48 946 1535 2019 
251 1021 1551 2021 
511 695 1552 1640 
409 875 1461 2037 
219 739 1181 2010 
416 845 1517 1649 
510 892 1553 1678 
334 530 1337 1799 
