2048
1024
6
6 6 6 6 6 6 6 6 6 6 6 6 6 6 6 6 6 6 6 6 6 6 6 6 6 6 6 6 6 6 6 6 6 6 6 6 6 6 6 6 6 6 6 6 6 6 6 6 6 6 6 6 6 6 6 6 6 6 6 6 6 6 6 6 6 6 6 6 6 6 6 6 6 6 6 6 6 6 6 6 6 6 6 6 6 6 6 6 6 6 6 6 6 6 6 6 6 6 6 6 6 6 6 6 6 6 6 6 6 6 6 6 6 6 6 6 6 6 6 6 6 6 6 6 6 6 6 6 6 6 6 6 6 6 6 6 6 6 6 6 6 6 6 6 6 6 6 6 6 6 6 6 6 6 6 6 6 6 6 6 6 6 6 6 6 6 6 6 6 6 6 6 6 6 6 6 6 6 6 6 6 6 6 6 6 6 6 6 6 6 6 6 6 6 6 6 6 6 6 6 6 6 6 6 6 6 6 6 6 6 6 6 6 6 6 6 6 6 6 6 6 6 6 6 6 6 6 6 6 6 6 6 6 6 6 6 6 6 6 6 6 6 6 6 6 6 6 6 6 6 6 6 6 6 6 6 6 6 6 6 6 6 6 6 6 6 6 6 6 6 6 6 6 6 6 6 6 6 6 6 6 6 6 6 6 6 6 6 6 6 6 6 6 6 6 6 6 6 6 6 6 6 6 6 6 6 6 6 6 6 6 6 6 6 6 6 6 6 6 6 6 6 6 6 6 6 6 6 6 6 6 6 6 6 6 6 6 6 6 6 6 6 6 6 6 6 6 6 6 6 6 6 6 6 6 6 6 6 6 6 6 6 6 6 6 6 6 6 6 6 6 6 6 6 6 6 6 6 6 6 6 6 6 6 6 6 6 6 6 6 6 6 6 6 6 6 6 6 6 6 6 6 6 6 6 6 6 6 6 6 6 6 6 6 6 6 6 6 6 6 6 6 6 6 6 6 6 6 6 6 6 6 6 6 6 6 6 6 6 6 6 6 6 6 6 6 6 6 6 6 6 6 6 6 6 6 6 6 6 6 6 6 6 6 6 6 6 6 6 6 6 6 6 6 6 6 6 6 6 6 6 6 6 6 6 6 6 6 6 6 6 6 6 6 6 6 6 6 6 6 6 6 6 6 6 6 6 6 6 6 6 6 6 6 6 6 6 6 6 6 6 6 6 6 6 6 6 6 6 6 6 6 6 6 6 6 6 6 6 6 6 6 6 6 6 6 6 6 6 6 6 6 6 6 6 6 6 6 6 6 6 6 6 6 6 6 6 6 6 6 6 6 6 6 6 6 6 6 6 6 6 6 6 6 6 6 6 6 6 6 6 6 6 6 6 6 6 6 6 6 6 6 6 6 6 6 6 6 6 6 6 6 6 6 6 6 6 6 6 6 6 6 6 6 6 6 6 6 6 6 6 6 6 6 6 6 6 6 6 6 6 6 6 6 6 6 6 6 6 6 6 6 6 6 6 6 6 6 6 6 6 6 6 6 6 6 6 6 6 6 6 6 6 6 6 6 6 6 6 6 6 6 6 6 6 6 6 6 6 6 6 6 6 6 6 6 6 6 6 6 6 6 6 6 6 6 6 6 6 6 6 6 6 6 6 6 6 6 6 6 6 6 6 6 6 6 6 6 6 6 6 6 6 6 6 6 6 6 6 6 6 6 6 6 6 6 6 6 6 6 6 6 6 6 6 6 6 6 6 6 6 6 6 6 6 6 6 6 6 6 6 6 6 6 6 6 6 6 6 6 6 6 6 6 6 6 6 6 6 6 6 6 6 6 6 6 6 6 6 6 6 6 6 6 6 6 6 6 6 6 6 6 6 6 6 6 6 6 6 6 6 6 6 6 6 6 6 6 6 6 6 6 6 6 6 6 6 6 6 6 6 6 6 6 6 6 6 6 6 6 6 6 6 6 6 6 6 6 6 6 6 6 6 6 6 6 6 6 6 6 6 6 6 6 6 6 6 6 6 6 6 6 6 6 6 6 6 6 6 6 6 6 6 6 6 6 6 6 6 6 6 6 6 6 6 6 6 6 6 6 6 6 6 6 6 6 6 6 6 6 6 6 6 6 6 6 6 6 6 6 6 6 6 6 6 6 6 6 6 6 6 6 6 6 6 6 6 6 6 6 6 6 6 6 6 6 6 6 6 6 6 6 6 6 6 6 6 6 6 6 6 6 6 6 6 6 6 6 6 6 6 6 6 6 6 6 6 6 6 6 6 6 6 6 6 6 6 6 6 6 6 6 6 6 6 6 6 6 6 6 6 6 6 6 6 6 6 6 6 6 6 6 6 6 
1 343 688 1033 1371 1723 
2 344 689 1034 1372 1724 
3 345 690 1035 1373 1681 
4 346 691 1036 1374 1725 
5 347 692 1037 1375 1726 
6 348 693 1038 1376 1727 
7 349 694 1039 1377 1728 
8 350 695 1040 1378 1729 
9 351 696 1041 1379 1730 
10 352 697 1042 1359 1731 
11 353 698 1043 1380 1732 
12 354 699 1044 1381 1733 
13 355 700 1045 1382 1734 
14 356 701 1046 1383 1735 
15 357 702 1047 1384 1736 
16 358 703 1048 1385 1737 
17 359 704 1049 1386 1738 
18 360 705 1050 1387 1739 
13 361 706 1051 1388 1740 
19 362 706 1052 1389 1741 
20 363 707 1053 1390 1742 
21 364 708 1054 1391 1743 
22 365 709 1055 1392 1744 
23 366 710 1056 1393 1745 
24 367 711 1057 1394 1746 
25 368 712 1058 1395 1747 
26 369 713 1059 1396 1748 
27 370 714 1060 1397 1749 
28 371 715 1061 1398 1750 
29 372 716 1062 1399 1751 
30 373 717 1063 1400 1752 
19 374 718 1064 1401 1753 
31 375 719 1059 1402 1754 
32 371 720 1065 1403 1755 
33 376 721 1066 1404 1756 
33 377 722 1031 1405 1757 
34 378 723 1067 1406 1758 
2 379 724 1068 1407 1759 
35 380 725 1069 1408 1760 
36 381 726 1053 1388 1761 
37 382 727 917 1409 1748 
38 383 728 1051 1410 1762 
39 381 729 1070 1411 1763 
40 384 730 1071 1412 1764 
41 385 731 1072 1413 1765 
42 386 732 1073 1414 1766 
43 387 733 1074 1415 1767 
44 388 734 1075 1416 1768 
45 389 735 1076 1417 1769 
46 390 736 1077 1418 1770 
10 391 737 1078 1419 1771 
29 392 738 1079 1420 1772 
47 393 739 1080 1421 1773 
33 394 740 1081 1422 1774 
48 395 741 1082 1392 1716 
49 396 742 1083 1423 1775 
50 397 743 1084 1424 1776 
51 398 744 1085 1425 1777 
52 374 745 1086 1426 1778 
53 399 746 1057 1427 1779 
54 400 747 1087 1428 1780 
55 401 748 1052 1429 1781 
43 402 717 1088 1430 1782 
56 343 749 1089 1431 1783 
57 403 750 1065 1432 1685 
58 384 751 1090 1433 1784 
47 404 752 1091 1434 1785 
59 405 753 1092 1435 1786 
60 406 754 1093 1436 1787 
61 407 691 1094 1437 1788 
62 408 710 1095 1413 1789 
63 409 755 1096 1438 1790 
64 410 721 1097 1439 1791 
28 411 756 1098 1440 1792 
65 412 757 1072 1441 1793 
66 413 758 1099 1442 1794 
67 361 759 1100 1443 1795 
68 414 760 1101 1389 1619 
69 415 761 1096 1444 1796 
70 416 762 1102 1445 1797 
71 417 763 1103 1446 1798 
72 418 764 1104 1372 1799 
73 419 765 1105 1447 1800 
74 420 766 1106 1448 1801 
75 421 767 1107 1449 1802 
76 422 768 1108 1392 1803 
77 423 769 1109 1450 1757 
78 424 770 1110 1441 1804 
79 425 771 1111 1391 1805 
80 426 750 1112 1451 1785 
81 427 772 1113 1452 1806 
82 349 773 1114 1453 1727 
83 386 774 1115 1454 1743 
84 428 775 1116 1406 1807 
85 429 776 1117 1409 1808 
86 409 777 1118 1410 1809 
87 430 778 1119 1455 1810 
88 378 779 1120 1456 1811 
89 431 780 1121 1457 1812 
90 405 781 1122 1398 1813 
91 432 782 1123 1426 1814 
92 433 783 1124 1458 1777 
89 434 784 1041 1459 1815 
62 435 785 1125 1460 1788 
93 436 786 1126 1461 1816 
77 437 787 1127 1462 1817 
94 438 726 1128 1369 1818 
95 439 788 1129 1463 1819 
39 440 789 1130 1464 1820 
96 441 697 1131 1465 1821 
97 413 790 1132 1423 1439 
42 442 791 1036 1466 1822 
97 392 792 1133 1467 1823 
98 429 793 1134 1370 1824 
99 443 713 1071 1468 1825 
100 413 749 1067 1469 1799 
101 444 768 1135 1444 1804 
102 445 794 1095 1470 1826 
103 446 795 1136 1452 1827 
92 447 796 1137 1471 1828 
104 448 690 1138 1472 1829 
105 449 797 1088 1473 1830 
87 450 798 1134 1474 1831 
106 451 752 1027 1475 1832 
107 422 699 1139 1476 1833 
108 368 798 1097 1436 1834 
109 452 799 1140 1477 1835 
110 453 800 1141 1478 1836 
111 378 801 1142 1399 1837 
112 454 747 1053 1479 1838 
113 344 802 1127 1480 1700 
114 455 803 1143 1481 1839 
115 456 804 1144 1443 1840 
116 399 805 1145 1482 1841 
117 457 694 1146 1478 1842 
118 458 751 1147 1483 1843 
119 388 806 1148 1356 1844 
120 459 728 1149 1484 1843 
121 460 807 1150 1421 1753 
122 461 762 1151 1420 1845 
123 447 808 1152 1485 1726 
56 462 809 1153 1486 1846 
124 454 756 1154 1487 1806 
21 463 810 1130 1488 1847 
125 421 713 1155 1489 1848 
126 464 811 1156 1490 1849 
127 465 735 1029 1418 1747 
128 466 812 1157 1491 1850 
129 467 813 1158 1492 1851 
130 348 814 1159 1493 1852 
131 468 815 1160 1494 1853 
132 469 816 1161 1495 1854 
133 425 817 1162 1496 1695 
134 441 818 996 1412 1814 
80 470 819 1163 1497 1855 
135 457 799 1136 1498 1856 
136 471 820 1054 1499 1857 
137 472 821 1164 1417 1728 
138 432 822 1062 1500 1858 
32 350 823 1165 1501 1859 
22 473 702 1166 1502 1860 
139 474 824 1115 1503 1848 
140 475 825 1167 1498 1861 
141 476 826 1168 1363 1862 
20 477 827 1169 1504 1851 
111 478 828 1108 1505 1863 
142 479 829 1170 1506 1864 
143 480 830 1171 1507 1723 
140 481 831 1172 1433 1865 
144 420 824 1173 1402 1866 
145 482 725 1174 1395 1847 
146 367 832 1175 1508 1867 
147 483 833 1176 1372 1868 
148 484 702 1177 1437 1869 
149 424 746 1178 1509 1870 
150 485 834 1179 1510 1843 
151 486 835 1180 1488 1817 
152 487 836 1181 1511 1772 
18 488 837 1139 1512 1871 
12 489 838 1182 1442 1872 
144 405 716 1039 1513 1873 
153 490 839 1131 1489 1722 
154 491 840 1183 1447 1806 
155 364 837 1184 1384 1874 
156 492 693 1185 1514 1875 
157 399 724 1186 1515 1876 
72 396 841 1151 1516 1834 
21 493 842 1150 1517 1877 
158 387 835 1069 1518 1729 
159 494 843 1187 1499 1730 
160 480 815 1188 1519 1878 
47 495 844 1127 1520 1879 
161 375 845 1189 1521 1880 
162 496 831 1190 1449 1881 
40 497 846 1191 1522 1813 
51 498 847 1161 1523 1882 
163 499 848 1192 1524 1859 
164 500 849 1139 1405 1709 
165 434 837 1120 1525 1883 
166 468 850 1182 1526 1884 
167 501 851 1152 1527 1885 
168 502 777 1193 1528 1886 
169 426 769 994 1529 1887 
69 503 852 1194 1530 1754 
170 504 764 1195 1531 1888 
157 412 853 1196 1497 1811 
171 505 854 1197 1532 1889 
100 506 855 1190 1533 1786 
172 485 856 1198 1534 1890 
173 507 857 1181 1396 1869 
174 508 710 1199 1535 1891 
175 509 853 1188 1536 1798 
176 510 858 1200 1533 1892 
177 390 705 1201 1537 1893 
178 511 859 1202 1538 1894 
174 512 775 1203 1381 1446 
118 513 860 1204 1539 1895 
179 514 861 1205 1540 1896 
180 515 862 1206 1541 1810 
181 516 863 1206 1366 1897 
182 455 864 1207 1496 1860 
82 517 865 1208 1542 1898 
95 518 866 1165 1543 1899 
183 519 867 1209 1544 1900 
184 520 736 1030 1504 1787 
185 519 868 1210 1545 1802 
186 521 750 1106 1546 1901 
103 359 869 1211 1547 1902 
187 427 811 1212 1548 1903 
139 522 793 1213 1438 1904 
188 523 779 1214 1549 1820 
178 369 706 1205 1550 1905 
189 419 714 1215 1551 1906 
190 524 870 1216 1385 1873 
190 525 832 1217 1439 1907 
191 526 871 1218 1510 1824 
22 527 872 1219 1478 1724 
192 442 737 1220 1526 1908 
193 528 873 1173 1552 1909 
194 529 874 1153 1553 1910 
96 530 875 1221 1554 1911 
195 360 876 1066 1555 1912 
196 531 787 1222 1556 1913 
197 532 838 1223 1557 1914 
84 377 877 1224 1558 1877 
198 533 872 1217 1506 1915 
149 501 801 1225 1559 1916 
58 534 878 1114 1560 1758 
94 535 828 1226 1561 1756 
199 536 766 1227 1441 1727 
200 537 844 1113 1430 1900 
196 475 879 1133 1394 1886 
201 538 743 1228 1562 1745 
78 517 880 1194 1563 1812 
202 489 831 1134 1564 1917 
203 539 786 1178 1493 1918 
16 540 825 1229 1565 1788 
94 541 881 1086 1566 1919 
204 542 865 1157 1386 1920 
205 539 882 1230 1567 1697 
92 543 738 1231 1418 1875 
206 544 883 1158 1568 1921 
53 545 850 1048 1058 1858 
207 546 791 1196 1559 1746 
160 530 884 1232 1398 1922 
208 522 885 1054 1569 1923 
59 398 886 1015 1570 1842 
102 396 881 1233 1571 1746 
145 547 745 1161 1572 1924 
98 548 722 1234 1573 1868 
209 531 849 1122 1574 1754 
210 549 887 1235 1514 1707 
50 550 791 1236 1550 1847 
211 448 807 1237 1575 1925 
159 379 888 1238 1411 1816 
95 551 889 1223 1576 1776 
70 535 890 1177 1577 1866 
41 491 729 1211 1529 1926 
125 353 891 1239 1578 1927 
212 487 892 1240 1569 1928 
114 474 893 1232 1458 1681 
1 425 894 1241 1579 1891 
213 463 895 1060 1580 1929 
193 371 821 1242 1581 1751 
214 552 869 1243 1497 1930 
120 553 760 1244 1582 1931 
215 373 688 1245 1547 1823 
102 342 770 1087 1400 1932 
216 356 896 1172 1375 1933 
217 521 711 1246 1583 1934 
218 476 897 1247 1584 1935 
63 433 727 1248 1585 1936 
219 554 860 1249 1515 1937 
110 555 722 1250 1380 1485 
220 469 898 1251 1428 1938 
221 368 899 1171 1586 1899 
32 556 876 1252 1587 1867 
222 557 720 1073 1494 1925 
38 558 789 1126 1588 1939 
223 484 900 1253 1589 1923 
224 559 754 1228 1590 1940 
216 560 795 1254 1535 1752 
142 561 826 1183 1546 1908 
225 507 901 1255 1591 1941 
226 562 902 1115 1486 1921 
227 563 871 1256 1472 1942 
154 526 903 1045 1583 1848 
192 564 745 1257 1592 1943 
134 513 804 1244 1589 1845 
228 355 904 1258 1457 1773 
169 565 905 1259 1536 1944 
62 566 811 927 1395 1945 
168 567 906 1099 1593 1756 
71 568 737 1260 1594 1946 
229 511 790 1140 1595 1947 
230 477 840 1187 1511 1899 
159 569 800 1208 1596 1854 
79 556 907 1124 1597 1904 
231 570 732 1261 1427 1866 
91 412 908 1246 1469 1810 
74 571 909 1148 1598 1825 
25 453 792 1036 1599 1767 
232 485 765 1260 1408 1522 
179 489 910 1262 1597 1829 
233 417 911 1263 1595 1750 
234 557 881 1264 1462 1948 
235 410 912 1265 1390 1721 
236 572 913 1226 1600 1949 
237 465 782 1266 1601 1950 
238 573 806 950 1561 1951 
239 574 914 1218 1602 1952 
240 575 915 1049 1470 1939 
233 432 719 1152 1410 1918 
241 357 916 1267 1559 1953 
242 527 891 1041 1603 1954 
243 576 850 1250 1424 1750 
162 382 687 1062 1376 1955 
244 345 810 1226 1468 1956 
245 577 805 1117 1549 1686 
3 520 880 1261 1604 1937 
42 578 917 1268 1605 1680 
121 394 918 1269 1551 1917 
137 393 808 1214 1470 1741 
219 579 919 1270 1606 1957 
99 577 920 1246 1607 1958 
165 580 817 1271 1500 1959 
246 574 877 1272 1608 1960 
6 581 914 1149 1609 1738 
247 582 839 1245 1585 1798 
248 449 873 1086 1610 1912 
249 548 921 1235 1477 1771 
211 583 839 1273 1606 1830 
136 584 878 1274 1532 1724 
138 479 868 1275 1379 1961 
57 585 922 1241 1513 1879 
250 483 923 1276 1611 1962 
24 490 924 1046 1612 1963 
251 402 812 1210 1427 1723 
52 514 925 1277 1582 1876 
25 586 926 1059 1613 1964 
169 587 927 1265 1528 1965 
252 568 904 1278 1471 1928 
248 582 819 1025 1406 1966 
253 588 800 1279 1484 1841 
58 386 911 1077 1614 1832 
238 442 827 1089 1548 1941 
254 589 751 1280 1571 1967 
104 536 928 1219 1615 1962 
255 590 929 1189 1419 1827 
34 591 796 1281 1401 1780 
191 472 930 1199 1616 1968 
126 592 893 1198 1607 1893 
198 404 931 1033 1607 1787 
138 414 932 1091 1617 1969 
226 593 682 1282 1450 1970 
245 486 826 1283 1405 1773 
99 594 933 1220 1492 1796 
256 595 934 1284 1596 1790 
257 461 733 1285 1618 1956 
258 464 876 1286 1619 1790 
23 596 897 1121 1558 1779 
259 597 824 1108 1587 1965 
248 549 645 1184 1411 1965 
260 598 849 1287 1382 1857 
249 487 711 1118 1525 1738 
261 599 767 1274 1542 1971 
262 358 774 1288 1514 1717 
234 452 935 1289 1620 1799 
19 600 922 1215 1621 1862 
224 443 879 1224 1435 1653 
8 550 931 1263 1622 1865 
263 601 770 1290 1512 1835 
264 479 762 1032 1562 1967 
239 602 851 1291 1537 1972 
214 445 759 1292 1614 1861 
265 499 936 988 1434 1795 
184 565 846 1046 1623 1973 
266 583 801 1147 1615 1872 
204 459 845 1293 1437 1974 
216 495 937 1294 1374 1975 
185 603 938 1295 1509 1796 
170 456 939 1296 1451 1976 
221 397 940 1297 1448 1714 
262 580 843 1049 1624 1963 
220 604 797 1279 1625 1831 
267 605 688 1298 1602 1977 
268 401 840 1270 1495 1968 
269 585 903 1050 1609 1761 
270 562 718 961 1626 1978 
172 519 700 1284 1504 1979 
271 491 822 1299 1627 1980 
272 457 941 1293 1628 1971 
133 606 768 1300 1485 1976 
46 435 942 1301 1554 1920 
134 607 744 1258 1629 1963 
82 608 802 1302 1630 1958 
273 458 943 1154 1631 1981 
23 540 944 1303 1451 1821 
274 609 778 1140 1422 1864 
198 610 697 1300 1538 1767 
213 611 753 1207 1632 1982 
106 612 945 1304 1397 1865 
189 592 946 1112 1489 1983 
148 348 947 1068 1633 1984 
197 482 948 1169 1527 1985 
156 613 949 1305 1438 1793 
36 534 947 1306 1394 1812 
275 500 914 1307 1627 1986 
276 444 950 1308 1443 1883 
68 576 928 1309 1634 1987 
277 614 947 1310 1635 1902 
130 615 847 1093 1403 1849 
278 372 929 1269 1636 1988 
44 370 951 1277 1520 1936 
279 506 952 1311 1637 1765 
200 611 836 1103 1523 1731 
280 616 867 1105 1432 1905 
281 450 698 1292 1402 1892 
282 528 953 1283 1630 1831 
9 526 781 1312 1638 1989 
283 617 954 1309 1631 1805 
284 513 955 1155 1500 1819 
252 618 936 1094 1639 1803 
181 606 773 1125 1407 1764 
285 619 956 1186 1605 1877 
192 516 957 1118 1640 1721 
220 530 755 1136 1532 1944 
286 606 958 1313 1540 1990 
287 620 959 1291 1610 1736 
272 545 803 1314 1641 1991 
265 621 783 1315 1628 1952 
288 622 689 1316 1624 1785 
164 623 960 1200 1455 1992 
254 561 817 1040 1642 1844 
236 623 822 1063 1643 1993 
289 624 884 1237 1380 1905 
65 620 788 1317 1434 1815 
45 356 961 1239 1644 1766 
277 402 885 1256 1404 1994 
290 625 843 1282 1645 1917 
117 438 919 1318 1594 1995 
247 376 854 1319 1623 1755 
285 441 962 1093 1646 1839 
268 586 963 1320 1384 1897 
291 525 894 1290 1647 1985 
129 383 924 1142 1591 1996 
130 514 792 1321 1648 1997 
36 626 716 1182 1649 1970 
292 627 902 1241 1556 1749 
293 597 724 1322 1548 1864 
235 625 920 1044 1639 1950 
80 628 964 1143 1636 1998 
225 580 965 1295 1422 1999 
27 352 963 1323 1600 2000 
283 424 740 1149 1377 1948 
294 629 842 1261 1357 1958 
8 630 966 1209 1650 1818 
121 631 967 1061 1651 2001 
71 632 928 1324 1537 1953 
295 436 774 1026 1460 2002 
142 633 715 1110 1643 1733 
124 553 937 1072 1454 2000 
170 634 966 1213 1639 2003 
38 437 889 1270 1507 1987 
60 546 799 1307 1391 1907 
296 509 886 1325 1633 2004 
197 635 708 1031 1536 2005 
297 634 701 1196 1382 1863 
205 636 709 1109 1467 1995 
57 576 968 1326 1645 1863 
206 439 882 1288 1453 1855 
298 570 936 1120 1510 2006 
299 524 693 1157 1373 2007 
300 407 969 1197 1425 1868 
301 562 695 1327 1552 1836 
283 587 909 1253 1652 1740 
302 411 970 1229 1567 1765 
230 637 961 1328 1400 1786 
65 638 971 1286 1630 2008 
233 469 972 1227 1457 1991 
73 448 973 1123 1381 2009 
203 460 941 1163 1653 1763 
269 478 756 1297 1611 1979 
44 639 866 1306 1654 1769 
303 494 913 1096 1475 2005 
182 640 974 1076 1575 2010 
304 538 714 1317 1476 1778 
103 567 926 1121 1655 1950 
168 492 930 1236 1656 2011 
86 614 833 1268 1522 1739 
111 453 975 1210 1551 1922 
305 636 904 1193 1445 2012 
306 467 922 1034 1650 1914 
307 641 872 1329 1458 2013 
308 630 760 1047 1505 1901 
145 460 976 1330 1506 1939 
195 642 776 1083 1557 1838 
251 565 963 1162 1657 2014 
309 643 856 1294 1448 2015 
143 353 977 1231 1499 1996 
151 644 978 1141 1658 2016 
183 645 979 1266 1659 1726 
101 600 855 1221 1660 1737 
304 509 880 1295 1661 2017 
119 400 980 1331 1611 1857 
108 646 923 1332 1604 2018 
54 435 981 1005 1520 1926 
310 535 795 1178 1387 1961 
242 482 982 1215 1516 1735 
255 389 686 1271 1620 1804 
210 647 818 1333 1662 1747 
218 373 781 1208 1618 1829 
203 648 836 1334 1431 1838 
61 649 983 1112 1495 2009 
231 569 731 1060 1663 1776 
296 604 984 1045 1664 1837 
208 438 952 1335 1578 1833 
150 430 924 1317 1593 1743 
311 571 971 1301 1665 1908 
162 650 985 1281 1666 1942 
280 605 786 1264 1666 1954 
115 472 757 1128 1625 1744 
59 632 669 1170 1404 1740 
275 651 823 1132 1667 1774 
250 507 805 1146 1562 1978 
297 652 986 1212 1420 1894 
234 653 884 1225 1528 2019 
90 358 986 1249 1544 1933 
263 416 860 1314 1593 1898 
312 654 987 1078 1509 1986 
300 655 776 1331 1424 1989 
271 547 988 1066 1629 1741 
313 351 816 1336 1534 1718 
155 415 986 1165 1651 1801 
122 612 933 1114 1574 2020 
49 351 989 1298 1453 1929 
314 633 950 1167 1667 1979 
243 446 696 1337 1373 1919 
302 621 934 1084 1416 2021 
153 613 695 1293 1513 1782 
315 597 990 1335 1612 1882 
30 653 990 1167 1389 1893 
316 646 985 1204 1668 1809 
107 588 929 1198 1579 1951 
317 656 740 1329 1378 2022 
292 415 726 1103 1628 1781 
78 551 966 1074 1554 2023 
317 414 732 1338 1669 1852 
98 404 991 1328 1670 2024 
100 486 728 1095 1671 1999 
298 657 886 1126 1672 1715 
152 608 960 1164 1673 1931 
125 626 967 1339 1452 2025 
318 366 992 1340 1674 2025 
45 650 771 1341 1675 2023 
243 658 985 1199 1676 1797 
182 466 749 1342 1573 1911 
16 560 993 1240 1304 1988 
241 659 974 1343 1545 1968 
88 610 927 1254 1597 1971 
149 595 902 1310 1521 2026 
140 629 729 1212 1647 2022 
313 651 958 1080 1531 1789 
7 660 984 1111 1549 1770 
319 467 717 1102 1613 1930 
4 623 759 1265 1576 2027 
303 626 835 1083 1652 1888 
209 658 765 1344 1423 1874 
29 395 994 1345 1677 1876 
267 566 995 1128 1678 1911 
64 568 915 1038 1679 1961 
49 593 864 1188 1680 1990 
320 661 996 1304 1672 1993 
275 569 997 1221 1526 2028 
321 547 943 1306 1681 1725 
271 662 935 1171 1682 2029 
50 529 802 1183 1465 2010 
308 590 798 1340 1588 2019 
123 385 940 1264 1383 1970 
48 406 692 1318 1534 1840 
221 656 998 1201 1492 1824 
15 515 991 1284 1605 1906 
322 663 994 1333 1446 1795 
311 503 995 1341 1507 1934 
158 643 709 1287 1683 1921 
189 664 883 1117 1533 2030 
127 367 767 1346 1665 1874 
313 589 874 1255 1435 2031 
81 410 982 1268 1658 2023 
26 665 999 1283 1646 1977 
251 666 1000 1044 1508 1668 
323 538 912 1173 1502 1947 
195 542 804 1345 1620 2004 
224 417 841 1342 1576 1800 
311 644 754 1269 1512 1953 
212 640 814 1192 1662 2015 
143 667 699 1244 1493 2032 
61 430 808 1050 1684 1959 
30 564 965 1179 1685 1818 
287 492 841 1187 1686 2033 
279 544 1001 1254 1675 1722 
41 655 900 1257 1519 1982 
303 550 846 1292 1543 1846 
316 668 1002 1074 1396 1946 
287 394 1003 1332 1460 1733 
186 462 910 1154 1461 2034 
240 346 967 1333 1596 2007 
76 493 1004 1222 1665 1933 
97 618 1005 1322 1687 1954 
324 524 1006 1239 1619 2035 
323 501 1007 1326 1449 1518 
260 389 1008 1131 1570 1736 
302 669 948 1204 1530 1890 
158 586 1009 1347 1660 1942 
141 427 1010 1175 1606 1875 
39 670 931 1303 1688 1719 
229 527 1000 1023 1561 1896 
67 498 896 1160 1482 1792 
319 671 1011 1084 1419 1775 
266 365 952 1348 1604 1945 
301 398 918 1349 1627 2036 
325 650 964 1220 1544 1981 
35 518 920 1337 1632 2037 
291 451 1011 1350 1582 1842 
14 578 810 1125 1555 1853 
75 418 909 1235 1566 1820 
326 666 783 1335 1642 1985 
179 594 834 1056 1621 1993 
231 502 891 1350 1601 1763 
172 622 981 1351 1686 2038 
327 666 874 1160 1689 2035 
293 672 887 1205 1496 1815 
309 543 746 1352 1455 1915 
307 471 678 1340 1656 1887 
74 563 755 1067 1629 2013 
55 631 939 1111 1617 1895 
241 523 820 1113 1602 2008 
286 658 962 1148 1486 2039 
163 470 712 1353 1428 1840 
328 567 1008 1354 1481 1826 
43 657 973 1313 1578 1826 
181 510 978 1233 1634 1900 
164 470 772 1090 1580 1923 
279 601 819 1038 1677 1844 
295 581 1009 1255 1426 2040 
329 592 830 1032 1584 1955 
257 598 975 1355 1678 1828 
239 462 853 1042 1429 1889 
323 673 844 1159 1539 2033 
206 646 879 1100 1684 1837 
284 560 812 1079 1447 2040 
52 587 703 1334 1646 1853 
215 529 828 1085 1367 1888 
131 349 691 1354 1690 2013 
207 403 686 1356 1691 1814 
272 642 896 1123 1673 1964 
128 508 719 1273 1692 1791 
79 674 998 1211 1541 1744 
136 525 987 1353 1659 1712 
48 639 906 1216 1598 1884 
187 639 957 1081 1465 1904 
152 476 818 1310 1571 1938 
290 533 970 1180 1466 1947 
218 635 911 1339 1616 2041 
199 481 870 1174 1368 1909 
326 463 1012 1344 1662 1994 
187 354 1013 1248 1693 1997 
254 512 883 1043 1581 1956 
119 611 869 1217 1621 1732 
101 557 955 1035 1524 1887 
60 616 890 1346 1694 1885 
135 589 1014 1352 1555 2014 
108 600 752 1267 1677 1808 
175 648 949 1180 1670 1851 
329 497 708 1101 1469 1819 
281 651 959 1176 1679 2000 
330 629 968 1185 1570 1823 
331 638 894 1308 1473 1846 
93 423 734 1339 1695 1975 
309 508 1015 1238 1560 1849 
273 354 945 1141 1608 1830 
4 380 944 1357 1553 1873 
332 383 918 1219 1414 1890 
294 418 712 1179 1696 1850 
299 499 813 1323 1664 2042 
333 675 757 1358 1409 2019 
171 676 700 1061 1535 1935 
222 395 803 1359 1692 2028 
331 411 694 1243 1575 2042 
334 551 970 1336 1481 1959 
308 505 858 1227 1480 1996 
227 490 863 1110 1471 1817 
240 521 935 1351 1697 1777 
86 670 715 1277 1590 1898 
84 673 1016 1037 1694 1808 
120 452 684 1285 1668 1913 
246 478 999 1231 1696 1789 
115 419 1017 1077 1431 1992 
166 591 979 1356 1459 2024 
163 677 1002 1305 1654 1760 
289 484 1003 1079 1579 1884 
274 577 870 1085 1640 1957 
253 495 730 1324 1698 2036 
316 343 731 1166 1699 2002 
335 670 973 1230 1652 2043 
286 429 738 1051 1584 1852 
123 678 703 1071 1525 1774 
202 553 816 1075 1491 1935 
144 428 907 1279 1670 1983 
5 607 1018 1034 1692 1757 
147 627 758 1275 1498 2008 
55 474 747 1302 1383 1856 
290 361 690 998 1700 1957 
64 579 1019 1360 1701 1801 
269 647 1020 1296 1467 1827 
10 679 1003 1175 1379 2044 
201 458 793 1132 1529 2020 
336 652 1021 1069 1416 1990 
146 363 689 1345 1371 2039 
318 649 790 1037 1194 1973 
15 573 960 1252 1702 1811 
211 559 937 1202 1702 2021 
293 503 941 1201 1518 1969 
9 680 899 1334 1464 1845 
301 681 857 1359 1649 2045 
310 450 785 1082 1487 2031 
135 618 862 1223 1371 2042 
66 575 1022 1305 1703 2026 
333 468 981 1360 1704 1760 
274 352 794 1213 1440 1881 
306 583 953 1358 1553 1869 
306 619 780 1232 1614 1940 
165 574 707 1237 1587 1775 
83 563 1010 1361 1550 1926 
194 471 978 1065 1388 2029 
337 609 1022 1362 1689 1906 
229 617 704 1242 1565 1816 
46 654 888 1262 1691 1949 
317 596 873 1298 1641 1725 
325 555 829 1361 1661 1793 
177 640 934 1361 1705 2037 
17 382 925 1287 1706 1794 
280 488 930 1243 1425 1903 
116 346 871 1055 1590 1980 
338 604 1021 1338 1432 2038 
118 622 842 1323 1387 2041 
222 598 1001 1303 1586 1952 
217 505 997 1088 1515 1885 
339 637 912 1150 1707 2046 
14 671 996 1342 1552 1981 
281 584 921 1035 1673 1998 
244 605 915 1104 1483 2010 
87 648 956 1278 1667 1862 
133 559 988 1181 1442 1870 
190 408 903 1186 1444 1918 
175 392 671 1274 1637 1897 
85 633 899 1327 1393 1994 
212 416 917 1080 1695 1755 
321 603 851 1109 1581 2046 
329 599 1002 1039 1610 1759 
338 384 906 1245 1477 1962 
278 682 1023 1273 1708 2018 
194 465 923 1322 1709 1891 
35 624 946 1104 1710 1734 
261 572 861 1358 1711 1734 
89 663 892 1349 1433 1912 
299 627 858 1116 1482 1896 
335 554 905 1297 1386 1931 
157 440 1024 1043 1711 1924 
298 362 989 1082 1712 1940 
340 431 1006 1331 1399 2005 
113 615 895 1155 1365 1803 
5 364 925 1332 1521 1878 
300 443 1010 1355 1713 1909 
270 609 932 1144 1608 1748 
171 475 779 1143 1714 1732 
107 544 852 980 1640 1922 
282 504 890 1075 1472 2014 
3 647 982 1014 1484 1936 
336 520 1025 1092 1643 1656 
1 445 938 1048 1632 2036 
256 456 1019 1329 1657 1879 
176 360 964 1363 1502 2040 
156 558 739 1276 1541 1752 
235 599 789 1233 1375 1883 
104 612 758 1184 1539 1769 
215 628 945 1364 1704 1941 
113 409 976 1320 1487 1784 
291 681 723 1068 1417 1850 
20 393 1026 1312 1595 1895 
210 385 1016 1102 1657 2047 
93 572 775 1174 1601 2044 
18 617 1027 1330 1644 1982 
322 558 856 1290 1669 1967 
91 444 814 1081 1703 1784 
201 659 1001 1365 1715 1771 
174 661 975 1052 1583 2033 
122 423 990 1301 1679 1688 
161 536 965 1236 1490 2034 
334 662 723 1309 1569 2011 
112 613 1000 1225 1407 2043 
297 344 721 1056 1705 1955 
139 683 847 1357 1671 1966 
177 372 794 1193 1572 1902 
267 477 845 1024 1440 2016 
258 537 782 1318 1466 1813 
312 607 864 1366 1653 2024 
11 585 727 1228 1566 2012 
327 408 807 1129 1648 1946 
154 601 692 1262 1622 2021 
282 678 1024 1207 1647 1802 
328 481 939 1253 1594 1854 
81 447 980 1144 1403 1759 
185 397 741 1251 1421 1907 
129 645 763 1098 1674 1870 
28 466 1028 1090 1706 2032 
337 431 895 1234 1577 2009 
124 664 892 1078 1650 1882 
237 593 834 1177 1385 1932 
232 546 1013 1327 1600 1783 
252 496 821 1367 1592 1825 
54 624 680 1116 1568 1988 
155 684 942 1250 1648 1978 
262 660 908 1176 1599 1797 
141 683 704 1272 1445 1983 
288 516 1020 1202 1663 1858 
276 549 785 1124 1701 1728 
96 488 848 1133 1454 1464 
289 528 761 1311 1635 1822 
209 374 969 1162 1474 1821 
253 653 832 1153 1638 1977 
2 388 993 1224 1586 2017 
213 407 910 1135 1415 1780 
147 480 827 1168 1716 2030 
204 533 1016 1319 1616 2027 
37 459 1029 1368 1543 2003 
109 379 969 1286 1680 1880 
244 357 829 1294 1649 1720 
232 641 1004 1006 1564 2017 
341 665 976 1073 1708 2025 
227 541 838 1353 1682 2035 
228 512 932 1320 1519 1974 
117 370 796 1063 1717 1886 
66 464 999 1325 1690 1949 
278 596 901 1107 1475 1828 
53 635 1022 1158 1589 1856 
27 582 972 1100 1501 1753 
266 660 742 1330 1430 1783 
132 555 956 1070 1623 2038 
238 685 992 1299 1655 1710 
314 494 813 1354 1538 1778 
246 682 866 1170 1474 1920 
127 619 951 1040 1682 1690 
326 590 908 1343 1683 1768 
11 537 1030 1362 1461 1729 
339 359 863 1203 1718 1836 
292 548 944 1251 1591 1693 
131 377 1011 1105 1626 1934 
105 498 707 1281 1633 1927 
320 380 854 1271 1634 1995 
328 543 995 1101 1661 1807 
217 667 1008 1315 1450 1835 
321 483 753 1360 1456 1473 
257 552 784 1119 1557 2003 
236 455 971 1272 1568 1916 
196 390 953 1299 1678 1960 
284 500 766 1282 1707 1834 
77 637 875 1325 1408 1805 
263 523 815 1064 1491 2048 
249 685 742 1137 1501 1944 
315 345 979 1168 1588 1910 
277 406 946 1367 1413 1459 
56 376 977 1347 1463 1792 
268 669 921 1145 1709 1989 
26 573 885 1249 1669 1751 
276 636 857 1337 1689 1762 
223 676 1018 1137 1479 1910 
6 545 992 1328 1712 2039 
151 532 806 1091 1560 1860 
109 365 897 1192 1390 1969 
40 342 968 1055 1503 1924 
334 421 1013 1276 1702 1871 
200 355 1023 1058 1675 1758 
176 401 730 1321 1378 1960 
324 674 1018 1263 1658 2006 
69 362 1028 1364 1374 1938 
332 667 862 1311 1401 2048 
178 663 1031 1348 1545 1984 
264 654 949 1316 1651 1766 
112 616 855 1156 1641 1943 
258 679 940 1145 1642 2016 
166 657 705 1302 1508 1706 
230 594 720 1248 1505 1770 
180 461 954 1308 1540 1986 
70 674 725 1042 1659 1764 
322 504 773 1089 1603 1964 
161 680 878 1365 1612 1781 
237 631 848 1280 1716 1992 
333 561 1007 1138 1609 1997 
199 685 867 1247 1456 1761 
146 621 972 1122 1511 1735 
330 584 734 1142 1710 1791 
295 662 852 1191 1480 1779 
12 638 780 1319 1698 1855 
116 659 687 1336 1479 1966 
191 630 859 1314 1580 1861 
31 426 1004 1312 1705 2032 
223 579 784 1191 1626 1999 
318 554 735 1257 1488 1698 
330 511 797 1280 1463 1943 
106 347 898 1092 1700 2044 
188 632 861 1195 1476 1880 
188 502 962 1369 1713 2001 
294 391 913 1313 1687 1901 
327 602 764 1341 1684 1903 
68 363 882 1135 1671 1708 
305 420 951 1169 1718 1987 
219 451 893 1307 1415 2026 
180 679 984 1364 1558 1937 
75 454 1015 1363 1577 2007 
153 655 1028 1097 1531 1984 
13 620 905 1240 1691 1927 
324 449 916 1296 1530 1859 
259 391 889 1197 1635 1737 
228 628 888 1129 1694 2006 
325 400 959 1289 1517 1762 
242 675 993 1200 1503 2045 
259 366 1017 1289 1615 1929 
88 532 983 1260 1660 1749 
34 375 701 1230 1524 1841 
114 652 778 1324 1699 2043 
273 591 859 1222 1368 1919 
63 439 748 1247 1719 2004 
137 387 957 1275 1516 2046 
314 602 919 1189 1573 1932 
193 610 1012 1057 1699 1878 
342 615 1029 1229 1720 2041 
247 665 696 1267 1717 2022 
341 440 983 1315 1654 1894 
17 681 1014 1234 1546 1745 
67 614 942 1107 1638 1914 
285 581 933 1348 1701 2027 
160 643 771 1370 1397 2034 
261 473 943 1355 1624 1674 
225 515 748 1344 1572 1925 
173 649 868 1369 1547 1975 
319 518 1026 1190 1693 1980 
226 493 733 1252 1376 1973 
312 433 1009 1195 1517 2047 
250 634 989 1159 1688 1867 
167 644 677 1350 1393 1928 
90 664 916 1099 1676 1889 
320 571 739 1166 1494 1976 
51 668 769 1138 1617 1892 
73 683 938 1047 1721 2011 
128 434 743 1351 1377 1807 
338 608 718 1130 1599 2028 
148 403 948 1370 1655 2001 
85 436 1020 1076 1685 1974 
339 534 809 1209 1585 1916 
183 497 958 1242 1613 1872 
76 673 777 1352 1722 1742 
150 668 761 1343 1603 1972 
296 684 772 1033 1592 1720 
332 540 987 1362 1625 1871 
202 661 833 1163 1490 1833 
288 506 907 1291 1468 1523 
83 676 865 1326 1436 1772 
304 556 825 1258 1676 1948 
245 686 898 1206 1483 1782 
173 531 977 1087 1527 1998 
337 381 954 1347 1412 1972 
310 625 974 1338 1556 2047 
207 428 1019 1288 1563 1739 
331 578 787 1106 1715 1730 
31 541 1027 1185 1429 1839 
72 687 997 1259 1565 1915 
186 542 901 1070 1637 1768 
260 517 763 1156 1598 2037 
307 575 788 1172 1618 2031 
315 350 926 1214 1542 1800 
7 566 955 1278 1622 2045 
340 539 823 1256 1714 2030 
37 603 1021 1238 1703 1991 
214 672 830 1147 1663 2015 
184 496 877 1146 1683 2029 
335 510 887 1218 1414 2048 
305 642 820 1300 1563 1832 
340 677 736 1064 1645 1731 
270 473 1005 1259 1719 1930 
255 522 1030 1151 1704 1794 
256 564 698 1349 1631 2018 
105 595 1032 1203 1636 1687 
208 656 875 1094 1697 1711 
132 641 672 1164 1574 1822 
126 570 1007 1366 1567 1913 
24 675 741 1285 1696 1881 
205 347 809 1119 1664 1951 
336 422 900 1316 1666 2012 
110 437 1025 1346 1713 2020 
264 369 1012 1216 1462 1742 
341 588 744 1266 1564 2002 
265 552 1017 1321 1644 1809 
167 446 991 1098 1672 1945 
