3072
1536
6
6 6 6 6 6 6 6 6 6 6 6 6 6 6 6 6 6 6 6 6 6 6 6 6 6 6 6 6 6 6 6 6 6 6 6 6 6 6 6 6 6 6 6 6 6 6 6 6 6 6 6 6 6 6 6 6 6 6 6 6 6 6 6 6 6 6 6 6 6 6 6 6 6 6 6 6 6 6 6 6 6 6 6 6 6 6 6 6 6 6 6 6 6 6 6 6 6 6 6 6 6 6 6 6 6 6 6 6 6 6 6 6 6 6 6 6 6 6 6 6 6 6 6 6 6 6 6 6 6 6 6 6 6 6 6 6 6 6 6 6 6 6 6 6 6 6 6 6 6 6 6 6 6 6 6 6 6 6 6 6 6 6 6 6 6 6 6 6 6 6 6 6 6 6 6 6 6 6 6 6 6 6 6 6 6 6 6 6 6 6 6 6 6 6 6 6 6 6 6 6 6 6 6 6 6 6 6 6 6 6 6 6 6 6 6 6 6 6 6 6 6 6 6 6 6 6 6 6 6 6 6 6 6 6 6 6 6 6 6 6 6 6 6 6 6 6 6 6 6 6 6 6 6 6 6 6 6 6 6 6 6 6 6 6 6 6 6 6 6 6 6 6 6 6 6 6 6 6 6 6 6 6 6 6 6 6 6 6 6 6 6 6 6 6 6 6 6 6 6 6 6 6 6 6 6 6 6 6 6 6 6 6 6 6 6 6 6 6 6 6 6 6 6 6 6 6 6 6 6 6 6 6 6 6 6 6 6 6 6 6 6 6 6 6 6 6 6 6 6 6 6 6 6 6 6 6 6 6 6 6 6 6 6 6 6 6 6 6 6 6 6 6 6 6 6 6 6 6 6 6 6 6 6 6 6 6 6 6 6 6 6 6 6 6 6 6 6 6 6 6 6 6 6 6 6 6 6 6 6 6 6 6 6 6 6 6 6 6 6 6 6 6 6 6 6 6 6 6 6 6 6 6 6 6 6 6 6 6 6 6 6 6 6 6 6 6 6 6 6 6 6 6 6 6 6 6 6 6 6 6 6 6 6 6 6 6 6 6 6 6 6 6 6 6 6 6 6 6 6 6 6 6 6 6 6 6 6 6 6 6 6 6 6 6 6 6 6 6 6 6 6 6 6 6 6 6 6 6 6 6 6 6 6 6 6 6 6 6 6 6 6 6 6 6 6 6 6 6 6 6 6 6 6 6 6 6 6 6 6 6 6 6 6 6 6 6 6 6 6 6 6 6 6 6 6 6 6 6 6 6 6 6 6 6 6 6 6 6 6 6 6 6 6 6 6 6 6 6 6 6 6 6 6 6 6 6 6 6 6 6 6 6 6 6 6 6 6 6 6 6 6 6 6 6 6 6 6 6 6 6 6 6 6 6 6 6 6 6 6 6 6 6 6 6 6 6 6 6 6 6 6 6 6 6 6 6 6 6 6 6 6 6 6 6 6 6 6 6 6 6 6 6 6 6 6 6 6 6 6 6 6 6 6 6 6 6 6 6 6 6 6 6 6 6 6 6 6 6 6 6 6 6 6 6 6 6 6 6 6 6 6 6 6 6 6 6 6 6 6 6 6 6 6 6 6 6 6 6 6 6 6 6 6 6 6 6 6 6 6 6 6 6 6 6 6 6 6 6 6 6 6 6 6 6 6 6 6 6 6 6 6 6 6 6 6 6 6 6 6 6 6 6 6 6 6 6 6 6 6 6 6 6 6 6 6 6 6 6 6 6 6 6 6 6 6 6 6 6 6 6 6 6 6 6 6 6 6 6 6 6 6 6 6 6 6 6 6 6 6 6 6 6 6 6 6 6 6 6 6 6 6 6 6 6 6 6 6 6 6 6 6 6 6 6 6 6 6 6 6 6 6 6 6 6 6 6 6 6 6 6 6 6 6 6 6 6 6 6 6 6 6 6 6 6 6 6 6 6 6 6 6 6 6 6 6 6 6 6 6 6 6 6 6 6 6 6 6 6 6 6 6 6 6 6 6 6 6 6 6 6 6 6 6 6 6 6 6 6 6 6 6 6 6 6 6 6 6 6 6 6 6 6 6 6 6 6 6 6 6 6 6 6 6 6 6 6 6 6 6 6 6 6 6 6 6 6 6 6 6 6 6 6 6 6 6 6 6 6 6 6 6 6 6 6 6 6 6 6 6 6 6 6 6 6 6 6 6 6 6 6 6 6 6 6 6 6 6 6 6 6 6 6 6 6 6 6 6 6 6 6 6 6 6 6 6 6 6 6 6 6 6 6 6 6 6 6 6 6 6 6 6 6 6 6 6 6 6 6 6 6 6 6 6 6 6 6 6 6 6 6 6 6 6 6 6 6 6 6 6 6 6 6 6 6 6 6 6 6 6 6 6 6 6 6 6 6 6 6 6 6 6 6 6 6 6 6 6 6 6 6 6 6 6 6 6 6 6 6 6 6 6 6 6 6 6 6 6 6 6 6 6 6 6 6 6 6 6 6 6 6 6 6 6 6 6 6 6 6 6 6 6 6 6 6 6 6 6 6 6 6 6 6 6 6 6 6 6 6 6 6 6 6 6 6 6 6 6 6 6 6 6 6 6 6 6 6 6 6 6 6 6 6 6 6 6 6 6 6 6 6 6 6 6 6 6 6 6 6 6 6 6 6 6 6 6 6 6 6 6 6 6 6 6 6 6 6 6 6 6 6 6 6 6 6 6 6 6 6 6 6 6 6 6 6 6 6 6 6 6 6 6 6 6 6 6 6 6 6 6 6 6 6 6 6 6 6 6 6 6 6 6 6 6 6 6 6 6 6 6 6 6 6 6 6 6 6 6 6 6 6 6 6 6 6 6 6 6 6 6 6 6 6 6 6 6 6 6 6 6 6 6 6 6 6 6 6 6 6 6 6 6 6 6 6 6 6 6 6 6 6 6 6 6 6 6 6 6 6 6 6 6 6 6 6 6 6 6 6 6 6 6 6 6 6 6 6 6 6 6 6 6 6 6 6 6 6 6 6 6 6 6 6 6 6 6 6 6 6 6 6 6 6 6 6 6 6 6 6 6 6 6 6 6 6 6 6 6 6 6 6 6 6 6 6 6 6 6 6 6 6 6 6 6 6 6 6 6 6 6 6 6 6 6 6 6 6 6 6 6 6 6 6 6 6 6 6 6 6 6 6 6 6 6 6 6 6 6 6 6 6 6 6 6 6 6 6 6 6 6 6 6 6 6 6 6 6 6 6 6 6 6 6 6 6 6 6 6 6 6 6 6 6 6 6 6 6 6 6 6 6 6 6 6 6 6 6 6 6 6 6 6 6 6 6 6 6 6 6 6 6 6 6 6 6 6 6 6 6 6 6 6 6 6 6 6 6 6 6 6 6 6 6 6 6 6 6 6 6 6 6 6 6 6 6 6 6 6 6 6 6 6 6 6 6 6 6 6 6 6 6 6 6 6 6 6 6 6 6 6 6 6 6 6 6 6 6 
1 513 1031 1548 2062 2593 
2 514 1032 1549 2063 2594 
3 515 1033 1550 2064 2595 
4 516 1034 1551 2065 2596 
5 517 1035 1552 2066 2597 
6 518 1036 1553 2067 2598 
7 519 1037 1554 2068 2599 
8 520 1038 1555 2069 2600 
9 521 1039 1556 2070 2601 
10 522 1040 1557 2071 2602 
11 523 1041 1558 2072 2603 
12 524 1042 1559 2073 2604 
13 525 1043 1560 2074 2605 
14 526 1044 1561 2075 2606 
15 527 1045 1562 2076 2607 
16 528 1046 1563 2077 2608 
17 529 1047 1564 2078 2609 
18 530 1048 1565 2079 2610 
19 531 1049 1566 2080 2611 
20 532 1050 1567 2081 2600 
21 533 1051 1568 2082 2612 
13 534 1052 1569 2083 2613 
22 535 1053 1570 2084 2614 
23 536 1054 1571 2085 2615 
24 537 1055 1572 2086 2610 
25 538 1056 1573 2087 2466 
26 539 1057 1574 2088 2616 
27 540 1058 1575 2089 2507 
28 534 1059 1576 2090 2617 
29 541 1060 1577 2091 2618 
30 542 1061 1578 2092 2619 
31 543 1062 1579 2093 2620 
32 544 1063 1561 2094 2621 
33 545 1064 1580 2095 2622 
33 546 1065 1581 2096 2623 
34 547 1066 1582 2097 2624 
35 531 1067 1583 2064 2625 
19 548 1068 1584 2098 2593 
36 549 1069 1585 2099 2626 
37 550 1057 1554 2100 2627 
38 551 1070 1586 2101 2628 
39 552 1071 1587 2102 2629 
40 553 1055 1588 2103 2630 
41 554 1072 1589 2104 2631 
42 555 1073 1590 2105 2632 
43 546 1074 1591 2091 2633 
44 556 1075 1592 2106 2634 
45 557 1076 1593 2107 2635 
46 558 1077 1594 2108 2636 
47 559 1078 1595 2109 2637 
48 519 1079 1596 2110 2638 
49 560 1080 1597 2111 2639 
50 561 1081 1598 2112 2640 
51 562 1082 1599 2113 2641 
2 563 1083 1600 2114 2642 
52 564 1084 1601 2115 2643 
53 565 1040 1602 2116 2644 
54 566 1085 1603 2117 2645 
55 567 1086 1604 2118 2601 
56 568 1087 1605 2119 2646 
29 569 1088 1606 2120 2647 
33 570 1089 1607 2121 2463 
57 571 1090 1608 2122 2648 
58 572 1091 1609 2123 2649 
59 573 1092 1610 2124 2650 
60 574 1093 1611 2125 2651 
61 575 1094 1612 2126 2646 
62 576 1095 1613 2127 2652 
43 577 1096 1614 2128 2653 
63 578 1097 1377 2129 2654 
10 579 1098 1615 2130 2655 
64 580 1099 1616 2131 2656 
47 581 1100 1588 2132 2539 
65 582 1101 1617 2133 2657 
66 583 1042 1618 2134 2658 
67 584 1102 1619 2135 2659 
68 585 1103 1620 2136 2660 
69 586 1104 1621 2137 2661 
70 587 1105 1622 2138 2662 
71 588 1106 1623 2139 2663 
72 589 1100 1624 2140 2664 
73 590 1107 1625 2141 2665 
74 591 1098 1626 2142 2666 
75 592 1108 1627 2143 2667 
76 593 1109 1628 2144 2668 
77 594 1110 1629 2145 2669 
78 588 1111 1527 2146 2670 
79 595 1032 1557 2147 2671 
80 596 1112 1630 2148 2672 
81 597 1113 1631 2149 2673 
82 598 1114 1539 2150 2674 
83 599 1038 1632 2121 2675 
84 541 1115 1633 2151 2532 
85 600 1116 1634 2152 2676 
86 601 1117 1635 2118 2677 
28 602 1118 1615 2153 2678 
87 603 1119 1636 2154 2679 
88 513 1120 1637 2155 2680 
89 604 1121 1638 2156 2681 
90 605 1122 1639 2157 2682 
91 606 1034 1640 2158 2683 
92 607 1123 1609 2159 2684 
93 608 1124 1641 2061 2685 
94 609 1125 1642 2144 2686 
89 610 1126 1643 2160 2687 
95 611 990 1644 2161 2688 
96 612 1005 1278 2162 2689 
97 567 1072 1645 2163 2690 
98 613 1127 1545 2143 2691 
97 584 1128 1581 2164 2692 
99 614 1129 1600 2165 2547 
100 615 1130 1646 2073 2693 
101 554 1131 1647 2166 2694 
102 616 1132 1648 2167 2695 
103 617 1133 1649 2168 2696 
77 618 1134 1650 1991 2693 
104 610 1135 1651 2169 2697 
105 619 1136 1652 2170 2640 
106 620 1137 1647 2171 2698 
107 532 1138 1337 2172 2699 
108 585 1139 1653 2093 2654 
109 621 1061 1654 2173 2698 
110 622 1140 1655 2174 2619 
62 623 1141 1609 2175 2700 
111 624 1142 1656 2176 2701 
112 614 1080 1657 2177 2702 
92 625 1143 1600 2178 2703 
113 626 1144 1658 2179 2704 
114 627 1041 1659 2180 2705 
115 628 1145 1660 2160 2706 
116 629 1146 1661 2181 2707 
117 630 1073 1662 2182 2708 
118 631 1147 1663 2071 2709 
119 632 1148 1461 2178 2710 
87 633 1138 1664 2183 2711 
120 634 1149 1656 2184 2712 
121 635 1113 1665 2185 2713 
122 636 1150 1666 2186 2714 
123 635 1151 1667 2187 2715 
124 637 1053 1668 2063 2716 
125 553 1152 1669 2188 2689 
126 638 1065 1670 2189 2717 
39 639 1153 1671 2161 2718 
127 562 1154 1672 2190 2694 
128 548 1155 1673 2191 2719 
129 534 1156 1659 2192 2720 
42 640 1046 1674 2193 2721 
130 557 1157 1675 2194 2722 
131 518 1158 1676 2195 2620 
132 641 1159 1246 2196 2723 
133 642 1160 1677 2197 2724 
134 643 1161 1678 2198 2725 
135 644 1162 1679 2199 2726 
136 645 1163 1680 2200 2727 
137 646 1164 1669 2151 2728 
138 647 1165 1681 2201 2729 
139 648 1166 1682 2202 2730 
140 649 1167 1683 2203 2619 
141 650 1168 1684 2120 2731 
142 651 1169 1630 2204 2732 
143 652 1170 1685 2205 2697 
144 653 1117 1686 2159 2548 
145 654 1171 1687 2206 2621 
146 655 1172 1688 2207 2561 
140 656 1146 1689 2208 2733 
147 657 1173 1690 2209 2734 
148 658 1174 1691 2210 2735 
149 659 1175 1692 2211 2736 
150 660 1079 1577 2212 2737 
151 661 1176 1693 2213 2738 
152 613 1177 1694 2184 2739 
153 662 1013 1549 1774 2740 
154 663 1178 1641 2214 2741 
155 664 1179 1695 2215 2742 
156 665 1065 1696 2216 2587 
157 666 1096 1697 2217 2743 
158 667 1180 1628 2218 2744 
159 644 1181 1665 2098 2745 
160 668 1110 1698 2219 2644 
144 669 1182 1699 2220 2746 
161 594 1183 1700 2221 2597 
111 670 1092 1701 2222 2747 
162 671 1169 1702 2223 2748 
163 672 1184 1703 2224 2749 
164 665 1185 1704 2225 2731 
56 633 1186 1705 1752 2750 
165 673 1187 1590 2226 2751 
166 674 1106 1706 2227 2752 
167 675 1188 1599 2119 2753 
168 676 1189 1707 2143 2653 
169 677 1155 1620 2025 2754 
80 678 1121 1708 2228 2755 
170 679 1104 1709 2229 2748 
171 680 1190 1534 2230 2756 
172 627 1191 1710 2231 2757 
173 647 1192 1543 2232 2758 
174 681 1035 1564 2233 2759 
175 682 1193 1711 2144 2590 
176 683 1194 1712 2234 2760 
177 684 1136 1713 2235 2705 
178 652 1195 1714 2236 2761 
179 685 1196 1715 2237 2706 
180 686 1147 1716 2238 2762 
181 687 1197 1678 2239 2763 
182 688 1198 1717 2240 2701 
174 664 1199 1718 2241 2764 
21 689 1197 1719 2242 2599 
157 600 1200 1720 2243 2704 
183 690 1201 1721 2244 2765 
184 691 1202 1722 2245 2641 
185 692 1203 1723 2209 2766 
186 693 1204 1724 2246 2767 
187 694 1205 1725 2247 2659 
188 695 1206 1726 2248 2768 
189 696 1101 1546 2247 2769 
190 697 1207 1727 2087 2770 
190 698 1208 1728 2215 2771 
191 699 1209 1729 2249 2772 
192 700 1142 1730 2250 2773 
193 701 1210 1731 2251 2774 
194 526 1031 1643 2167 2775 
195 702 1126 1582 2252 2776 
196 703 1211 1578 2253 2777 
197 704 1212 1732 2203 2778 
198 705 1213 1733 2165 2779 
32 706 1173 1653 2254 2780 
178 707 1214 1697 2255 2781 
199 698 1215 1616 2256 2626 
200 708 1109 1734 2257 2580 
201 709 1216 1699 2086 2782 
202 600 1217 1678 2258 2783 
22 710 1218 1735 2259 2784 
203 711 1219 1736 2260 2505 
204 712 1137 1737 2169 2785 
205 700 1220 1738 2158 2786 
206 681 1221 1739 2261 2608 
196 713 1119 1740 2262 2595 
207 714 1089 1627 2263 2787 
208 669 1222 1741 1990 2788 
20 715 1223 1742 2264 2789 
209 716 1212 1579 2265 2790 
210 717 1224 1743 2266 2791 
211 718 1183 1744 2267 2792 
212 719 1087 1745 2198 2702 
72 720 1225 1746 2091 2778 
213 721 1226 1747 2100 2717 
214 580 1227 1748 2195 2793 
215 604 1228 1730 2105 2626 
216 707 1229 1749 2119 2794 
217 722 1230 1750 2171 2529 
218 723 1231 1697 1724 2651 
219 653 1232 1751 2268 2750 
220 724 1233 1752 2269 2795 
100 692 1053 1753 2270 2699 
221 725 1201 1754 2203 2796 
222 608 1039 1755 2271 2721 
223 726 1234 1631 2085 2797 
118 727 1196 1540 2272 2798 
224 728 1235 1694 2273 2503 
225 729 1236 1756 2274 2799 
226 730 1237 1757 2275 2800 
18 731 1166 1758 2160 2801 
47 732 1238 1759 2199 2677 
227 733 1239 1760 2276 2802 
228 733 1094 1545 2277 2803 
12 622 1240 1612 2074 2804 
51 734 1241 1662 2278 2613 
229 735 1242 1704 2279 2805 
139 736 1243 1761 2280 2806 
230 737 1233 1762 2281 2807 
69 738 1189 1608 2282 2808 
231 739 1244 1669 2283 2809 
21 740 1245 1763 2284 2810 
40 741 1198 1764 2285 2811 
232 742 1246 1749 2286 2544 
233 673 1247 1765 2287 2812 
234 743 1248 1766 1997 2552 
235 744 1249 1767 2067 2813 
216 745 1107 1768 2135 2814 
236 746 1250 1661 2288 2815 
193 641 1086 1769 2289 2816 
237 747 1251 1770 2290 2500 
238 748 1106 1771 2128 2817 
239 749 1252 1772 2291 2579 
240 750 1253 1773 2292 2715 
241 751 1138 1774 2136 2782 
95 752 1254 1775 2293 2800 
242 726 1227 1776 2073 2702 
243 753 1068 1777 2124 2818 
149 607 1255 1778 2294 2663 
103 754 1256 1746 2213 2605 
244 617 1257 1745 2106 2819 
245 555 1258 1779 2295 2820 
246 755 1259 1780 2219 2821 
247 756 1185 1751 2140 2822 
82 757 1260 1781 2142 2823 
248 758 1253 1782 2296 2765 
249 590 1261 1783 2297 2812 
250 725 1114 1784 2298 2824 
251 551 1262 1785 2299 2825 
233 759 1263 1683 2300 2826 
252 552 1059 1786 2301 2827 
160 760 1264 1652 2302 2828 
253 761 1190 1787 2303 2829 
254 762 1242 1788 2304 2742 
255 763 1265 1789 2254 2830 
256 665 1266 1790 1995 2433 
257 686 1252 1791 2305 2831 
258 746 1267 1792 2306 2807 
259 764 1268 1754 2083 2832 
260 765 1269 1632 2105 2833 
248 660 1270 1793 2307 2834 
261 717 1173 1794 2237 2835 
262 766 1271 1785 2139 2675 
159 767 1118 1795 2308 2836 
96 768 1272 1796 2303 2664 
263 769 1273 1797 2309 2837 
264 670 1274 1798 2310 2678 
145 769 1275 1799 2062 2838 
265 756 1276 1800 2015 2839 
266 770 988 1582 2311 2840 
267 542 1187 1801 2219 2750 
268 771 1214 1802 2281 2606 
269 579 1277 1760 2312 2841 
192 772 1278 1712 2313 2842 
270 773 1279 1553 2157 2809 
271 768 1114 1747 2097 2843 
272 667 1280 1803 2156 2737 
94 774 1281 1804 2314 2844 
84 775 1282 1805 2297 2691 
273 776 1283 1663 2315 2845 
274 610 1284 1613 2112 2846 
275 730 1067 1806 2111 2847 
245 777 1186 1807 2316 2758 
262 778 1285 1808 2254 2728 
276 734 1286 1809 2317 2508 
277 779 1122 1571 2318 2731 
278 709 1287 1810 2319 2623 
238 780 1163 1811 2131 2848 
219 781 1288 1812 2298 2766 
94 542 1289 1562 2320 2849 
279 647 1290 1813 2321 2850 
125 782 1291 1617 2322 2719 
249 517 1152 1814 2323 2635 
248 783 1128 1815 2059 2410 
280 764 1292 1816 2095 2851 
22 784 1293 1817 2324 2852 
58 785 1142 1818 2325 2839 
78 786 1294 1816 2326 2853 
102 787 1082 1763 2196 2786 
92 788 1295 1591 2327 2383 
281 550 1201 1819 2168 2854 
282 789 1260 1716 2328 2457 
283 790 1260 1820 2329 2825 
98 791 1076 1821 2330 2776 
284 746 1133 1822 2224 2855 
285 527 1296 1823 2133 2666 
114 792 1269 1824 2331 2856 
179 793 1297 1825 2332 2855 
169 794 1298 1826 2176 2857 
286 574 1042 1827 2333 2703 
120 795 1299 1736 2334 2858 
168 796 1136 1828 2242 2758 
287 658 1241 1829 2312 2859 
288 691 1172 1824 2223 2860 
289 686 1300 1804 2335 2861 
95 617 1301 1563 2336 2776 
290 702 1230 1830 2334 2851 
154 797 1159 1573 2337 2687 
291 798 1086 1596 2338 2862 
53 799 1297 1831 2128 2863 
292 800 1302 1723 2339 2739 
142 801 1303 1721 2279 2848 
293 732 1304 1832 2335 2828 
59 802 1305 1833 2167 2864 
294 726 1022 1834 2081 2865 
295 803 1306 1835 2070 2823 
102 666 1307 1587 2340 2711 
296 804 1095 1799 2341 2866 
16 805 1248 1836 2342 2567 
297 806 1092 1837 2343 2664 
159 516 1266 1838 2344 2867 
110 807 1063 1839 2345 2754 
211 808 1308 1840 2113 2868 
298 809 1165 1767 2346 2869 
70 810 1309 1841 2074 2870 
299 561 1310 1842 2347 2871 
226 811 1311 1843 2327 2872 
300 812 1312 1844 2348 2587 
50 592 1313 1845 2349 2679 
301 573 1314 1846 2289 2873 
302 813 1244 1781 2350 2597 
303 814 1249 1743 2351 2874 
304 815 1281 1847 2352 2799 
134 530 1315 1848 2353 2874 
305 816 1120 1849 2354 2875 
285 663 1252 1850 2193 2649 
306 817 1301 1851 2355 2876 
307 818 1312 1852 2064 2797 
308 819 1220 1544 2271 2674 
41 820 1316 1614 2205 2877 
309 821 1169 1853 2356 2710 
310 674 1317 1797 2357 2774 
311 575 1318 1836 2358 2676 
239 604 1319 1854 2108 2727 
312 822 1320 1682 2359 2708 
313 823 1321 1550 2360 2878 
234 648 1322 1855 2233 2777 
314 597 1323 1570 2342 2879 
315 712 1324 1856 2361 2517 
316 824 1325 1625 2343 2880 
63 825 1265 1857 2101 2487 
317 826 1326 1858 2362 2881 
317 827 1095 1593 2154 2604 
318 828 1327 1859 2363 2882 
162 829 1029 1860 2197 2883 
319 632 1328 1744 2340 2884 
277 753 1329 1861 2306 2870 
198 830 1179 1862 2364 2885 
320 780 1259 1863 2365 2814 
321 821 1330 1663 2239 2886 
1 831 1285 1864 2356 2887 
165 613 1331 1865 2201 2684 
272 832 1091 1866 2078 2614 
322 833 1332 1867 2366 2888 
323 834 1333 1585 2316 2788 
324 589 1323 1774 2367 2889 
224 582 1334 1739 2248 2890 
283 835 1310 1599 2188 2670 
191 836 1335 1868 2299 2891 
325 782 1336 1560 2368 2892 
326 837 1035 1763 2369 2819 
169 838 1243 1607 2370 2893 
38 839 1337 1869 2371 2894 
32 840 1338 1775 2086 2873 
327 841 1339 1732 2333 2385 
328 842 1340 1548 2372 2892 
329 843 1141 1870 2240 2595 
330 844 1341 1594 2373 2895 
91 845 1139 1871 2216 2719 
331 846 1342 1872 2374 2896 
332 847 1343 1711 2229 2831 
62 848 1344 1873 2375 2897 
71 849 1075 1541 2376 2898 
304 530 1345 1679 2225 2824 
79 850 1286 1709 2327 2585 
137 851 1346 1862 2089 2704 
333 852 1347 1874 2347 2899 
334 690 1164 1875 2377 2893 
335 853 1255 1876 2246 2747 
265 801 1270 1877 2295 2478 
336 521 1339 1878 2268 2900 
74 639 1348 1879 2231 2650 
221 811 1160 1880 2170 2668 
121 854 1349 1585 2378 2677 
337 540 1350 1667 2379 2662 
323 773 1261 1881 2380 2842 
338 855 1071 1882 2107 2756 
214 856 1161 1883 2381 2557 
329 857 1267 1576 2382 2770 
220 817 1102 1840 2383 2734 
216 569 1351 1884 2068 2901 
138 858 1026 1885 2384 2902 
136 859 1352 1617 2104 2903 
252 860 1353 1860 2385 2574 
339 861 1195 1688 2386 2904 
340 828 1264 1886 2297 2905 
341 862 1184 1887 2183 2906 
342 820 1354 1719 2370 2538 
99 862 1355 1888 2387 2818 
268 626 1356 1679 2303 2753 
343 545 1357 1889 2218 2907 
344 863 1358 1719 2226 2895 
345 864 1359 1753 2388 2908 
25 623 1337 1819 2109 2486 
204 858 1162 1837 2270 2633 
346 834 1360 1871 2195 2583 
347 733 1361 1812 2092 2909 
348 865 1362 1830 2389 2910 
349 866 1129 1830 2390 2789 
350 867 1116 1890 2391 2817 
351 868 1328 1710 2392 2617 
352 869 1363 1891 2393 2674 
353 870 1356 1859 2237 2911 
313 687 1343 1721 2394 2785 
254 871 1364 1892 2395 2912 
138 774 1365 1893 2179 2773 
354 790 1193 1894 2396 2684 
355 668 1313 1699 2397 2913 
283 720 1366 1895 2398 2729 
356 678 1367 1820 2399 2914 
126 872 1219 1834 2066 2915 
184 873 1368 1896 2400 2822 
357 745 1369 1870 2397 2864 
358 659 1370 1614 2401 2833 
42 874 1371 1895 2402 2791 
359 875 1372 1713 2271 2916 
104 876 1373 1897 2324 2439 
360 759 1374 1898 2403 2917 
361 766 1189 1889 2207 2660 
185 723 1154 1899 2404 2799 
362 877 1258 1680 2311 2415 
296 535 1243 1900 2405 2907 
363 804 1375 1690 2382 2660 
213 878 1376 1901 2398 2593 
364 676 1377 1902 2176 2764 
300 879 1038 1616 2320 2918 
365 802 1378 1738 2406 2919 
3 880 1379 1761 2077 2920 
366 524 1380 1794 2320 2921 
331 532 1381 1903 2284 2634 
57 881 1382 1560 2407 2922 
297 831 1383 1904 2252 2923 
302 748 1384 1567 2355 2890 
170 846 1385 1551 2267 2924 
367 776 1386 1823 2408 2925 
52 790 1387 1905 2409 2584 
99 882 1388 1855 2410 2896 
326 715 1389 1906 2208 2769 
6 771 1287 1674 2411 2926 
198 883 1269 1907 2275 2580 
319 820 1390 1800 1863 2927 
58 654 1235 1758 2412 2928 
368 823 1182 1908 2197 2770 
247 884 1391 1637 2413 2762 
369 885 1392 1802 2213 2810 
24 886 1393 1909 2166 2714 
370 648 1036 1910 2414 2929 
197 843 1044 1801 2415 2930 
371 829 1357 1867 2336 2700 
25 863 1379 1911 2416 2497 
372 848 1394 1727 2284 2931 
236 887 1244 1846 2100 2607 
172 888 1231 1912 2409 2932 
220 598 1395 1913 2262 2933 
371 673 1396 1914 2202 2620 
373 889 1397 1589 1957 2934 
189 770 1398 1805 2210 2545 
200 890 1399 1879 2417 2696 
343 560 1400 1811 2418 2712 
374 705 1195 1645 2116 2834 
375 891 1219 1915 2419 2891 
34 609 1401 1842 2420 2808 
316 892 1167 1916 2421 2935 
376 893 1198 1908 2422 2925 
377 734 1402 1666 2345 2936 
378 894 1180 1780 2103 2673 
379 871 1403 1836 2059 2937 
269 895 1364 1917 2423 2845 
380 747 1103 1918 2366 2938 
381 681 1217 1655 2424 2701 
313 896 1058 1906 2425 2939 
382 824 1404 1572 2334 2575 
381 825 1405 1888 2426 2940 
383 727 1406 1919 2427 2611 
384 897 1277 1789 2141 2878 
374 662 1266 1717 2244 2941 
361 898 1135 1786 2428 2530 
338 722 1338 1920 2429 2803 
385 899 1404 1921 2151 2942 
349 848 1407 1833 2163 2804 
308 601 1323 1684 2155 2667 
386 900 1408 1567 2186 2609 
23 657 1409 1769 2138 2683 
311 857 1410 1922 2348 2943 
235 775 1411 1554 2430 2686 
134 900 1412 1923 2302 2556 
156 897 1388 1924 2175 2944 
133 636 1262 1782 2338 2743 
148 642 1413 1910 2431 2615 
387 559 1391 1923 2391 2792 
192 528 1414 1925 2264 2884 
323 619 1091 1926 2432 2670 
388 813 1386 1927 2433 2945 
298 566 1261 1908 2249 2946 
389 535 1415 1749 2434 2631 
181 901 1188 1682 2435 2653 
333 701 1416 1928 2436 2757 
280 817 1081 1633 2437 2612 
19 883 1417 1677 2426 2881 
303 902 1230 1659 2110 2818 
390 596 1418 1859 2083 2682 
391 611 1354 1929 2438 2947 
8 903 1419 1743 2078 2948 
225 716 1391 1584 2323 2769 
392 804 1347 1930 2439 2612 
384 826 1420 1780 2265 2949 
106 870 1314 1568 2440 2857 
393 738 1421 1931 2441 2715 
394 878 1292 1932 2282 2950 
395 657 1075 1598 2214 2637 
396 515 1422 1933 2293 2822 
397 904 1054 1746 2291 2951 
275 905 1181 1850 2340 2952 
130 906 1385 1897 2416 2578 
82 907 1216 1934 2442 2953 
398 908 1197 1935 2070 2849 
311 909 1355 1771 2443 2639 
292 910 1143 1691 2444 2909 
399 887 1358 1532 2445 2954 
400 911 1302 1839 2384 2899 
344 720 1181 1936 2145 2814 
401 775 1232 1937 2368 2755 
378 912 1374 1757 2298 2880 
46 913 1327 1877 2135 2955 
402 914 1030 1733 2446 2932 
251 832 1423 1934 2216 2745 
403 915 1424 1722 2164 2696 
386 916 1368 1474 2312 2917 
404 640 1156 1938 2318 2956 
405 748 1425 1783 2447 2889 
164 661 1426 1668 2448 2636 
233 917 1427 1893 2075 2868 
230 628 1130 1665 2449 2636 
255 651 1132 1562 2450 2957 
406 712 1428 1700 2032 2958 
368 918 1098 1939 2389 2952 
407 905 1410 1881 2429 2723 
271 909 1085 1878 2451 2959 
23 919 1324 1940 2452 2824 
408 841 1115 1941 2076 2474 
68 920 1275 1681 2453 2960 
348 589 1268 1942 2454 2726 
409 749 1429 1943 2313 2665 
205 694 1430 1944 2436 2826 
206 916 1102 1902 2249 2748 
410 918 1099 1945 2455 2627 
36 645 1431 1946 2329 2961 
411 635 1432 1818 2456 2819 
197 921 1433 1857 2457 2746 
412 702 1434 1639 2082 2962 
378 737 1406 1932 2458 2963 
263 922 1121 1760 2404 2659 
413 904 1241 1623 2459 2784 
350 757 1435 1629 2460 2527 
44 515 1436 1947 2047 2954 
414 762 1293 1608 2442 2461 
392 537 1437 1925 2215 2964 
242 857 1126 1640 2461 2965 
415 649 1438 1807 2462 2872 
405 923 1439 1935 2453 2950 
416 800 1078 1739 2126 2856 
417 924 1437 1948 2153 2816 
170 925 1133 1612 2075 2699 
409 802 1311 1729 2463 2655 
250 621 1440 1607 2400 2966 
388 670 1211 1445 2464 2483 
418 926 1398 1573 2432 2795 
117 729 1192 1731 2157 2943 
419 690 1441 1902 2270 2967 
367 711 1145 1949 2295 2640 
420 927 1311 1950 2321 2646 
130 874 1353 1565 2317 2767 
129 928 1442 1784 2465 2968 
203 929 1356 1738 2466 2948 
421 930 1225 1868 2467 2725 
422 545 1443 1559 2468 2645 
303 563 1444 1847 2456 2969 
9 889 1445 1951 2469 2970 
399 596 1049 1952 2447 2971 
364 827 1446 1670 2470 2671 
142 931 1235 1868 2471 2935 
423 826 1228 1611 2001 2602 
413 606 1332 1903 2387 2603 
424 732 1414 1931 2066 2972 
65 822 1447 1797 2472 2973 
231 834 1184 1953 2473 2516 
413 578 1448 1704 2402 2974 
425 679 1449 1954 2451 2871 
426 561 1334 1900 2093 2918 
427 667 1450 1955 2326 2867 
121 932 1294 1914 2474 2736 
45 933 1246 1875 2302 2903 
428 934 1448 1621 2379 2975 
375 751 1451 1629 2108 2976 
429 724 1134 1876 2220 2840 
124 935 1452 1569 2350 2962 
430 936 1453 1956 2245 2832 
431 937 1088 1604 2257 2921 
432 525 1415 1602 2444 2977 
422 938 1454 1844 2475 2678 
182 939 1333 1957 2476 2978 
80 940 1397 1884 2364 2826 
218 818 1455 1958 2403 2882 
387 533 1430 1627 2477 2765 
195 631 1116 1618 2478 2850 
234 927 1196 1558 2470 2979 
433 917 1131 1805 2479 2980 
429 941 1456 1825 2480 2847 
434 942 1127 1834 2481 2981 
210 666 1403 1959 2112 2982 
36 943 1457 1960 2482 2688 
275 795 1360 1961 2483 2983 
71 907 1275 1862 2173 2984 
359 793 1070 1962 2484 2834 
243 828 1123 1770 2485 2744 
309 570 1352 1752 2460 2971 
168 944 1431 1692 2486 2893 
421 829 1069 1710 2487 2979 
302 945 1062 1963 2187 2838 
396 946 1458 1626 2451 2985 
203 679 1163 1865 2488 2754 
435 672 1074 1672 2452 2986 
27 525 1401 1964 2408 2987 
208 947 1443 1869 2200 2720 
183 845 1414 1578 2489 2772 
60 896 1459 1965 2241 2879 
399 785 1449 1698 2125 2876 
436 948 1074 1932 2109 2988 
267 920 1460 1550 2490 2929 
405 811 1302 1651 2491 2813 
360 784 1461 1966 2492 2980 
369 560 1140 1635 2481 2820 
8 801 1365 1734 2079 2691 
38 949 1390 1930 2493 2804 
287 619 1462 1664 2150 2989 
57 689 1253 1885 2494 2990 
339 625 1463 1967 2372 2991 
145 950 1079 1968 2141 2919 
307 902 1464 1945 2339 2898 
271 807 1465 1969 2495 2722 
437 837 1383 1970 2285 2796 
301 951 1453 1636 2227 2992 
151 915 1364 1767 2325 2741 
103 947 1453 1971 2442 2993 
111 952 1366 1703 2122 2994 
438 816 1466 1765 2080 2631 
73 536 1307 1866 2496 2940 
65 932 1467 1972 2417 2425 
439 767 1468 1766 2497 2995 
143 714 1469 1973 2498 2615 
390 953 1342 1974 2433 2966 
425 954 1463 1935 2286 2657 
440 827 1176 1927 2407 2424 
420 539 1204 1975 2499 2625 
243 901 1470 1976 2204 2616 
441 955 1207 1722 2500 2716 
86 876 1043 1818 2404 2805 
287 956 1240 1977 2308 2905 
377 922 1471 1978 2149 2996 
442 823 1381 1523 2501 2926 
279 652 1472 1979 2145 2430 
44 522 1339 1980 2318 2712 
443 591 1473 1851 2084 2782 
241 941 1257 1981 2502 2744 
444 957 1224 1691 2146 2616 
445 913 1157 1558 2503 2997 
412 774 1226 1785 2504 2860 
335 958 1107 1666 2475 2990 
342 959 1474 1628 2057 2904 
119 960 1475 1613 2505 2998 
162 961 1476 1730 2322 2577 
353 752 1363 1814 2339 2999 
101 931 1394 1982 2314 2745 
108 910 1326 1974 2300 3000 
150 753 1475 1983 2506 2914 
424 840 1089 1954 2507 2598 
446 962 1379 1633 2130 3001 
432 879 1467 1984 2508 2972 
447 796 1295 1985 2450 2896 
356 935 1281 1950 2477 3002 
448 963 1034 1979 2509 2780 
449 855 1451 1986 2510 2899 
450 903 1283 1987 2277 2820 
441 885 1334 1790 2055 2902 
371 964 1426 1928 2511 3003 
251 677 1477 1708 2293 2958 
447 731 1478 1705 2342 3004 
337 814 1255 1779 1969 2622 
291 965 1479 1988 2400 2865 
379 741 1480 1905 2326 3005 
316 565 1304 1989 2156 2971 
373 680 1329 1784 2147 2981 
325 943 1178 1676 2375 2581 
368 694 1376 1655 2125 3006 
329 683 1445 1912 2241 2682 
54 953 1481 1694 2190 2630 
293 896 1456 1747 2512 2679 
115 612 1482 1575 2464 2703 
336 564 1483 1621 2210 3007 
309 966 1464 1990 2513 2843 
155 967 1400 1991 2289 2970 
355 944 1389 1658 2111 2722 
426 947 1213 1992 2082 3008 
61 931 1421 1874 2346 2991 
451 685 1484 1783 2092 2623 
452 765 1082 1653 2304 2732 
419 718 1349 1611 2305 2969 
318 736 1223 1993 2514 2977 
209 968 1485 1973 2515 2946 
396 903 1213 1825 2127 2854 
153 969 1486 1853 2468 3009 
398 634 1486 1994 2516 2771 
221 970 1487 1725 2517 2976 
453 705 1476 1969 2514 2726 
122 971 1218 1995 2381 2720 
454 939 1132 1996 2357 2656 
90 958 1466 1842 2189 2662 
59 520 1238 1593 2428 2781 
182 789 1488 1899 1933 2519 
434 696 1185 1625 2409 2628 
455 645 1060 1564 2439 2672 
260 934 1489 1864 2518 2979 
454 874 1314 1800 2191 3010 
345 543 1061 1770 2455 3011 
266 919 1316 1997 2234 3012 
152 898 1490 1592 2150 2706 
456 741 1402 1998 2426 2861 
295 664 1111 1852 2441 3013 
427 972 1076 1925 2519 2905 
357 973 1043 1999 2182 2361 
224 974 1017 2000 2208 2940 
286 923 1348 1803 2486 2911 
107 975 1101 1660 2275 3014 
457 573 1427 1936 2359 2779 
458 976 1265 1547 2444 2576 
457 660 1158 2001 2520 2944 
459 838 1433 2002 2314 3015 
240 977 1112 2003 2349 2900 
125 978 1454 2004 2315 3016 
149 739 1477 1944 2427 2957 
460 582 1469 1754 2402 2953 
49 906 1485 1810 2375 2978 
461 979 1479 1643 2366 2630 
100 970 1458 1989 2330 2411 
98 902 1390 2005 2395 2694 
140 980 1401 2006 2278 2779 
462 707 1435 1982 2521 2815 
463 551 1018 2007 2517 2622 
464 729 1280 1728 2088 2955 
78 772 1028 1827 2522 2837 
465 788 1360 1896 1930 2614 
442 981 1166 1791 2492 2909 
212 982 1491 1978 2349 2850 
382 920 1077 1856 2523 2999 
466 818 1190 1664 2115 3017 
290 637 1103 1698 2354 2692 
30 983 1317 1603 2524 2693 
189 894 1347 1835 2429 3018 
308 517 1492 1806 2116 2882 
195 861 1441 1958 2309 3019 
279 933 1051 1866 2287 2637 
317 740 1088 1922 2236 3020 
467 866 1452 1586 2498 2812 
425 520 1154 2008 2525 2914 
468 830 1317 1766 2132 2496 
88 944 1229 1603 2352 2621 
158 837 1094 1890 2526 3021 
469 984 1130 2009 2336 2759 
393 979 1144 1591 2527 2802 
394 649 1123 1968 2153 3018 
412 985 1462 1751 2124 2901 
45 588 1493 1615 2261 2596 
284 875 1171 1648 2435 2943 
470 936 1170 1556 2504 2802 
229 986 1494 2010 2362 3021 
123 671 1495 2010 2519 2877 
410 806 1200 1667 2528 2810 
455 956 1316 2011 2343 2865 
358 885 1159 2012 2207 2929 
299 959 1349 2013 2465 3002 
386 639 1146 2014 2321 3008 
471 987 1049 1879 2221 3012 
310 958 1148 1867 2529 2689 
417 819 1258 1947 2496 2512 
127 558 1388 1602 2252 2946 
16 595 1496 1973 2530 2976 
64 915 1320 1592 2416 3022 
321 761 1497 2015 2531 2633 
472 603 1020 1728 2532 3023 
186 862 1031 1646 2420 2894 
433 873 1382 1745 2390 2833 
49 988 1361 2016 2533 3024 
294 864 1237 1565 2534 2996 
473 959 1351 1543 2535 2648 
7 930 1093 2017 2462 2649 
4 989 1322 1619 2127 2579 
29 976 1498 1652 2536 3025 
272 669 1336 1904 2058 3026 
257 646 1348 1561 2256 2986 
143 990 1150 1642 2537 2875 
231 991 1239 1802 2332 3027 
50 614 1499 1970 2317 3006 
241 803 1500 1841 2253 3028 
402 521 1501 2018 2325 2996 
281 899 1403 1772 2538 2956 
474 926 1481 1870 2504 3029 
48 992 1157 1928 2539 2927 
468 717 1218 1858 2045 2983 
475 761 1277 1707 2540 2956 
476 993 1502 1677 2290 2816 
448 708 1407 1961 2251 3008 
81 893 1315 1755 2230 2658 
404 544 1325 1570 2473 2895 
477 892 1501 1654 2110 3020 
478 758 1186 1723 2189 2995 
334 696 1301 2008 2148 2975 
348 994 1044 1852 2194 2983 
479 556 1210 1965 2250 2642 
158 946 1350 2003 2479 2801 
480 924 1272 1850 2436 2860 
432 991 1330 1813 2164 3030 
15 850 1503 1684 2018 3031 
481 749 1229 1696 2537 2738 
414 798 1495 1962 2114 3032 
482 763 1231 1936 2174 2968 
239 932 956 1782 2171 2594 
397 995 1450 1632 2394 3020 
141 951 1306 2003 2012 3033 
26 572 1289 1769 2292 3034 
61 603 1504 1631 2406 2785 
254 747 1064 1984 2090 3002 
480 812 1057 2019 2369 2705 
179 777 1131 2020 2265 2945 
483 996 1205 1596 2541 2858 
97 831 1460 2021 2300 2998 
172 997 1407 1638 2542 2736 
453 580 1077 2022 2084 2992 
273 637 1294 2023 2179 3035 
370 538 1448 1988 2209 2842 
372 998 1024 1594 2103 2958 
30 852 1341 1971 2543 2681 
76 519 1496 2024 2345 2732 
306 531 1505 1559 2337 2599 
41 795 1493 1964 2491 2811 
484 633 1463 1987 2382 3036 
401 762 1474 1946 2544 2931 
463 709 1479 1733 2545 3022 
301 678 1143 1938 2458 2903 
485 805 1506 1702 2174 2752 
475 886 1456 2025 2187 2885 
356 873 1093 1994 2546 2730 
306 585 1296 1950 2547 2994 
469 684 1507 1983 2079 2655 
289 615 1420 2026 2137 2987 
486 735 1299 1878 2350 3030 
181 751 1066 1956 2358 3018 
163 822 1226 1955 2158 3037 
67 969 1318 1695 2548 2735 
442 683 1508 1962 2549 2890 
449 798 1222 1685 2490 2771 
206 870 1509 1916 2134 2930 
215 618 1033 1917 2323 3030 
487 968 1370 1639 2550 3038 
164 999 1125 1568 2106 2947 
465 743 1363 2027 2419 3024 
39 699 1449 2028 2551 2618 
75 879 1405 1990 2421 3039 
352 693 1369 1683 2085 2927 
207 1000 1480 1606 2466 2962 
290 939 1510 1762 2188 2887 
485 680 1129 1955 2232 2665 
376 779 1511 2029 2301 2786 
218 810 1137 1946 2129 3040 
474 849 1498 1646 2552 2934 
476 786 1435 1819 2481 3026 
327 737 1209 1645 2226 2955 
35 998 1336 2030 2255 2787 
488 843 1496 1806 2227 2645 
443 704 1249 2031 2196 2863 
286 771 1512 1773 2347 2714 
293 998 1120 1792 2381 2846 
199 638 1156 1686 2553 2869 
74 651 1513 1572 2554 2603 
274 895 1046 1529 2101 2852 
187 977 1514 1673 2461 2942 
14 598 1494 1886 2211 2830 
383 888 1144 1966 2428 2644 
445 840 1112 1838 2362 3024 
489 849 1071 1742 2555 2879 
452 1000 1439 1778 2484 2845 
55 839 1191 1483 2398 2656 
402 886 1264 1618 2162 3027 
435 883 1508 2009 2263 2526 
328 763 1505 1865 2534 2793 
322 808 1271 1674 2403 2857 
490 793 1515 1776 2329 2964 
187 695 1516 1711 2069 2908 
131 995 1399 1849 2556 3041 
461 550 1259 1814 2099 2767 
152 921 1304 1793 2177 2900 
491 1001 1247 2032 2502 3042 
43 1002 1280 1798 2445 2568 
492 1003 1047 2032 2423 2553 
246 523 1308 1601 2438 2700 
136 833 1500 1777 2445 2932 
128 928 1273 1734 2499 3004 
253 933 1508 1654 2269 2721 
175 981 1517 1799 2421 3043 
477 710 1499 1854 2096 2709 
222 590 1459 1919 2256 2605 
484 912 1225 2033 2080 2792 
459 961 1359 2027 2277 2628 
240 780 1455 1701 2000 2835 
456 994 1207 2034 2557 2730 
52 1004 1425 2035 2305 3044 
444 760 1194 1622 2393 3045 
464 1005 1083 2036 2257 2863 
79 568 1518 1915 2558 2823 
353 1006 1151 1548 2235 2852 
457 564 1251 1876 2272 2550 
227 924 1200 1735 2319 3044 
424 916 1519 1756 2243 3046 
450 1006 1520 2006 2498 2764 
269 581 1417 1647 2102 2763 
135 852 1041 2033 2476 3047 
407 618 1470 1642 2309 2992 
119 815 1521 1588 2224 2965 
472 999 1522 1657 2452 2806 
48 778 1467 1963 2559 2961 
101 899 1117 2006 2267 2740 
438 1007 1135 1848 2338 2841 
411 716 1084 1884 2508 2841 
108 841 1523 1828 2560 3048 
441 629 1067 1965 2478 3047 
493 973 1319 2037 2351 2888 
494 658 1090 2005 2121 2606 
373 1008 1151 2035 2088 2985 
171 601 1439 1649 2152 2790 
458 710 1134 2038 2561 2967 
487 574 1250 1892 2490 3043 
436 814 1285 1597 2253 2859 
358 918 1446 1816 2186 2533 
60 728 1224 2039 2420 2941 
351 572 1524 1992 2557 3031 
389 952 1318 1996 2353 2935 
274 567 1481 1890 2438 2925 
351 1009 1492 1620 2262 2713 
495 697 1359 2040 2527 2923 
93 513 1282 2022 2562 2959 
400 778 1245 1717 2413 2883 
437 981 1202 1762 2258 2830 
483 626 1033 1822 2563 2867 
439 972 1250 2041 2386 2806 
312 625 1216 2029 2564 2995 
339 591 1457 1998 2563 2866 
166 989 1420 1689 2454 2695 
326 971 1320 1566 2463 3049 
479 853 1394 1848 2565 2922 
489 735 1472 1987 2435 3050 
496 623 1073 2042 2104 2808 
163 1010 1118 1817 2365 2813 
485 975 1422 1897 2431 2887 
366 1001 1237 2023 2566 2859 
202 565 1525 2042 2567 2734 
479 985 1256 1939 2238 2562 
328 832 1188 1764 2247 2902 
120 951 1526 1960 2568 2898 
280 1011 1305 1755 2344 2827 
201 877 1127 1795 2331 2647 
338 934 1515 1731 2505 3051 
4 806 1177 1967 2567 2988 
115 579 1310 1801 2561 2973 
497 605 1358 2027 2545 3052 
211 543 1515 1832 2372 2848 
84 967 1203 1702 2482 2648 
86 962 1251 1906 2356 2930 
299 836 1168 1574 2414 3053 
334 1012 1030 1293 2272 2853 
448 807 1527 1915 2500 3021 
498 688 1036 2043 2178 2794 
416 942 1382 1846 2552 2961 
430 736 1109 1838 2553 2963 
415 1013 1528 1952 2230 2837 
144 945 1507 2028 2493 2675 
147 624 1290 1985 2569 2954 
281 547 1416 1994 2485 2680 
300 644 1529 1687 2570 3033 
123 568 1341 1917 2311 3054 
435 650 1331 1788 2130 2798 
333 842 1110 1623 2549 3055 
298 988 1312 1820 2182 3025 
404 995 1524 1657 2571 2864 
229 599 1032 1975 2163 3019 
146 868 1087 1920 2559 3056 
491 721 1454 1630 2510 2949 
341 689 1378 1886 2524 2789 
332 953 1234 1851 2359 2849 
489 518 1400 1909 2542 2801 
415 791 1332 1943 2346 2690 
414 989 1215 2044 2285 3012 
395 643 1387 1877 2389 3035 
314 1001 1276 1963 2377 2524 
453 578 1329 1773 2060 3057 
244 893 1489 1574 2395 2787 
194 593 1530 2037 2360 2742 
222 547 1331 1741 2401 3058 
64 930 1338 1887 2328 2710 
55 1010 1531 1812 2448 2760 
367 911 1357 1748 2430 2974 
165 620 1052 2045 2422 2866 
482 973 1519 1549 2560 2832 
135 570 1523 1959 2184 2794 
278 816 1113 2008 2192 2663 
5 586 1434 1486 2422 3059 
385 724 1423 1552 2378 2985 
438 646 1444 1976 2443 2920 
486 782 1499 1808 2367 3032 
217 708 1369 1707 2484 2777 
460 632 1498 2014 2310 3060 
499 587 1217 1624 2572 2766 
406 897 1490 1988 2526 2650 
320 684 1375 1849 2245 2967 
10 597 1532 2037 2476 2738 
177 1014 1291 1989 2573 3061 
66 577 1232 1555 2259 3029 
261 1003 1300 1953 2126 2913 
346 942 1429 1634 2337 2761 
487 819 1412 1696 2223 2950 
500 630 1179 2002 2574 2981 
212 566 1271 1660 2575 2906 
15 970 1274 1891 2391 2963 
460 562 1182 1948 2543 2588 
330 583 1533 1597 2477 3009 
9 544 1303 1914 2369 2683 
291 718 1378 1841 2077 2686 
83 803 1300 1576 2576 2761 
467 742 1513 1999 2379 3062 
410 745 1257 2026 2577 3010 
394 1015 1070 1555 2352 2947 
446 701 1206 1857 2374 2987 
190 1014 1066 1709 2296 2888 
282 992 1524 1787 2117 2697 
365 1013 1202 1909 2408 2881 
175 563 1491 2046 2427 3015 
116 1016 1254 1901 1911 2698 
501 1017 1064 2047 2341 2681 
297 721 1279 1692 2541 2751 
118 891 1108 1976 2374 2912 
321 1018 1221 1899 2485 3063 
324 946 1367 1926 2205 3036 
46 1019 1160 2048 2371 3013 
389 869 1172 1777 2574 3023 
469 704 1330 1995 2431 2541 
270 634 1059 1845 2377 2643 
256 785 1395 1981 2180 2999 
194 860 1097 1813 2041 3064 
133 540 1428 1821 2446 2969 
502 1009 1208 1729 2140 3060 
490 714 1399 1860 2521 2997 
417 766 1081 1589 2546 3041 
17 861 1342 1598 2211 3005 
478 955 1431 1563 2351 2472 
87 553 1433 2021 2578 2911 
398 706 1432 1658 2280 2941 
503 643 1406 1795 2113 2680 
501 727 1346 1649 2432 2884 
315 526 1525 1553 2268 2847 
330 602 1351 2049 2480 2657 
430 898 1376 1772 2149 3055 
85 965 1286 1875 2449 3065 
235 977 1050 2050 2518 2586 
472 835 1484 1893 2579 2891 
14 935 1222 1701 2529 2869 
491 576 1509 1688 2387 3044 
157 593 1296 1807 2348 2419 
466 1007 1297 1668 2564 2707 
504 839 1272 2024 2107 2977 
349 757 1205 1889 2094 2844 
495 971 1534 1894 2489 2495 
418 723 1152 1939 2580 3066 
171 549 1371 1804 1974 2840 
427 891 1411 1569 2412 2878 
215 587 1502 2028 2547 2993 
89 675 1503 2045 2238 3057 
282 659 1006 2030 2410 2901 
258 961 1165 1796 2554 2676 
467 1020 1161 2004 2181 2667 
499 557 1442 1959 2276 2591 
482 907 1504 1644 2363 2855 
113 921 1174 1871 2361 2945 
176 1021 1080 1700 2235 2638 
210 1022 1104 1856 2475 2931 
35 655 1535 2051 2273 2713 
354 949 1525 1581 2465 2773 
341 656 1409 2036 2535 2632 
288 725 1529 1715 2294 2781 
267 1004 1292 1656 2165 3060 
107 624 1536 1577 2142 2775 
156 808 1516 1636 2536 2661 
201 776 1204 2042 2456 3031 
403 908 1062 1638 2263 2482 
505 974 1450 1826 2393 2515 
500 868 1480 1880 2458 2604 
289 1020 1284 1972 2543 2635 
506 856 1392 1921 2399 2652 
451 957 1122 1991 2371 2938 
340 765 1421 1725 2497 3053 
174 1004 1471 1891 2581 2790 
5 940 1426 1687 2146 2671 
104 929 1236 2052 2076 3042 
322 715 1147 1595 2276 3034 
462 799 1187 1809 2532 3067 
113 887 1469 2053 2290 2562 
354 728 1115 1605 2446 2916 
177 830 1532 1826 2565 2894 
161 847 1045 1907 2063 2735 
3 777 1434 1894 2291 3066 
252 974 1183 1641 2259 2807 
507 1007 1056 2054 2528 3050 
1 661 1526 1872 2333 2724 
383 800 1289 1903 2454 2933 
262 522 1537 1718 2396 3050 
93 627 1373 2043 2220 2918 
237 676 1409 1835 2582 2897 
122 539 1493 1828 2250 2672 
276 784 1085 2017 2583 2875 
91 1021 1415 1911 2584 2797 
380 982 1385 1948 2542 3028 
232 514 1478 1827 2278 2970 
139 1008 1100 1922 2007 2948 
508 674 1509 1949 2540 2611 
20 905 1325 2020 2414 2886 
327 815 1140 1924 2441 2951 
492 641 1482 1839 2331 2661 
112 949 1417 2012 2363 3068 
292 698 1485 1703 2217 2540 
185 983 1451 1726 2120 2920 
18 943 1416 1670 2065 3029 
494 797 1518 1740 2364 2921 
395 890 1533 1881 2147 2534 
486 979 1099 1590 2148 3041 
154 901 1368 2021 2185 3014 
253 524 1362 1967 2296 2993 
507 612 1408 2053 2525 2933 
343 863 1273 1459 2243 2966 
509 1023 1372 1580 2525 3064 
278 978 1306 2041 2424 3048 
244 948 1375 2053 2412 3040 
411 606 1443 1587 2467 2960 
506 638 1427 1823 2234 2521 
423 1010 1315 1726 2573 3049 
471 653 1491 2023 2376 3069 
129 719 1430 2055 2573 2897 
213 850 1214 2044 2264 3036 
418 845 1494 1949 2358 2688 
124 859 1254 1634 2531 2695 
209 792 1305 2054 2373 3061 
462 984 1017 1872 2473 2803 
11 980 1279 1934 2198 2982 
81 1019 1472 2000 2457 2871 
155 675 1473 1759 2471 2596 
232 875 1078 1904 2131 2718 
361 986 1458 2034 2425 3046 
363 642 1397 1919 2406 2815 
204 813 1489 1761 2585 2821 
141 1023 1389 1895 2169 2883 
266 713 1438 1507 2494 2793 
227 872 1506 1713 2467 2602 
510 984 1442 1764 2118 2988 
28 911 1423 1958 2274 2978 
228 892 1500 1651 2550 2625 
470 884 1344 1575 2307 3016 
238 719 1530 2056 2102 2598 
246 605 1405 1933 2522 2968 
318 786 1531 1957 2582 2868 
54 792 1105 1979 2513 3063 
419 964 1068 2047 2397 2915 
147 523 1470 1977 2555 2796 
324 616 1128 2036 2459 2861 
96 940 1530 1983 2460 2780 
511 514 1124 1885 2194 2862 
352 783 1308 1758 2468 3001 
463 955 1307 1650 2581 2728 
470 755 1533 2043 2563 2690 
428 865 1108 2052 2166 2874 
337 888 1538 1676 2239 2536 
284 993 1276 2049 2072 2831 
429 864 1090 1888 1951 2858 
109 906 1528 2010 2199 2951 
325 767 1335 2048 2355 2784 
452 844 1278 1945 2353 2759 
257 533 1506 2050 2138 2669 
346 556 1268 2011 2229 2828 
509 663 1539 1986 2522 2618 
503 538 1150 1686 2273 2737 
2 919 1155 1960 2087 3059 
382 740 1540 1952 2214 2629 
511 787 1395 1898 2133 3070 
476 529 1208 1556 2440 2651 
37 1024 1263 1644 2575 2774 
117 882 1528 2055 2299 2513 
340 912 1526 1671 2307 2749 
507 869 1541 1741 2274 2717 
132 541 1432 2044 2511 2924 
458 772 1511 1546 2260 2917 
217 700 1178 1809 2586 2856 
66 952 1402 2020 2089 3014 
263 656 1464 1927 2396 2827 
249 1015 1440 1727 2222 3057 
392 1022 1539 1584 2071 2751 
236 692 1072 2016 2549 2939 
53 925 1514 2051 2095 2607 
127 880 1527 1757 2200 3052 
450 571 1381 2018 2587 3009 
277 1009 1145 1999 2569 2844 
493 730 1170 1605 2301 2912 
27 1025 1171 1750 2588 2937 
384 754 1291 1918 2483 2600 
408 877 1309 1978 2470 2795 
131 846 1233 2019 2132 2910 
276 948 1270 1552 2555 2768 
481 1026 1149 1912 2054 2904 
268 770 1303 2014 2096 3045 
105 1027 1267 2057 2117 2937 
295 685 1428 2058 2472 3000 
196 967 1377 2046 2081 3005 
492 558 1517 1942 2546 3053 
362 594 1497 1998 2565 2772 
478 867 1537 1863 2185 2434 
11 555 1461 1714 2137 3052 
364 914 1288 1822 2462 2613 
416 577 1476 1601 2474 2984 
474 744 1247 1720 2501 3061 
332 559 1299 2059 2415 2757 
501 768 1520 1905 2518 2783 
360 1018 1211 1982 2212 2692 
305 797 1425 1542 2405 2788 
294 991 1328 1937 2139 2986 
258 764 1522 1789 2551 2768 
223 975 1396 1847 2407 2624 
468 966 1344 2013 2283 3065 
498 655 1365 2011 2495 3034 
465 937 1521 1837 2266 3056 
393 928 1542 1937 2181 2464 
264 871 1209 1583 2072 2991 
77 1025 1322 1803 2488 2872 
385 791 1366 1947 2559 2718 
200 1014 1309 1460 2123 2752 
151 1011 1148 2060 2520 3013 
314 842 1193 1610 2304 2980 
176 611 1518 1595 2201 2839 
431 1021 1436 2052 2261 3038 
56 1002 1413 1635 2357 2741 
409 982 1141 1650 2097 3007 
440 671 1462 1883 2090 3071 
344 1003 1288 1864 2114 3071 
109 796 1153 1748 2566 2687 
178 950 1424 2056 2191 3038 
26 969 1490 1586 2386 2829 
237 742 1419 1843 2308 2838 
230 980 1534 1622 2068 2922 
443 1023 1125 1855 2281 2643 
372 711 1367 1910 2376 2763 
502 858 1346 1640 2212 2480 
6 966 1492 1929 2122 2711 
166 677 1234 1843 2385 2934 
40 950 1465 1776 2437 2632 
445 697 1436 1466 2493 2889 
471 799 1468 1975 2506 2880 
408 752 1543 1672 2335 2775 
69 854 1248 1993 2328 3039 
180 987 1355 1685 2322 2805 
319 986 1206 1484 2288 3065 
484 860 1471 1604 2380 3071 
112 985 1384 1714 2507 3054 
397 739 1199 2026 2170 2610 
331 620 1544 1861 2310 2668 
423 713 1520 1768 2204 3004 
161 936 1175 1984 2316 2964 
456 876 1516 1681 2283 3056 
223 691 1538 1921 2589 2984 
199 703 1505 1941 2564 3051 
509 536 1037 1953 2231 2800 
444 855 1373 1985 2168 2817 
70 1024 1536 1951 2447 2753 
512 824 1083 1901 2570 2982 
320 895 1429 2039 2202 3059 
146 865 1228 1810 2062 2997 
374 962 1477 2005 2260 3026 
388 913 1457 1547 2530 2885 
447 987 1398 2013 2365 2654 
191 997 1283 1706 2434 3045 
379 788 1105 1811 2061 2928 
357 894 1384 1892 2040 2783 
431 628 1096 1832 2180 2809 
370 881 1274 1787 2437 2725 
116 599 1396 1768 2453 2829 
312 615 1039 2024 2129 2942 
259 779 1050 2033 2123 2959 
188 1002 1410 1675 2244 3066 
188 908 1263 1869 2533 2915 
407 872 1487 1808 2190 2469 
12 607 1236 1929 2360 2707 
497 923 1048 2019 2535 2716 
490 1012 1345 1861 2418 2936 
219 992 1149 1689 2558 3027 
259 963 1478 2009 2222 2743 
31 529 1411 1966 2183 3007 
242 781 1352 2031 2155 2747 
106 668 1227 1924 2503 2756 
475 960 1333 2031 2279 2647 
335 528 1340 1907 2306 3025 
510 758 1517 1756 2392 3011 
180 844 1158 1790 2488 2870 
228 750 1139 1637 2449 2851 
273 695 1054 1896 2255 3058 
466 706 1180 1997 2471 2685 
153 744 1345 2038 2370 2733 
68 805 1374 1821 2344 3068 
359 699 1542 1858 2589 2634 
285 960 1052 1718 2566 2755 
377 866 1162 1788 2392 2746 
477 1026 1413 2040 2294 3040 
380 687 1521 1829 2560 2723 
75 1019 1475 1913 2280 2624 
459 640 1321 1671 2390 3070 
247 738 1465 1854 2380 2957 
505 571 1284 1961 2192 2666 
488 546 1028 2050 2246 2846 
345 581 1512 1940 2576 3072 
13 835 1295 1923 2236 2843 
390 853 1097 1920 2511 2877 
376 621 1350 1887 2354 2798 
505 809 1327 1705 2589 3003 
193 688 1167 1580 2368 2910 
137 954 1210 1993 2388 2919 
114 925 1447 1716 2440 3035 
88 880 1215 1882 2520 2936 
481 890 1221 1662 2479 2960 
261 878 1386 1744 2528 3049 
342 654 1212 1944 2269 2938 
34 996 1238 1926 2523 3001 
63 996 1535 1791 2162 2965 
365 754 1063 2016 2159 3010 
304 1028 1545 2056 2221 2916 
296 552 1488 1779 2583 2778 
406 629 1084 1624 2094 2836 
355 1005 1488 1880 2287 2923 
362 787 1535 1708 1753 2709 
225 941 1531 1938 2242 3064 
160 672 1519 1715 2228 2924 
464 821 1536 2039 2319 3072 
250 929 1176 1695 2049 3063 
495 527 1191 1845 2134 3058 
67 884 1069 1831 2172 2708 
226 722 1119 1735 2099 2862 
17 1016 1511 1610 2411 2652 
173 965 1058 1913 2065 2913 
401 882 1045 1690 2512 2592 
455 693 1321 2007 2373 2973 
480 760 1473 1873 2423 3015 
499 999 1393 1778 2399 2972 
421 631 1340 1737 2538 3046 
336 972 1504 1873 2152 2873 
503 964 1239 1954 2450 2908 
288 836 1051 1918 2418 3067 
167 583 1422 1815 2251 3032 
508 682 1055 1786 2232 2727 
461 622 1408 2034 2577 2592 
347 1000 1343 1882 2098 2609 
310 881 1502 1980 2069 3069 
504 731 1245 1661 2177 3011 
483 537 1354 2048 2455 2791 
128 976 1362 2017 2548 2673 
90 575 1497 1817 2206 2939 
73 592 1495 1732 2384 3017 
51 927 1537 1792 2568 2926 
148 1016 1372 1992 2378 2835 
391 608 1418 1971 2590 2886 
183 922 1370 2022 2315 3039 
363 963 1287 1831 2523 2760 
488 954 1262 1693 2571 3028 
496 825 1168 1750 2489 2836 
85 889 1153 1824 2266 3062 
150 997 1412 1775 1970 3070 
202 938 1298 2030 2417 3072 
426 810 1048 1931 2240 2510 
307 569 1487 1551 2554 3067 
245 548 1452 2061 2173 3019 
76 983 1392 2035 2383 2578 
391 1029 1111 1793 2572 2949 
315 1012 1510 1943 2248 2685 
451 859 1353 2001 2509 3051 
366 833 1124 1626 2258 2749 
420 781 1512 1956 2515 2975 
173 856 1510 1771 2558 2627 
375 769 1371 1583 2556 2601 
400 630 1514 1712 2516 3003 
83 937 1220 1996 2115 2854 
387 957 1438 1972 2388 3068 
454 636 1282 1796 2233 3042 
207 854 1380 1724 2459 2638 
260 609 1060 2025 2288 2928 
449 756 1199 2051 2286 2952 
440 1025 1483 1673 2539 2876 
439 847 1440 1981 2443 2588 
508 650 1240 1898 2332 2740 
186 993 1404 1740 2218 3000 
494 938 1313 1693 2590 3037 
498 914 1455 1579 2161 3055 
512 994 1335 1720 2341 2537 
72 926 1192 1794 2491 2990 
31 978 1194 1619 2585 2825 
504 904 1441 1941 2067 3033 
433 516 1501 1986 2217 3062 
500 900 1177 1940 2324 2821 
403 743 1513 1942 2586 2658 
436 549 1298 1833 2584 3047 
434 794 1503 1964 2572 3043 
305 662 1437 2015 2487 2639 
214 783 1546 1557 2282 2502 
7 851 1522 1680 2569 2570 
184 703 1040 1606 2206 3016 
37 838 1387 1648 2330 2617 
512 755 1203 1566 2401 2989 
381 1027 1164 1874 2136 3037 
473 750 1538 1781 2313 3006 
502 682 1446 1853 2193 3054 
493 851 1383 1840 2292 3022 
255 968 1223 2058 2154 2974 
428 759 1175 1759 2551 2642 
350 773 1326 2046 2571 2892 
256 1008 1361 1980 2544 2906 
497 867 1242 1968 2591 2724 
511 1027 1424 1736 2405 2944 
105 917 1482 1706 2225 2811 
506 1015 1319 1742 2531 2739 
270 990 1419 2060 2172 2733 
205 1030 1541 2004 2175 2594 
496 945 1540 1815 2448 2953 
132 909 1544 2002 2494 2669 
126 789 1418 1829 2499 2853 
208 595 1393 1977 2413 3069 
24 584 1447 1571 2501 3023 
473 794 1047 1675 2506 3048 
264 1029 1444 1900 2228 3017 
510 812 1256 2038 2592 2629 
110 616 1468 1737 2492 2907 
437 602 1174 1765 2514 2994 
347 576 1037 1798 2367 2729 
422 554 1290 2029 2394 2762 
369 586 1547 1916 2509 2641 
446 809 1380 1883 2469 2998 
265 910 1056 1844 2582 2989 
167 1011 1324 2057 2591 2608 
