256
128
0
0
0 1 43 1 86 1 131 1 170 1 214 1 256 256
1 1 42 1 87 1 132 1 173 1 215 1 256 256
2 1 44 1 88 1 133 1 174 1 216 1 256 256
3 1 45 1 89 1 134 1 175 1 217 1 256 256
4 1 46 1 90 1 128 1 176 1 218 1 256 256
5 1 47 1 91 1 135 1 177 1 219 1 256 256
1 1 48 1 92 1 131 1 178 1 220 1 256 256
6 1 47 1 93 1 136 1 179 1 221 1 256 256
7 1 49 1 94 1 137 1 180 1 222 1 256 256
8 1 50 1 95 1 138 1 179 1 223 1 256 256
9 1 51 1 96 1 139 1 181 1 222 1 256 256
10 1 52 1 97 1 140 1 182 1 224 1 256 256
11 1 53 1 98 1 112 1 183 1 225 1 256 256
12 1 54 1 99 1 141 1 184 1 226 1 256 256
9 1 55 1 100 1 142 1 185 1 227 1 256 256
12 1 56 1 101 1 143 1 186 1 217 1 256 256
13 1 57 1 102 1 144 1 184 1 216 1 256 256
14 1 58 1 102 1 145 1 187 1 228 1 256 256
15 1 59 1 101 1 145 1 188 1 229 1 256 256
16 1 60 1 92 1 146 1 186 1 230 1 256 256
17 1 46 1 103 1 147 1 165 1 231 1 256 256
18 1 61 1 104 1 132 1 188 1 218 1 256 256
18 1 62 1 96 1 148 1 189 1 226 1 256 256
19 1 55 1 94 1 149 1 190 1 232 1 256 256
20 1 61 1 105 1 150 1 182 1 233 1 256 256
21 1 50 1 106 1 137 1 191 1 234 1 256 256
22 1 63 1 95 1 151 1 192 1 235 1 256 256
23 1 64 1 107 1 152 1 193 1 225 1 256 256
24 1 65 1 89 1 153 1 194 1 236 1 256 256
11 1 66 1 104 1 154 1 180 1 237 1 256 256
25 1 57 1 108 1 155 1 195 1 220 1 256 256
26 1 59 1 109 1 156 1 195 1 236 1 256 256
27 1 67 1 110 1 157 1 196 1 214 1 256 256
28 1 49 1 111 1 158 1 189 1 225 1 256 256
17 1 52 1 112 1 135 1 181 1 229 1 256 256
0 1 64 1 113 1 135 1 197 1 230 1 256 256
20 1 68 1 89 1 138 1 198 1 238 1 256 256
19 1 67 1 101 1 129 1 189 1 213 1 256 256
27 1 69 1 114 1 155 1 172 1 221 1 256 256
21 1 70 1 115 1 146 1 199 1 239 1 256 256
15 1 71 1 116 1 139 1 200 1 240 1 256 256
20 1 64 1 90 1 142 1 201 1 241 1 256 256
28 1 72 1 92 1 144 1 202 1 232 1 256 256
29 1 73 1 117 1 143 1 176 1 219 1 256 256
2 1 66 1 106 1 157 1 203 1 231 1 256 256
30 1 62 1 118 1 159 1 195 1 227 1 256 256
5 1 56 1 87 1 153 1 204 1 242 1 256 256
31 1 51 1 119 1 143 1 198 1 228 1 256 256
21 1 46 1 87 1 160 1 185 1 243 1 256 256
32 1 74 1 119 1 136 1 183 1 240 1 256 256
32 1 43 1 104 1 141 1 167 1 235 1 256 256
7 1 75 1 119 1 150 1 205 1 244 1 256 256
32 1 58 1 120 1 161 1 182 1 231 1 256 256
33 1 63 1 121 1 152 1 174 1 243 1 256 256
31 1 45 1 106 1 162 1 193 1 233 1 256 256
34 1 62 1 103 1 134 1 177 1 245 1 256 256
18 1 60 1 117 1 163 1 206 1 224 1 256 256
8 1 76 1 86 1 100 1 172 1 228 1 256 256
35 1 73 1 109 1 138 1 204 1 246 1 256 256
24 1 77 1 99 1 146 1 193 1 246 1 256 256
36 1 60 1 122 1 149 1 173 1 247 1 256 256
7 1 44 1 114 1 151 1 202 1 242 1 256 256
23 1 57 1 94 1 132 1 175 1 248 1 256 256
22 1 78 1 113 1 156 1 207 1 217 1 256 256
37 1 79 1 111 1 127 1 164 1 239 1 256 256
24 1 58 1 114 1 160 1 197 1 249 1 256 256
22 1 80 1 123 1 130 1 199 1 248 1 256 256
31 1 81 1 91 1 164 1 180 1 223 1 256 256
38 1 78 1 88 1 160 1 208 1 250 1 256 256
38 1 48 1 110 1 139 1 177 1 212 1 256 256
39 1 53 1 124 1 150 1 197 1 251 1 256 256
40 1 61 1 110 1 158 1 191 1 227 1 256 256
15 1 44 1 86 1 165 1 206 1 252 1 256 256
6 1 77 1 96 1 156 1 209 1 216 1 256 256
3 1 48 1 125 1 130 1 188 1 249 1 256 256
26 1 81 1 103 1 141 1 200 1 234 1 256 256
14 1 63 1 105 1 131 1 194 1 253 1 256 256
37 1 50 1 107 1 140 1 205 1 245 1 256 256
33 1 49 1 97 1 109 1 186 1 218 1 256 256
39 1 78 1 111 1 163 1 210 1 242 1 256 256
35 1 43 1 122 1 155 1 201 1 254 1 256 256
13 1 76 1 124 1 148 1 201 1 234 1 256 256
41 1 82 1 125 1 164 1 176 1 252 1 256 256
29 1 55 1 126 1 140 1 203 1 220 1 256 256
28 1 68 1 116 1 159 1 209 1 243 1 256 256
25 1 77 1 127 1 129 1 183 1 250 1 256 256
35 1 47 1 128 1 166 1 210 1 232 1 256 256
29 1 71 1 98 1 162 1 208 1 239 1 256 256
3 1 52 1 129 1 167 1 174 1 247 1 256 256
37 1 65 1 122 1 147 1 196 1 219 1 256 256
14 1 82 1 112 1 137 1 207 1 246 1 256 256
4 1 71 1 121 1 161 1 190 1 230 1 256 256
40 1 70 1 108 1 133 1 207 1 226 1 256 256
8 1 72 1 118 1 161 1 199 1 247 1 256 256
9 1 79 1 120 1 133 1 192 1 244 1 256 256
16 1 59 1 124 1 168 1 208 1 255 1 256 256
13 1 45 1 128 1 151 1 178 1 250 1 256 256
41 1 54 1 88 1 149 1 211 1 240 1 256 256
34 1 67 1 95 1 169 1 173 1 233 1 256 256
2 1 83 1 117 1 168 1 212 1 215 1 256 256
0 1 84 1 115 1 166 1 203 1 223 1 256 256
4 1 80 1 99 1 158 1 181 1 221 1 256 256
41 1 68 1 115 1 148 1 196 1 229 1 256 256
38 1 73 1 102 1 165 1 192 1 251 1 256 256
17 1 83 1 123 1 144 1 205 1 237 1 256 256
19 1 83 1 93 1 170 1 204 1 249 1 256 256
1 1 75 1 127 1 166 1 200 1 254 1 256 256
10 1 54 1 118 1 162 1 213 1 222 1 256 256
40 1 81 1 126 1 169 1 210 1 253 1 256 256
34 1 85 1 116 1 154 1 184 1 236 1 256 256
27 1 53 1 84 1 171 1 206 1 241 1 256 256
10 1 74 1 108 1 153 1 187 1 255 1 256 256
36 1 80 1 91 1 145 1 178 1 241 1 256 256
26 1 69 1 107 1 163 1 213 1 238 1 256 256
5 1 85 1 120 1 168 1 211 1 253 1 256 256
42 1 69 1 123 1 159 1 194 1 251 1 256 256
25 1 66 1 121 1 170 1 198 1 224 1 256 256
11 1 56 1 130 1 142 1 179 1 214 1 256 256
39 1 70 1 93 1 134 1 152 1 252 1 256 256
12 1 79 1 105 1 172 1 190 1 215 1 256 256
30 1 75 1 113 1 157 1 187 1 238 1 256 256
16 1 74 1 90 1 169 1 209 1 237 1 256 256
33 1 51 1 84 1 147 1 191 1 255 1 256 256
42 1 82 1 100 1 136 1 202 1 245 1 256 256
30 1 65 1 98 1 167 1 211 1 248 1 256 256
6 1 72 1 126 1 171 1 212 1 235 1 256 256
36 1 76 1 97 1 154 1 175 1 244 1 256 256
23 1 85 1 125 1 171 1 185 1 254 1 256 256
