5120
2560
4
4 4 4 4 4 4 4 4 4 4 4 4 4 4 4 4 4 4 4 4 4 4 4 4 4 4 4 4 4 4 4 4 4 4 4 4 4 4 4 4 4 4 4 4 4 4 4 4 4 4 4 4 4 4 4 4 4 4 4 4 4 4 4 4 4 4 4 4 4 4 4 4 4 4 4 4 4 4 4 4 4 4 4 4 4 4 4 4 4 4 4 4 4 4 4 4 4 4 4 4 4 4 4 4 4 4 4 4 4 4 4 4 4 4 4 4 4 4 4 4 4 4 4 4 4 4 4 4 4 4 4 4 4 4 4 4 4 4 4 4 4 4 4 4 4 4 4 4 4 4 4 4 4 4 4 4 4 4 4 4 4 4 4 4 4 4 4 4 4 4 4 4 4 4 4 4 4 4 4 4 4 4 4 4 4 4 4 4 4 4 4 4 4 4 4 4 4 4 4 4 4 4 4 4 4 4 4 4 4 4 4 4 4 4 4 4 4 4 4 4 4 4 4 4 4 4 4 4 4 4 4 4 4 4 4 4 4 4 4 4 4 4 4 4 4 4 4 4 4 4 4 4 4 4 4 4 4 4 4 4 4 4 4 4 4 4 4 4 4 4 4 4 4 4 4 4 4 4 4 4 4 4 4 4 4 4 4 4 4 4 4 4 4 4 4 4 4 4 4 4 4 4 4 4 4 4 4 4 4 4 4 4 4 4 4 4 4 4 4 4 4 4 4 4 4 4 4 4 4 4 4 4 4 4 4 4 4 4 4 4 4 4 4 4 4 4 4 4 4 4 4 4 4 4 4 4 4 4 4 4 4 4 4 4 4 4 4 4 4 4 4 4 4 4 4 4 4 4 4 4 4 4 4 4 4 4 4 4 4 4 4 4 4 4 4 4 4 4 4 4 4 4 4 4 4 4 4 4 4 4 4 4 4 4 4 4 4 4 4 4 4 4 4 4 4 4 4 4 4 4 4 4 4 4 4 4 4 4 4 4 4 4 4 4 4 4 4 4 4 4 4 4 4 4 4 4 4 4 4 4 4 4 4 4 4 4 4 4 4 4 4 4 4 4 4 4 4 4 4 4 4 4 4 4 4 4 4 4 4 4 4 4 4 4 4 4 4 4 4 4 4 4 4 4 4 4 4 4 4 4 4 4 4 4 4 4 4 4 4 4 4 4 4 4 4 4 4 4 4 4 4 4 4 4 4 4 4 4 4 4 4 4 4 4 4 4 4 4 4 4 4 4 4 4 4 4 4 4 4 4 4 4 4 4 4 4 4 4 4 4 4 4 4 4 4 4 4 4 4 4 4 4 4 4 4 4 4 4 4 4 4 4 4 4 4 4 4 4 4 4 4 4 4 4 4 4 4 4 4 4 4 4 4 4 4 4 4 4 4 4 4 4 4 4 4 4 4 4 4 4 4 4 4 4 4 4 4 4 4 4 4 4 4 4 4 4 4 4 4 4 4 4 4 4 4 4 4 4 4 4 4 4 4 4 4 4 4 4 4 4 4 4 4 4 4 4 4 4 4 4 4 4 4 4 4 4 4 4 4 4 4 4 4 4 4 4 4 4 4 4 4 4 4 4 4 4 4 4 4 4 4 4 4 4 4 4 4 4 4 4 4 4 4 4 4 4 4 4 4 4 4 4 4 4 4 4 4 4 4 4 4 4 4 4 4 4 4 4 4 4 4 4 4 4 4 4 4 4 4 4 4 4 4 4 4 4 4 4 4 4 4 4 4 4 4 4 4 4 4 4 4 4 4 4 4 4 4 4 4 4 4 4 4 4 4 4 4 4 4 4 4 4 4 4 4 4 4 4 4 4 4 4 4 4 4 4 4 4 4 4 4 4 4 4 4 4 4 4 4 4 4 4 4 4 4 4 4 4 4 4 4 4 4 4 4 4 4 4 4 4 4 4 4 4 4 4 4 4 4 4 4 4 4 4 4 4 4 4 4 4 4 4 4 4 4 4 4 4 4 4 4 4 4 4 4 4 4 4 4 4 4 4 4 4 4 4 4 4 4 4 4 4 4 4 4 4 4 4 4 4 4 4 4 4 4 4 4 4 4 4 4 4 4 4 4 4 4 4 4 4 4 4 4 4 4 4 4 4 4 4 4 4 4 4 4 4 4 4 4 4 4 4 4 4 4 4 4 4 4 4 4 4 4 4 4 4 4 4 4 4 4 4 4 4 4 4 4 4 4 4 4 4 4 4 4 4 4 4 4 4 4 4 4 4 4 4 4 4 4 4 4 4 4 4 4 4 4 4 4 4 4 4 4 4 4 4 4 4 4 4 4 4 4 4 4 4 4 4 4 4 4 4 4 4 4 4 4 4 4 4 4 4 4 4 4 4 4 4 4 4 4 4 4 4 4 4 4 4 4 4 4 4 4 4 4 4 4 4 4 4 4 4 4 4 4 4 4 4 4 4 4 4 4 4 4 4 4 4 4 4 4 4 4 4 4 4 4 4 4 4 4 4 4 4 4 4 4 4 4 4 4 4 4 4 4 4 4 4 4 4 4 4 4 4 4 4 4 4 4 4 4 4 4 4 4 4 4 4 4 4 4 4 4 4 4 4 4 4 4 4 4 4 4 4 4 4 4 4 4 4 4 4 4 4 4 4 4 4 4 4 4 4 4 4 4 4 4 4 4 4 4 4 4 4 4 4 4 4 4 4 4 4 4 4 4 4 4 4 4 4 4 4 4 4 4 4 4 4 4 4 4 4 4 4 4 4 4 4 4 4 4 4 4 4 4 4 4 4 4 4 4 4 4 4 4 4 4 4 4 4 4 4 4 4 4 4 4 4 4 4 4 4 4 4 4 4 4 4 4 4 4 4 4 4 4 4 4 4 4 4 4 4 4 4 4 4 4 4 4 4 4 4 4 4 4 4 4 4 4 4 4 4 4 4 4 4 4 4 4 4 4 4 4 4 4 4 4 4 4 4 4 4 4 4 4 4 4 4 4 4 4 4 4 4 4 4 4 4 4 4 4 4 4 4 4 4 4 4 4 4 4 4 4 4 4 4 4 4 4 4 4 4 4 4 4 4 4 4 4 4 4 4 4 4 4 4 4 4 4 4 4 4 4 4 4 4 4 4 4 4 4 4 4 4 4 4 4 4 4 4 4 4 4 4 4 4 4 4 4 4 4 4 4 4 4 4 4 4 4 4 4 4 4 4 4 4 4 4 4 4 4 4 4 4 4 4 4 4 4 4 4 4 4 4 4 4 4 4 4 4 4 4 4 4 4 4 4 4 4 4 4 4 4 4 4 4 4 4 4 4 4 4 4 4 4 4 4 4 4 4 4 4 4 4 4 4 4 4 4 4 4 4 4 4 4 4 4 4 4 4 4 4 4 4 4 4 4 4 4 4 4 4 4 4 4 4 4 4 4 4 4 4 4 4 4 4 4 4 4 4 4 4 4 4 4 4 4 4 4 4 4 4 4 4 4 4 4 4 4 4 4 4 4 4 4 4 4 4 4 4 4 4 4 4 4 4 4 4 4 4 4 4 4 4 4 4 4 4 4 4 4 4 4 4 4 4 4 4 4 4 4 4 4 4 4 4 4 4 4 4 4 4 4 4 4 4 4 4 4 4 4 4 4 4 4 4 4 4 4 4 4 4 4 4 4 4 4 4 4 4 4 4 4 4 4 4 4 4 4 4 4 4 4 4 4 4 4 4 4 4 4 4 4 4 4 4 4 4 4 4 4 4 4 4 4 4 4 4 4 4 4 4 4 4 4 4 4 4 4 4 4 4 4 4 4 4 4 4 4 4 4 4 4 4 4 4 4 4 4 4 4 4 4 4 4 4 4 4 4 4 4 4 4 4 4 4 4 4 4 4 4 4 4 4 4 4 4 4 4 4 4 4 4 4 4 4 4 4 4 4 4 4 4 4 4 4 4 4 4 4 4 4 4 4 4 4 4 4 4 4 4 4 4 4 4 4 4 4 4 4 4 4 4 4 4 4 4 4 4 4 4 4 4 4 4 4 4 4 4 4 4 4 4 4 4 4 4 4 4 4 4 4 4 4 4 4 4 4 4 4 4 4 4 4 4 4 4 4 4 4 4 4 4 4 4 4 4 4 4 4 4 4 4 4 4 4 4 4 4 4 4 4 4 4 4 4 4 4 4 4 4 4 4 4 4 4 4 4 4 4 4 4 4 4 4 4 4 4 4 4 4 4 4 4 4 4 4 4 4 4 4 4 4 4 4 4 4 4 4 4 4 4 4 4 4 4 4 4 4 4 4 4 4 4 4 4 4 4 4 4 4 4 4 4 4 4 4 4 4 4 4 4 4 4 4 4 4 4 4 4 4 4 4 4 4 4 4 4 4 4 4 4 4 4 4 4 4 4 4 4 4 4 4 4 4 4 4 4 4 4 4 4 4 4 4 4 4 4 4 4 4 4 4 4 4 4 4 4 4 4 4 4 4 4 4 4 4 4 4 4 4 4 4 4 4 4 4 4 4 4 4 4 4 4 4 4 4 4 4 4 4 4 4 4 4 4 4 4 4 4 4 4 4 4 4 4 4 4 4 4 4 4 4 4 4 4 4 4 4 4 4 4 4 4 4 4 4 4 4 4 4 4 4 4 4 4 4 4 4 4 4 4 4 4 4 4 4 4 4 4 4 4 4 4 4 4 4 4 4 4 4 4 4 4 4 4 4 4 4 4 4 4 4 4 4 4 4 4 4 4 4 4 4 4 4 4 4 4 4 4 4 4 4 4 4 4 4 4 4 4 4 4 4 4 4 4 4 4 4 4 4 4 4 4 4 4 4 4 4 4 4 4 4 4 4 4 4 4 4 4 4 4 4 4 4 4 4 4 4 4 4 4 4 4 4 4 4 4 4 4 4 4 4 4 4 4 4 4 4 4 4 4 4 4 4 4 4 4 4 4 4 4 4 4 4 4 4 4 4 4 4 4 4 4 4 4 4 4 4 4 4 4 4 4 4 4 4 4 4 4 4 4 4 4 4 4 4 4 4 4 4 4 4 4 4 4 4 4 4 4 4 4 4 4 4 4 4 4 4 4 4 4 4 4 4 4 4 4 4 4 4 4 4 4 4 4 4 4 4 4 4 4 4 4 4 4 4 4 4 4 4 4 4 4 4 4 4 4 4 4 4 4 4 4 4 4 4 4 4 4 4 4 4 4 4 4 4 4 4 4 4 4 4 4 4 4 4 4 4 4 4 4 4 4 4 4 4 4 4 4 4 4 4 4 4 4 4 4 4 4 4 4 4 4 4 4 4 4 4 4 4 4 4 4 4 4 4 4 4 4 4 4 4 4 4 4 4 4 4 4 4 4 4 4 4 4 4 4 4 4 4 4 4 4 4 4 4 4 4 4 4 4 4 4 4 4 4 4 4 4 4 4 4 4 4 4 4 4 4 4 4 4 4 4 4 4 4 4 4 4 4 4 4 4 4 4 4 4 4 4 4 4 4 4 4 4 4 4 4 4 4 4 4 4 4 4 4 4 4 4 4 4 4 4 4 4 4 4 4 4 4 4 4 4 4 4 4 4 4 4 4 4 4 4 4 4 4 4 4 4 4 4 4 4 4 4 4 4 4 4 4 4 4 4 4 4 4 4 4 4 4 4 4 4 4 4 4 4 4 4 4 4 4 4 4 4 4 4 4 4 4 4 4 4 4 4 4 4 4 4 4 4 4 4 4 4 4 4 4 4 4 4 4 4 4 4 4 4 4 4 4 4 4 4 4 4 4 4 4 4 4 4 4 4 4 4 4 4 4 4 
1 1281 2561 3870 
2 1282 2562 3871 
3 1283 2563 3872 
4 1284 2564 3873 
5 1285 2565 3874 
6 1286 2566 3875 
7 1287 2567 3876 
8 1288 2568 3395 
9 1289 2569 3877 
10 1290 2570 3330 
11 1291 2571 3878 
12 1292 2572 3879 
13 1293 2573 3880 
14 1294 2574 3881 
15 1295 2575 3882 
16 1296 2576 3883 
17 1297 2577 3884 
18 1298 2578 3885 
19 1299 2579 3886 
20 1300 2580 3887 
21 1301 2581 3888 
22 1302 2582 3889 
23 1303 2583 3868 
24 1304 2584 3890 
25 1305 2585 3891 
26 1306 2586 3892 
27 1307 2587 3893 
28 1308 2588 3894 
29 1309 2589 3895 
30 1310 2590 3896 
31 1311 2591 3897 
32 1312 2592 3898 
33 1313 2593 3899 
34 1314 2594 3900 
35 1315 2595 3901 
36 1316 2596 3902 
37 1317 2597 3903 
38 1318 2598 3904 
39 1319 2599 3905 
40 1320 2600 3906 
26 1321 2601 3907 
41 1322 2602 3908 
42 1323 2603 3909 
43 1324 2604 3910 
44 1325 2605 3911 
45 1326 2606 3912 
46 1327 2607 3913 
47 1328 2608 3914 
48 1329 2609 3915 
49 1330 2610 3916 
50 1331 2611 3917 
51 1332 2612 3918 
52 1333 2613 3919 
53 1334 2614 3920 
54 1335 2615 3921 
55 1336 2616 3922 
56 1337 2617 3923 
57 1338 2618 3924 
58 1339 2619 3925 
59 1340 2620 3926 
60 1341 2621 3927 
61 1287 2622 3928 
62 1342 2623 3929 
63 1343 2624 3930 
64 1344 2625 3931 
65 1345 2626 3932 
66 1346 2627 3933 
37 1329 2628 3934 
67 1347 2629 3935 
66 1348 2630 3936 
68 1349 2631 3937 
69 1350 2632 3938 
70 1351 2633 3939 
71 1352 2634 3940 
72 1353 2635 3941 
73 1354 2636 3942 
74 1355 2637 3943 
75 1356 2574 3944 
76 1357 2638 3945 
77 1358 2639 3946 
78 1359 2640 3947 
79 1360 2641 3948 
80 1361 2642 3949 
81 1362 2643 3389 
82 1363 2644 3950 
83 1364 2645 3951 
84 1365 2646 3952 
85 1366 2647 3953 
86 1367 2648 3954 
87 1368 2649 3955 
88 1293 2650 3956 
4 1369 2651 3957 
89 1370 2652 3958 
90 1371 2653 3959 
91 1372 2654 3755 
92 1373 2655 3960 
93 1374 2656 3961 
94 1375 2657 3962 
95 1376 2658 3963 
96 1377 2659 3964 
97 1378 2660 3965 
98 1303 2661 3966 
99 1379 2662 3967 
100 1380 2663 3968 
101 1381 2664 3969 
102 1382 2665 3970 
103 1383 2666 3971 
57 1384 2667 3972 
104 1328 2668 3973 
105 1385 2669 3974 
65 1386 2670 3975 
106 1387 2671 3976 
107 1388 2672 3977 
108 1389 2673 3978 
109 1390 2674 3979 
110 1391 2647 3980 
111 1392 2675 3981 
112 1393 2676 3982 
113 1394 2677 3983 
19 1395 2678 3984 
114 1396 2679 3985 
115 1397 2680 3986 
116 1398 2681 3987 
117 1399 2682 3988 
85 1400 2683 3989 
118 1401 2684 3990 
119 1402 2685 3991 
120 1403 2686 3992 
121 1404 2687 3993 
122 1405 2688 3994 
123 1406 2689 3995 
124 1407 2690 3996 
94 1408 2691 3997 
125 1409 2692 3998 
126 1410 2693 3999 
127 1411 2694 4000 
128 1412 2695 3823 
129 1413 2696 4001 
130 1414 2697 4002 
131 1415 2698 4003 
132 1416 2699 4004 
133 1417 2700 4005 
134 1418 2701 4006 
135 1419 2702 4007 
136 1420 2703 4008 
137 1421 2704 4009 
138 1422 2705 4010 
139 1423 2706 4011 
140 1424 2608 4012 
141 1425 2707 4013 
142 1426 2708 4014 
143 1427 2709 4015 
144 1395 2710 4016 
145 1428 2711 3934 
146 1429 2712 4017 
147 1430 2713 4018 
148 1431 2714 3940 
149 1432 2715 4019 
150 1433 2716 4020 
151 1434 2717 4021 
152 1435 2718 4022 
153 1436 2719 4023 
154 1437 2720 3972 
155 1438 2721 4024 
156 1439 2722 4025 
157 1399 2723 4026 
158 1440 2724 4027 
56 1441 2725 4028 
159 1442 2726 4029 
160 1443 2563 4030 
161 1444 2727 4031 
162 1445 2728 3772 
163 1446 2729 4032 
164 1447 2700 4033 
165 1413 2730 4034 
166 1448 2731 4035 
167 1449 2732 4036 
168 1338 2733 4037 
169 1450 2734 4038 
170 1451 2679 4039 
171 1452 2735 3726 
172 1453 2736 4029 
173 1454 2737 4040 
174 1455 2738 4041 
175 1456 2739 4042 
176 1457 2740 4043 
177 1458 2741 4036 
178 1459 2742 4044 
179 1460 2743 4045 
180 1461 2744 4046 
181 1462 2745 4047 
182 1361 2746 4048 
183 1463 2747 4049 
184 1464 2748 4050 
185 1384 2749 4051 
177 1465 2750 4052 
186 1466 2751 4053 
187 1467 2752 4054 
188 1465 2753 4055 
189 1468 2754 4056 
190 1469 2755 4057 
191 1470 2756 4058 
192 1471 2757 4059 
193 1306 2758 4060 
194 1472 2759 4061 
195 1473 2760 4062 
196 1474 2761 4063 
194 1475 2762 4064 
197 1476 2763 4065 
198 1477 2764 4066 
199 1478 2765 4012 
200 1479 2562 4067 
201 1480 2766 4068 
154 1481 2767 4069 
202 1482 2768 3957 
203 1483 2769 4070 
204 1484 2770 4058 
205 1485 2733 4071 
206 1486 2771 4072 
207 1487 2772 4073 
123 1488 2773 3745 
208 1489 2774 4074 
209 1490 2775 4075 
210 1491 2776 4076 
211 1492 2777 4077 
212 1493 2778 4078 
213 1494 2779 4079 
214 1495 2780 4080 
215 1496 2781 4081 
216 1497 2782 4082 
217 1498 2783 4083 
218 1499 2784 4084 
219 1500 2785 4085 
220 1501 2786 3891 
184 1502 2787 4086 
221 1503 2788 4087 
222 1504 2789 4088 
223 1505 2790 4089 
224 1506 2791 3894 
225 1507 2792 4090 
226 1508 2793 4091 
227 1509 2794 4092 
228 1510 2788 4093 
229 1511 2795 4094 
230 1512 2796 4095 
231 1513 2797 4096 
77 1514 2798 4097 
232 1515 2799 4098 
174 1452 2800 4099 
233 1516 2801 4100 
234 1517 2802 4101 
235 1518 2648 4102 
236 1519 2803 4103 
237 1520 2804 4104 
84 1521 2805 4105 
238 1522 2806 4106 
239 1523 2807 4107 
240 1524 2808 4108 
241 1525 2586 4109 
242 1526 2809 3826 
243 1527 2810 4110 
244 1528 2804 4111 
245 1529 2811 4027 
246 1530 2812 4112 
247 1281 2813 4113 
248 1531 2637 4114 
249 1532 2814 3955 
250 1533 2815 4115 
251 1534 2816 4116 
252 1450 2817 4117 
253 1535 2818 3903 
254 1536 2819 4118 
255 1537 2820 3930 
256 1345 2821 4114 
257 1538 2730 4119 
258 1539 2822 4120 
259 1540 2823 4121 
260 1541 2824 4122 
261 1542 2825 4123 
262 1543 2826 4004 
263 1544 2827 3995 
264 1545 2828 4124 
265 1546 2829 4125 
266 1547 2830 4126 
267 1548 2831 4127 
268 1549 2762 4128 
269 1550 2832 3511 
270 1551 2734 4129 
271 1552 2833 4130 
272 1553 2834 4131 
273 1554 2835 4132 
274 1555 2836 4133 
275 1491 2837 4134 
276 1556 2838 4135 
277 1557 2839 4136 
278 1558 2840 4137 
279 1559 2841 4138 
280 1560 2842 4139 
281 1561 2843 4140 
282 1371 2844 4141 
283 1562 2845 4142 
284 1511 2598 4143 
285 1563 2846 3987 
286 1564 2847 4144 
287 1565 2848 4145 
288 1566 2849 4146 
289 1567 2850 4147 
290 1568 2851 4148 
279 1433 2852 4149 
291 1569 2853 4150 
292 1570 2854 4151 
293 1571 2855 4152 
294 1572 2856 4153 
295 1573 2834 3905 
296 1571 2857 4154 
297 1574 2858 4155 
298 1575 2859 4156 
299 1576 2851 4157 
300 1330 2860 4158 
301 1577 2861 4159 
302 1578 2736 4160 
303 1579 2862 4161 
304 1580 2863 4162 
111 1581 2864 4163 
305 1582 2865 4164 
306 1583 2866 4107 
307 1584 2867 3992 
308 1585 2868 4165 
309 1586 2869 4166 
310 1587 2870 4167 
311 1588 2871 4168 
312 1467 2872 4169 
221 1459 2738 4170 
313 1589 2809 4171 
314 1590 2763 4172 
315 1591 2873 4173 
316 1592 2874 4174 
287 1320 2875 4175 
317 1593 2876 4176 
318 1594 2877 4177 
319 1595 2878 4178 
160 1596 2879 4179 
320 1597 2880 4180 
321 1340 2881 4181 
322 1598 2882 3867 
323 1599 2883 4176 
324 1600 2884 4182 
325 1334 2885 3902 
326 1601 2886 4183 
327 1602 2887 4184 
42 1603 2888 4184 
328 1418 2889 4185 
329 1604 2686 4186 
330 1605 2890 3757 
331 1606 2891 3999 
332 1607 2892 4187 
333 1608 2893 4188 
334 1609 2569 4189 
335 1610 2894 4190 
336 1611 2895 4191 
337 1612 2619 3919 
338 1613 2896 4192 
339 1614 2897 4193 
340 1615 2898 4194 
341 1616 2899 3914 
342 1617 2900 4195 
343 1618 2583 4196 
344 1619 2901 4197 
345 1620 2902 4198 
346 1621 2903 4199 
347 1622 2904 3965 
348 1623 2905 4200 
349 1624 2906 4201 
350 1572 2907 4202 
351 1625 2908 4203 
352 1626 2909 4204 
353 1596 2910 4205 
354 1627 2911 4206 
355 1628 2901 4207 
356 1451 2912 4208 
357 1294 2913 4209 
358 1629 2914 4210 
359 1528 2915 4211 
360 1630 2916 4212 
361 1631 2672 4213 
64 1632 2917 4214 
313 1633 2918 4215 
362 1634 2919 4216 
347 1635 2920 4166 
363 1552 2921 4217 
364 1636 2922 4190 
365 1637 2923 4082 
366 1638 2924 4218 
44 1639 2925 4219 
367 1640 2926 4220 
368 1492 2927 4221 
369 1641 2918 3969 
370 1642 2928 4222 
371 1643 2929 4223 
372 1644 2930 4224 
373 1403 2931 4225 
374 1372 2932 4226 
375 1464 2933 4227 
376 1645 2934 4056 
377 1646 2935 4228 
39 1647 2936 4229 
378 1382 2937 4230 
379 1648 2938 4231 
380 1649 2939 4232 
380 1650 2940 4028 
381 1651 2941 4233 
382 1652 2942 4234 
383 1653 2943 4235 
384 1654 2944 4236 
385 1655 2945 4196 
386 1656 2946 4153 
387 1541 2947 4237 
388 1654 2948 4238 
389 1617 2720 4239 
390 1657 2949 4240 
391 1658 2722 4241 
392 1659 2950 4242 
393 1660 2951 4243 
394 1661 2675 4244 
395 1316 2952 4245 
356 1662 2953 4118 
396 1663 2644 4246 
144 1664 2954 4247 
397 1598 2955 4248 
398 1665 2641 4249 
399 1666 2666 4250 
400 1667 2956 4152 
401 1668 2957 4251 
402 1669 2958 4252 
403 1670 2959 4253 
404 1671 2564 4254 
405 1672 2960 4255 
406 1673 2961 4256 
407 1674 2962 4257 
408 1675 2963 3614 
409 1331 2964 4258 
410 1676 2614 4154 
411 1677 2965 4259 
36 1678 2966 4260 
392 1543 2967 4261 
412 1679 2968 4228 
413 1680 2635 4262 
24 1681 2969 4263 
93 1682 2970 4264 
414 1683 2971 3901 
199 1684 2972 4265 
415 1685 2973 4266 
416 1686 2631 4267 
417 1687 2974 4268 
101 1688 2975 4269 
418 1689 2976 4041 
419 1594 2977 4270 
420 1690 2978 4266 
41 1691 2979 3921 
421 1692 2794 4271 
422 1659 2980 4269 
423 1693 2981 4272 
424 1694 2773 4273 
425 1695 2740 4274 
80 1696 2982 4275 
426 1658 2983 4276 
427 1697 2984 4277 
235 1698 2985 4278 
428 1699 2986 4279 
429 1700 2987 4200 
138 1701 2561 4280 
430 1505 2988 4281 
431 1702 2989 4282 
432 1687 2990 3825 
433 1325 2991 4283 
434 1423 2992 4284 
435 1348 2993 4249 
436 1703 2976 4285 
437 1704 2994 4286 
438 1705 2995 4287 
439 1706 2996 4288 
440 1707 2997 4289 
441 1708 2998 4290 
442 1709 2999 4091 
443 1544 3000 4291 
444 1710 3001 4292 
445 1711 3002 4293 
278 1712 3003 4062 
446 1713 3004 4294 
447 1578 3005 4202 
448 1714 3006 4295 
449 1715 3007 4110 
450 1716 3008 4023 
451 1717 3009 4296 
452 1718 3010 4297 
453 1295 2853 4083 
454 1719 2922 4298 
455 1720 2759 4299 
456 1721 3011 4300 
457 1722 3012 4301 
458 1723 3013 4302 
190 1724 3014 3943 
459 1725 3015 4106 
460 1726 3016 4303 
461 1727 3017 4304 
462 1728 2701 3961 
205 1656 3018 4305 
463 1729 3019 4306 
464 1730 3020 4307 
465 1731 3021 4308 
466 1732 2667 4309 
467 1733 3022 4310 
164 1734 3023 4311 
468 1735 3024 4312 
385 1736 3025 4313 
432 1737 2902 4080 
469 1738 2682 4314 
470 1739 3026 3119 
471 1740 3027 4315 
472 1741 2622 4316 
473 1666 2820 4317 
298 1742 3028 4318 
474 1743 3029 4319 
475 1744 2996 4320 
476 1561 3030 4117 
477 1745 3031 4321 
478 1652 3032 4322 
479 1746 3033 4323 
480 1747 2821 4324 
481 1748 3034 4325 
482 1749 2645 4326 
483 1750 3035 3318 
484 1751 2753 4327 
485 1752 3036 4328 
486 1753 3037 4329 
487 1754 3026 4330 
488 1755 3038 4331 
489 1756 2814 4332 
490 1757 3039 4333 
491 1758 3040 4334 
492 1759 3041 4335 
493 1760 3042 4336 
494 1761 3043 4337 
319 1762 3044 4338 
495 1763 3045 4339 
496 1764 3046 4340 
497 1765 2711 4341 
498 1766 2877 4342 
499 1767 3047 4343 
500 1755 2941 4344 
192 1768 3048 4345 
465 1769 3049 4346 
501 1770 3050 4347 
502 1771 3051 4348 
503 1772 3012 4289 
504 1773 2864 4077 
505 1774 3052 4349 
506 1775 2611 4350 
507 1776 3053 3954 
508 1777 3054 4351 
509 1778 3055 4352 
510 1779 3056 4179 
511 1780 3057 4353 
512 1781 3058 3443 
513 1379 3059 4354 
318 1782 3060 4206 
514 1733 3019 4355 
290 1440 3061 4356 
515 1783 3062 4357 
516 1784 2757 4358 
167 1785 3063 4033 
517 1786 2805 4359 
518 1787 2795 4360 
188 1788 3064 4361 
519 1789 2632 4362 
520 1790 3065 4363 
521 1791 3049 3544 
496 1792 2813 4364 
522 1793 3066 4365 
523 1518 3067 4145 
524 1794 3068 4252 
525 1795 3069 4366 
43 1796 3070 4367 
526 1797 3071 4368 
527 1798 3072 4369 
528 1799 3073 4303 
529 1800 3074 4370 
530 1801 3075 4371 
531 1694 3076 4372 
532 1802 2859 4373 
533 1803 2651 4374 
384 1804 3077 4375 
115 1805 3078 4376 
187 1602 3079 4377 
534 1806 3080 4378 
535 1807 3081 4379 
536 1808 3005 4057 
537 1537 3082 4380 
538 1809 3083 4134 
539 1810 3084 4285 
540 1811 3085 4381 
156 1812 3086 4382 
541 1813 3064 4383 
542 1814 2985 4384 
204 1815 3087 4385 
543 1466 3088 3869 
183 1683 3089 3986 
544 1816 3090 4386 
545 1817 3091 4387 
250 1818 3092 4388 
546 1336 2802 4389 
195 1819 3093 4390 
547 1490 3094 4391 
548 1820 2916 4105 
549 1821 3095 4392 
550 1822 3096 4393 
523 1823 3097 4394 
490 1786 3098 4395 
551 1824 3099 4070 
552 1825 3100 4135 
227 1826 3020 4396 
553 1827 3050 4397 
554 1554 3101 4398 
555 1828 3077 3885 
556 1829 3102 4335 
557 1830 3103 4167 
437 1831 3104 3942 
476 1720 3105 4399 
240 1599 3106 4400 
558 1356 3107 4401 
105 1832 2886 4402 
559 1833 3108 4043 
498 1556 3109 4136 
495 1373 3110 4403 
189 1834 2705 4404 
560 1835 3111 4094 
561 1495 3112 4405 
562 1836 2575 4406 
563 1837 2905 3892 
32 1838 3113 4218 
118 1430 3114 4407 
564 1839 3115 4408 
337 1840 3116 4409 
565 1841 2709 4410 
358 1842 2892 4411 
566 1843 3117 4412 
567 1318 3048 4413 
336 1468 3118 4414 
568 1844 2808 4415 
569 1845 2938 4048 
203 1753 3119 4416 
570 1846 3120 4417 
307 1453 3121 4418 
571 1847 2956 4419 
572 1848 3122 4420 
283 1849 3123 4421 
573 1850 3124 4422 
574 1773 2715 4423 
575 1851 3125 4424 
576 1852 3126 4425 
99 1610 3127 4426 
140 1445 3128 4420 
220 1853 3129 4427 
577 1854 3130 4428 
578 1735 3131 4429 
579 1855 2716 3876 
580 1657 3132 4430 
581 1856 3133 4431 
582 1857 3134 4432 
583 1858 3037 4433 
584 1859 2812 4434 
317 1860 3135 4312 
585 1861 2582 4435 
586 1862 3136 4436 
587 1352 3137 4437 
588 1863 2950 4438 
589 1864 3138 4300 
590 1865 3139 3889 
82 1866 3140 4439 
591 1867 3141 4147 
592 1868 3142 4440 
593 1869 2862 4441 
421 1870 3143 4442 
594 1444 3144 4443 
595 1871 3145 4024 
267 1872 3146 4444 
596 1873 2742 4445 
597 1874 3147 4446 
598 1875 3148 4447 
599 1584 3149 4448 
600 1876 3150 4449 
452 1877 2958 4450 
601 1760 2857 4180 
602 1878 3151 4272 
603 1646 3152 4451 
604 1879 3153 4452 
605 1880 3154 4453 
606 1881 3155 4454 
607 1882 3156 4098 
125 1811 3157 4455 
608 1531 3158 4051 
1 1883 3159 4456 
609 1884 3160 4457 
610 1493 3161 4458 
611 1792 3162 4459 
612 1885 2907 4460 
569 1886 2623 4461 
613 1887 2845 4462 
614 1888 3063 4463 
615 1889 3163 4464 
616 1890 3164 4465 
617 1696 3165 4466 
618 1891 3166 4467 
619 1645 3167 4468 
620 1892 3168 4122 
621 1893 2962 4469 
622 1894 3169 4470 
623 1308 3170 4471 
624 1895 3171 4472 
625 1896 3172 4473 
477 1897 2966 4474 
626 1886 3173 4475 
627 1898 3174 4397 
628 1899 3175 3519 
323 1900 3176 4476 
629 1901 2601 4477 
630 1346 3060 4478 
468 1296 3177 4479 
631 1902 3178 4161 
632 1903 2990 4480 
633 1904 3179 4381 
75 1643 3180 4481 
63 1905 3181 4482 
633 1906 3182 4409 
634 1907 3120 4483 
635 1908 3183 4162 
636 1909 3184 4484 
637 1409 3185 4485 
638 1910 2678 4486 
639 1514 3186 4284 
330 1911 2596 4487 
396 1912 3187 4488 
640 1913 3188 4489 
641 1664 3189 4490 
642 1914 3190 4491 
643 1915 3191 4492 
554 1715 3192 4493 
644 1916 3193 4477 
645 1917 3194 4446 
646 1918 3195 3862 
647 1919 2785 4494 
124 1920 3196 4495 
544 1711 2718 2854 
141 1725 3197 4496 
648 1921 3198 4497 
649 1922 3199 4498 
181 1762 2839 3909 
650 1923 3200 4111 
651 1856 3201 4499 
157 1736 2904 4500 
338 1924 3202 4501 
652 1925 3203 4138 
381 1926 3204 4502 
653 1927 3095 4231 
447 1928 3205 4419 
654 1929 2878 4005 
566 1850 3013 4503 
655 1362 3206 4504 
656 1930 3098 4164 
147 1931 2984 4452 
657 1932 3207 4505 
658 1933 3208 4506 
273 1496 2665 4507 
659 1934 3001 4508 
660 1935 3097 4509 
661 1402 3209 4510 
662 1936 3210 4125 
663 1937 2948 4511 
664 1938 3211 4103 
242 1821 3212 4512 
665 1939 2818 4465 
666 1940 3109 4513 
667 1941 3205 4514 
668 1942 3213 4515 
669 1943 3092 4516 
607 1779 3214 4517 
670 1944 3215 3870 
671 1945 2760 4518 
672 1324 3216 4519 
673 1946 3217 4032 
674 1682 3218 4174 
675 1947 3219 4520 
676 1948 3220 4463 
677 1947 3221 4521 
678 1949 3222 4522 
530 1950 3038 4112 
49 1951 2605 4523 
646 1641 3223 4503 
441 1952 3224 4524 
275 1953 2629 4097 
271 1745 3225 4525 
197 1954 3226 4526 
679 1888 2775 4250 
657 1314 3227 4527 
680 1955 3228 4126 
681 1956 3229 4522 
682 1957 3230 4528 
683 1958 2725 4529 
427 1959 3231 4530 
684 1960 3232 4531 
503 1961 3233 4532 
439 1962 3234 4533 
685 1963 2841 4534 
431 1431 3235 3981 
686 1964 3236 4499 
687 1475 3237 4535 
688 1965 2979 4536 
689 1966 3238 4537 
690 1284 3239 4538 
691 1967 2731 4539 
692 1754 3240 4540 
693 1673 2994 4541 
694 1439 3241 4542 
695 1968 3135 4543 
535 1949 3242 4544 
696 1969 3243 4545 
697 1970 3171 4546 
698 1799 2745 4547 
699 1971 3244 4548 
700 1972 3245 4549 
407 1973 2668 4550 
701 1974 2987 4551 
702 1975 2800 4552 
703 1976 3246 4553 
704 1593 3247 4554 
83 1977 3248 4555 
705 1887 3249 3960 
706 1978 2872 4556 
707 1771 2752 4557 
708 1313 3169 4558 
276 1424 3250 4559 
709 1600 3251 4560 
710 1498 3252 4561 
711 1979 2588 4562 
712 1980 3253 4563 
713 1981 3150 4564 
252 1982 3254 4060 
5 1983 3255 4565 
208 1984 3256 4566 
714 1985 3257 4567 
715 1986 2957 4568 
716 1987 3258 4569 
717 1988 3259 4562 
626 1989 3051 4570 
507 1990 3260 4571 
718 1991 2663 4572 
719 1992 2717 4573 
720 1963 3261 3768 
721 1993 3262 4574 
368 1994 3263 3962 
722 1995 3264 4575 
723 1996 2982 4229 
565 1653 3265 4576 
724 1997 3142 4577 
113 1998 3173 4578 
725 1986 3266 4560 
11 1999 3267 4579 
726 2000 3268 4580 
727 1940 3269 4369 
728 2001 3270 4581 
729 2002 2754 4582 
369 1647 3271 4556 
730 2003 3272 4583 
103 1550 3273 4584 
731 2004 3274 4286 
732 1404 3275 3932 
733 1847 2967 4585 
734 2005 2881 4586 
735 2006 3276 4587 
736 1890 3192 4267 
198 2007 3277 4588 
737 2008 3278 4589 
47 1321 3279 4590 
116 2009 3280 4591 
592 2010 3281 4348 
738 2011 3282 4592 
739 2012 3283 4554 
740 2013 3284 4328 
741 2014 3285 4205 
50 1301 3093 4593 
426 2015 3286 4530 
599 1670 3287 4594 
742 1910 3288 4595 
339 2016 2880 4596 
743 2017 3289 4558 
662 1388 3290 3882 
744 2018 3277 4233 
745 2019 3291 4436 
746 2020 2875 4597 
747 1671 3036 4598 
652 2021 3292 4599 
742 1559 3293 4600 
594 1721 3294 4601 
604 2022 3030 4329 
395 2023 3295 4602 
637 2024 3296 4037 
748 2025 3297 3941 
749 1782 2609 4603 
750 2026 2767 4604 
751 1870 2874 4260 
68 2027 3298 4444 
752 1568 3299 4506 
753 2028 3300 4605 
754 2029 3082 4606 
755 2030 3072 4607 
493 2031 3301 4608 
756 1289 3302 4609 
757 1688 3303 4610 
394 1825 3261 4611 
758 2032 2780 4612 
343 2033 3304 4555 
686 1829 2669 4613 
759 1976 3305 4191 
760 1952 3117 4614 
761 1614 3306 4479 
762 1586 3307 4615 
763 2010 3308 4248 
440 2034 3309 4243 
472 2035 3310 4616 
764 1458 3311 4617 
399 1547 3312 4618 
377 2036 2835 4619 
761 1589 3313 3988 
765 1298 3314 4620 
766 2037 3315 4621 
767 1422 3316 3888 
768 2038 3317 4341 
769 2039 3318 4513 
770 2040 3068 4622 
631 2041 3319 4623 
771 2042 3320 4214 
772 1523 3181 4624 
773 2043 2801 4625 
45 2020 3321 4626 
774 1380 3322 4399 
775 1474 3080 4627 
747 2044 3323 4628 
776 2045 3324 4502 
777 1339 3325 4629 
778 1746 2999 4365 
779 1502 2626 3917 
537 2046 3326 3789 
780 2047 2947 3893 
781 2024 3327 4630 
782 1447 3328 4631 
783 2048 3079 4632 
721 2043 3329 4047 
625 1983 3330 4633 
784 2049 2579 4222 
785 1622 3331 4594 
786 1793 2751 4634 
787 1896 2933 3162 
788 2050 2789 4635 
675 2051 3332 4633 
789 2052 3333 4636 
790 2011 3334 4637 
768 2053 3228 4638 
698 1974 3335 4639 
791 2054 2895 4640 
792 1463 3336 4641 
793 1357 2620 4642 
38 2055 3337 4643 
794 2056 3338 4644 
268 2057 3339 4645 
795 2058 3066 4620 
16 2059 3340 4646 
796 2060 3341 4647 
266 2061 3342 4648 
296 2062 3343 4649 
797 1845 3344 4650 
311 2063 3345 4651 
798 2064 3346 4345 
799 1333 3347 4531 
800 1883 3348 4573 
616 2065 2578 4652 
645 2066 3349 4541 
801 2067 3212 4653 
802 2068 2772 4654 
383 2069 3056 4655 
665 2070 3350 4639 
622 1582 2684 3910 
470 2071 3351 4656 
803 2072 3352 4188 
804 2073 3235 4657 
805 2074 2607 3606 
806 1718 3353 4658 
212 1703 3354 4604 
361 2075 3355 4659 
807 2076 3292 4660 
808 1942 3356 3857 
809 2077 3346 4661 
810 1984 3091 4662 
595 2078 3315 4178 
811 2079 3070 4210 
812 2080 3357 4663 
813 2081 3002 4664 
814 2082 3358 4662 
815 2083 3035 4665 
163 2084 3246 4666 
560 1848 3087 4076 
606 2085 3359 4667 
816 2086 3360 4668 
817 2087 3361 4376 
450 1644 3362 4669 
818 2088 2770 4670 
819 2089 3363 4280 
756 1895 2971 4600 
92 1726 3364 4671 
772 2090 3365 4672 
259 2091 3011 4127 
820 2092 3366 3863 
821 2093 2714 4158 
822 1775 3263 4544 
823 2094 3367 4673 
824 2095 2850 3890 
825 1332 3368 4674 
826 2096 3369 4675 
827 2097 3332 4291 
688 2098 3370 4676 
828 2099 3371 4293 
829 1679 3372 4677 
830 2100 3179 4665 
831 2101 3373 4678 
832 2102 2840 4679 
833 2103 3118 4313 
550 2104 2597 4476 
621 2105 3374 4318 
46 2106 3375 4680 
834 2107 2960 4681 
835 1741 3376 4682 
836 1798 2986 4683 
837 2108 3043 4684 
838 2109 2803 4685 
584 2110 3377 4686 
839 1804 3378 4687 
840 2111 3379 4655 
841 2112 3126 4688 
810 2044 3230 4342 
736 2113 3380 4689 
136 2114 3208 4277 
842 2115 3381 4622 
818 2116 3382 4323 
71 2117 3383 4690 
843 1841 3384 3950 
328 2118 3182 4691 
501 2050 2817 4692 
784 1358 3385 4693 
844 2119 3245 3742 
845 2120 2961 3918 
846 2121 3386 4694 
847 2122 2737 4695 
695 2123 3387 4696 
509 1344 3326 4697 
755 2124 2621 4538 
848 1635 2727 4698 
87 2125 3388 4695 
459 2115 3389 4395 
466 1854 3390 4699 
849 2060 2653 3895 
850 1377 3391 3799 
851 2126 3392 4321 
852 2127 3393 4192 
853 2128 3310 4700 
854 2129 3394 4390 
855 2130 3395 4701 
856 2131 3396 4177 
857 1791 3144 4364 
825 2132 3024 4702 
542 2133 3242 4165 
858 1882 3397 4703 
859 2134 3398 4380 
410 2135 3340 4704 
412 2136 3399 4705 
700 2029 3400 4253 
860 2137 3116 4684 
393 2138 3401 4509 
776 2139 2910 3774 
826 2140 3402 4706 
861 2141 3403 4225 
862 2142 3062 4707 
863 1427 3404 4708 
864 2143 3405 4194 
865 2144 3128 4630 
866 2145 3406 4709 
798 2146 3137 4710 
526 2147 3407 4288 
867 2148 3408 3948 
868 2149 3320 4711 
869 1959 2634 4712 
17 2117 2815 4682 
870 2019 3103 4713 
871 2150 3409 4714 
872 2151 2848 4537 
873 2152 3410 4526 
233 1637 3411 4715 
858 2153 2786 4716 
483 1651 3412 4717 
874 1504 3006 4718 
340 2154 3413 4258 
875 2155 3398 4511 
843 1826 3414 4458 
876 2156 2928 3577 
877 2157 2914 3771 
878 2158 2913 4719 
733 2007 3415 4212 
260 2159 2681 4720 
257 2100 3416 4721 
879 2160 3417 4722 
880 1777 2655 4299 
499 2106 2595 4723 
130 1506 3418 4708 
881 2101 3069 4724 
882 2161 3419 4725 
883 2162 3153 4074 
884 2163 3420 4552 
885 1304 3421 4726 
886 2164 3422 4671 
887 2165 3423 4727 
888 2166 3259 4437 
90 2033 3424 4728 
727 2167 3184 4357 
284 2168 3425 4141 
406 2169 2643 4292 
889 1867 3352 4729 
841 2170 3106 4730 
890 2171 2654 4731 
891 1971 3083 4732 
892 2137 3426 4733 
893 1937 3427 4734 
894 2063 3428 4627 
895 1978 3429 4735 
605 2172 2612 4412 
241 2173 3336 4736 
896 2174 3430 4102 
897 2175 3370 4645 
898 1985 3094 4422 
850 2176 2935 4737 
899 1742 3431 4738 
900 2177 3432 4739 
901 2036 3433 4740 
902 2169 3434 4741 
903 1859 2699 4108 
247 2048 3435 3970 
159 1548 3436 3900 
750 2178 3437 3990 
462 2179 3438 4742 
904 1462 3439 4743 
905 2180 3440 4195 
72 2181 2843 4744 
906 2182 3441 4339 
773 2183 3159 4745 
893 2184 3442 4746 
907 2185 3129 3345 
908 2186 3085 3926 
909 2187 2769 4747 
910 2188 3196 4577 
911 2189 3414 4524 
792 2190 2830 4748 
142 2191 3283 4006 
912 1993 3130 4749 
797 1843 3443 4750 
809 1900 3444 4647 
913 2192 3445 4327 
864 2193 2929 4751 
364 1360 3446 4752 
840 2194 3447 4753 
881 2195 3178 4085 
53 2196 3353 4754 
914 2197 2576 4128 
908 2198 3121 4755 
915 1387 3448 4626 
436 1354 3449 3984 
389 2199 3450 4350 
916 2200 2713 4500 
917 2201 3164 4333 
467 1482 3451 4756 
848 1717 3452 4663 
120 1365 3257 4310 
918 2202 3076 4173 
919 2203 3453 4255 
920 1960 2954 4133 
921 2102 3454 4757 
15 2204 3323 4535 
922 2205 3455 4488 
914 1796 3456 4758 
420 2206 3457 4759 
923 1370 3458 4760 
76 2078 3459 4761 
718 2207 3460 4762 
335 2208 3461 4311 
549 1840 3453 4763 
924 2209 2844 3974 
486 2210 2860 4764 
114 2211 3462 4496 
925 2212 2616 4765 
926 2055 3211 4732 
927 1435 3463 4766 
618 1712 3464 4767 
928 2213 3465 4574 
780 2214 3462 4042 
929 2215 3426 4351 
405 1481 2674 4040 
930 2216 3466 4768 
415 1410 3467 4769 
931 2217 3468 4679 
603 2218 3469 4039 
366 1457 3470 4770 
737 1655 3471 4426 
932 1684 2615 4771 
933 1414 3472 4296 
824 2219 3351 4772 
206 2220 3473 4773 
129 2221 3474 3933 
145 2208 3475 4774 
720 2222 2774 4234 
289 1780 3476 4011 
934 1391 3477 4596 
534 1727 3478 4775 
935 2025 2855 4776 
222 1912 3479 4777 
936 2223 3308 3989 
677 2224 3480 4778 
937 2225 3460 4065 
938 2226 3481 4779 
939 1472 3482 4641 
851 1932 2847 4780 
940 2227 3197 4324 
574 2228 3483 4264 
302 2229 3484 4542 
286 2230 3485 4557 
941 2231 3486 4781 
942 1516 3487 4782 
614 2232 3488 4038 
171 2233 3489 4783 
88 2080 3306 4650 
541 1818 3360 4295 
867 1521 3490 4784 
943 2234 3322 3875 
944 1628 3491 4785 
945 1820 2693 4720 
601 2235 3328 4151 
753 1604 3492 4786 
946 1327 3266 4689 
947 2236 3439 4701 
948 1812 2943 4787 
949 1290 3427 4372 
950 1758 2974 4788 
951 1477 2638 4227 
952 2237 2942 4789 
953 1608 3493 4790 
954 2238 2776 4213 
955 2239 3494 4791 
485 2240 3495 3978 
956 2241 2778 4792 
957 2242 3496 4793 
958 2243 2719 4336 
573 2002 3497 4794 
959 1546 3498 4795 
960 2167 2936 4796 
201 2244 3499 4797 
961 2119 2951 4798 
237 1319 3302 4799 
215 2245 3500 4800 
962 2086 3501 4059 
557 1831 3502 4752 
838 1822 3503 4801 
963 1480 3504 4290 
482 2246 3505 4155 
964 1734 3506 4802 
853 2192 3432 4803 
965 2247 3213 4804 
299 2248 3507 3858 
324 1904 2593 4805 
966 2249 2640 4204 
705 2250 3112 4806 
670 2065 2792 4247 
967 2251 2837 4676 
684 2243 3508 4807 
968 2252 3377 3939 
969 1522 3509 4808 
970 2232 3473 4809 
935 2253 3510 3959 
971 1648 3155 4810 
972 2235 3393 4811 
973 1855 3157 4812 
960 2254 3511 4813 
974 1573 3512 4814 
975 2255 3294 4802 
712 2049 3513 4403 
758 2256 3514 4137 
976 2257 3515 4605 
977 2258 3403 4815 
107 2259 3516 4025 
883 2260 3517 4816 
741 2261 2972 4449 
795 2262 3518 4621 
909 2263 3258 4149 
791 1833 3519 4817 
978 2264 3376 3782 
979 2265 3520 4347 
980 2266 3445 4818 
502 1667 3521 4092 
746 2267 3497 4439 
981 2268 3204 4263 
982 2013 3194 4819 
229 2269 3522 4820 
121 2270 3401 4717 
983 2271 2787 4691 
735 2272 2642 4821 
984 2273 3221 4822 
674 2274 3523 4823 
985 1802 3524 4096 
986 1806 3525 4219 
632 2275 3526 4824 
987 1672 3496 4825 
582 2276 2624 4740 
969 2079 3527 4462 
988 1863 3405 4826 
709 2277 2732 4549 
650 1590 3528 4827 
671 1757 3529 4666 
310 2215 3530 4828 
658 2278 3073 4459 
989 2279 3531 4829 
990 1341 3143 4301 
991 1297 3532 4830 
992 1549 3533 4008 
993 1701 3534 4099 
994 1874 3535 4831 
585 1790 3481 4832 
117 1905 3536 4833 
617 2280 3140 4834 
995 2067 3537 4170 
996 2254 3538 4578 
997 1921 2955 4697 
243 1871 3539 4835 
179 2281 3540 4517 
305 1565 3541 4086 
998 2282 3435 4483 
999 1533 3542 4836 
1000 2283 3017 4837 
1001 2284 2768 4838 
1002 2285 2832 3243 
1003 1827 3471 4839 
418 2034 2764 4840 
635 2286 3543 4820 
1004 1416 3544 4841 
1005 2287 3545 4728 
1006 2288 3273 4015 
442 2289 3214 4693 
1007 2166 3546 4582 
1008 2290 2755 4726 
849 2291 3547 4427 
363 1797 3548 4842 
1009 2292 3193 4237 
1010 1497 3549 4843 
1011 2293 2952 4844 
303 1630 2828 4845 
1012 2294 3133 4648 
1013 2205 3424 4846 
1014 1813 3550 4405 
689 1928 3442 4847 
213 2295 3551 4848 
1015 2296 3375 4316 
1016 2221 3113 4849 
865 2214 3202 4646 
519 2042 3552 4850 
1017 2297 3406 4851 
714 2298 2628 4362 
950 2299 3553 3911 
97 1823 2980 4852 
896 2160 2923 4853 
1018 1337 3458 4539 
1019 1434 3554 4139 
531 2300 3555 4854 
1020 2301 3022 4090 
1021 1719 3556 4855 
249 1834 3557 4734 
1022 2302 2858 4856 
1023 2303 3470 4822 
200 2304 3558 4857 
196 2279 3324 4806 
448 1292 3559 4858 
1024 2148 3156 4859 
590 2190 3560 4608 
297 2305 2852 4003 
1025 2075 3041 4860 
1026 1545 3561 4079 
155 2237 3562 4736 
1027 2306 3563 4545 
280 2307 3446 3802 
571 1908 3564 3994 
1028 2271 3565 4861 
60 2267 3566 4515 
1029 2308 2915 4603 
763 2309 3210 4546 
951 2257 3567 3929 
823 2310 2573 4862 
1030 1392 3568 4863 
480 2311 3569 4482 
1031 2156 3431 4864 
925 2312 3517 4865 
1032 2313 3570 4719 
938 2314 3187 4189 
1033 1902 3571 4866 
819 2229 2849 4867 
1034 2315 2659 3958 
786 2316 3572 4217 
834 2173 3573 4401 
788 1817 3574 4868 
977 2280 3575 4193 
423 2317 3185 4869 
1035 1880 3510 4113 
967 2318 3408 4870 
1036 2094 3576 4871 
1037 2319 3577 4872 
948 1769 3578 4873 
175 1950 3579 4874 
974 2320 3251 4853 
89 1583 3522 4875 
378 2321 3334 4876 
634 2136 2694 3364 
1038 2322 3580 3993 
390 2223 3581 4877 
1039 1868 3582 4624 
1040 2323 3018 4241 
315 2324 2710 4878 
905 1525 3583 4468 
615 2325 3584 4271 
579 1631 3552 4879 
1041 2326 2662 4880 
1042 2327 3585 4881 
1043 2144 2671 4882 
558 2273 3586 4883 
1001 2328 3587 3880 
1044 2220 3588 4046 
246 2329 3282 4584 
1045 1597 2879 4613 
1046 2058 2983 4175 
771 2133 3589 4710 
31 2330 3574 4884 
863 2331 3296 4885 
804 1529 3569 4886 
1047 2332 3102 4791 
1048 2333 2766 4887 
128 2244 3566 4888 
930 1591 3590 4881 
1049 2149 3591 4889 
1050 1501 3592 4597 
981 1842 3593 4355 
1037 2334 2590 4890 
13 1355 3594 4891 
7 1681 3595 4892 
1051 1580 3596 3898 
715 1979 3597 4514 
98 1524 3598 4101 
254 1417 3599 4893 
58 2061 2822 4706 
458 1386 3380 4265 
953 1366 3600 4894 
568 2026 3374 4895 
1052 2335 2891 4448 
1053 2336 3478 4896 
1054 1367 3491 4780 
1055 1747 3601 4750 
1024 1595 3602 4363 
1056 2337 3003 4897 
100 1494 3603 4898 
597 2338 2908 3132 
1057 1603 2696 4899 
619 2157 2673 4132 
808 2339 2989 4721 
642 2340 2932 4445 
1058 1991 3604 4480 
371 2178 3605 4900 
1059 2341 2658 4901 
96 2342 3055 4634 
1060 2269 3606 4337 
285 2343 3607 4902 
1061 2028 3241 4696 
1062 1785 3608 4772 
1063 2344 3422 4903 
827 1359 3609 4904 
1064 2027 2924 4905 
897 2345 3170 4307 
1065 2309 3457 4906 
970 2346 2826 4907 
162 2347 3610 4908 
1014 1397 3386 4909 
978 2348 3115 4910 
587 2349 3611 4911 
884 1977 3044 4334 
461 2023 3176 4045 
513 2315 3612 4872 
481 2262 2866 4912 
1060 2350 3025 4913 
1066 2351 2816 4914 
543 2352 3613 4723 
30 1638 3329 4532 
1067 2172 3402 4069 
966 1935 3614 4915 
1066 2353 3359 4259 
1068 2331 3615 4548 
562 2184 3090 4651 
1069 2032 3487 4317 
1070 1566 2998 4846 
1071 2354 2570 4916 
1021 2276 3067 4084 
1072 2355 3390 4504 
51 1807 2861 4435 
1073 1709 3616 4917 
316 2356 3617 4918 
122 1560 3618 4919 
1074 2357 2744 4340 
1075 1408 3333 4920 
668 1891 2807 3998 
794 2329 3040 4921 
696 2346 3190 4186 
921 2335 3281 4922 
1076 2358 3464 4847 
997 1988 3469 4923 
944 2359 3096 4456 
1077 2245 2677 4612 
1034 2360 3619 4698 
281 2361 3529 4743 
1078 2362 3358 4163 
1079 2150 2707 4002 
193 2146 3620 4353 
801 1302 3621 4623 
957 2363 3341 4924 
1080 2207 3371 4711 
59 1897 3622 4925 
1081 2364 3620 4926 
904 1624 3201 4927 
1082 1613 2884 4829 
151 2365 3623 3752 
81 1731 3624 4928 
886 2141 2934 4929 
1083 2366 3305 4230 
890 1763 3546 4283 
344 1470 3548 4146 
357 2367 2692 4640 
478 1748 3625 4095 
508 2368 3626 4930 
1084 1819 2680 4572 
1085 1558 3627 4823 
1000 2285 3628 4931 
1086 2369 3629 4680 
739 1485 3630 4068 
744 1674 3631 4932 
1087 2370 3343 4755 
927 1389 3543 4533 
972 1623 3632 4643 
1088 1872 2793 4933 
1089 2014 3633 3883 
979 2176 3175 4512 
546 2371 3634 4934 
1062 2227 3513 4935 
1090 1420 3635 4936 
133 2265 3270 4473 
611 2203 3636 3818 
917 1607 3637 4320 
1091 2372 3638 4937 
973 2373 3639 4298 
869 2374 3640 4938 
958 2375 3413 4913 
1092 1938 2610 4939 
982 2151 3479 3856 
1090 2376 3223 4940 
1093 1567 3053 4941 
912 2377 2810 4199 
602 2378 3016 4942 
989 2379 2992 4044 
78 2380 3301 4943 
326 1800 3641 4759 
711 2303 3642 4429 
150 1917 3438 4232 
1094 1815 2571 4567 
362 2381 3598 4944 
1095 2382 2925 4883 
913 2383 2920 4654 
612 1713 3275 4945 
1096 2183 3643 3833 
327 2041 2657 4911 
1081 2384 3400 4946 
1097 1633 2706 4767 
411 2017 3425 4947 
1098 2306 3644 4863 
1099 2268 3645 4819 
1067 2385 3526 4876 
430 1853 3646 4948 
69 2386 3647 4949 
578 2387 2819 4553 
1100 1680 3447 4950 
1101 1526 3648 4658 
751 2388 3430 4951 
915 2362 3649 4952 
1102 2389 3046 4742 
413 2390 3188 4652 
703 2391 2698 4953 
1103 1315 3551 4235 
1104 1814 3265 4954 
148 1964 3650 4735 
1105 2392 3651 4917 
27 2393 3652 4055 
887 2394 3653 4063 
1106 2012 3107 4270 
435 2339 3654 4955 
964 1844 3655 4493 
803 2226 2917 4816 
580 2110 3656 4302 
653 1419 3356 4956 
1050 2395 2756 4957 
766 1473 3657 4958 
900 2301 3609 4121 
110 1707 3658 4959 
1107 1520 3218 4565 
1108 2396 3225 4960 
1109 1839 3659 3935 
1110 1432 3477 4805 
1111 2397 3058 4425 
398 2398 3297 4656 
1112 2399 2581 4961 
1113 2400 3534 4649 
374 2401 3660 4927 
1114 2402 2975 4150 
1012 2403 3661 4104 
1115 2300 3454 4349 
1116 2258 2799 4778 
586 2304 3420 4962 
572 1455 3662 4800 
1117 2212 3663 4431 
86 1953 3664 4813 
1118 2404 3298 4961 
547 2405 3665 4330 
1119 2406 3494 4660 
261 1640 2683 4796 
1120 2407 2919 4017 
1121 2408 3666 4391 
655 1393 3667 4016 
1095 2409 3415 3899 
1122 2410 3449 4963 
304 1697 3581 4920 
644 2381 2656 4964 
1107 2311 3668 4559 
1123 1629 3561 4965 
373 2411 3029 4776 
255 2296 3669 4966 
875 2412 2953 4967 
1124 2413 3670 4968 
272 2414 3539 3967 
1125 1830 2825 4969 
882 2302 3472 4970 
104 2348 3666 4971 
1126 2415 2771 4657 
847 2416 3671 4632 
1104 2264 3562 4198 
350 2417 3672 4972 
1127 2343 3260 4598 
158 2418 3673 4832 
1128 2096 3101 4026 
491 2360 3530 4262 
1129 2373 3124 4087 
1130 2401 3523 4088 
443 2419 2729 4973 
1032 2338 3674 4974 
506 2420 3675 4417 
1131 2421 3676 4606 
1132 1879 3677 4804 
1133 2422 3516 4729 
1134 2423 3678 4975 
1113 1378 3601 4976 
1135 2305 3679 4782 
479 2424 2782 4507 
814 2425 3680 3877 
1136 1469 2838 4812 
1137 1585 2791 4811 
95 2426 3347 4664 
872 2372 3337 4575 
1017 2392 2824 4393 
202 1700 3681 4977 
1138 2314 3428 4978 
1139 2242 2894 4888 
270 2427 3682 4315 
238 2428 3683 4644 
706 2259 3684 4944 
216 1376 2617 4979 
454 2059 3685 4962 
821 2417 3613 4761 
1140 2113 3560 4914 
1031 1448 3635 4980 
1141 2209 3674 4803 
873 2393 2865 4981 
1122 2070 3684 4849 
1142 2179 3686 4939 
877 2186 3687 4469 
1132 2031 2639 4919 
1143 2383 3688 4748 
1052 1288 3689 4384 
538 2429 3624 4616 
119 2430 2970 4982 
1144 2431 3410 4983 
1145 1724 3527 4858 
1146 2432 3690 4984 
342 2398 3691 4985 
1147 2433 3604 4801 
1148 1627 3429 4896 
1149 2434 3692 4986 
1150 1752 2587 4987 
1151 2062 3272 4862 
1152 2435 2903 4903 
919 1299 3693 4918 
745 1484 3010 4226 
895 1695 3317 4988 
1082 2436 3694 4981 
185 2437 3537 4989 
987 2054 3695 4580 
1153 1441 3123 4990 
1154 2416 3163 4971 
778 2438 3696 4991 
1155 2439 2703 3938 
800 2308 3697 4950 
1058 2440 3028 4992 
1156 2294 3045 4081 
906 2200 3576 4495 
716 1642 3698 4993 
933 2236 3141 4817 
1157 2441 3699 4001 
702 2260 3617 4841 
955 1471 2599 4093 
984 2251 3448 4383 
701 2040 3700 4322 
548 2442 3698 4208 
1158 2443 3365 4994 
1083 2109 3605 4733 
332 2444 2613 4995 
1100 1934 3701 4275 
937 2445 3602 4287 
920 2185 3702 4996 
1159 1436 3703 4352 
1102 1738 3704 3915 
624 1286 3705 4851 
325 1787 3706 4897 
1160 2446 3707 4921 
8 1975 3708 4053 
870 2447 3709 4631 
1040 2240 3392 4653 
678 2088 2909 4873 
1161 1913 3710 4072 
239 1401 3711 4854 
651 2448 3021 4185 
1162 1489 2930 4997 
1108 1415 3578 4690 
1163 1995 2831 4788 
1164 2378 2633 4756 
230 1864 3712 3860 
168 1291 3713 4877 
860 1442 3668 4960 
172 2449 3714 4998 
404 2450 3249 4895 
1165 2286 2603 4521 
1166 1368 3715 4714 
1059 2195 3416 4489 
1098 2451 2784 4628 
832 2369 3399 4667 
402 2452 3504 4999 
1167 2297 3716 4475 
829 2068 3662 3881 
1168 2453 3217 4619 
656 2454 3717 5000 
422 2246 3718 5001 
731 2455 3679 4744 
676 2344 3719 4211 
1169 2450 3363 5002 
876 2320 3637 4611 
1170 2333 2968 4049 
288 2312 3720 4220 
1171 1892 3721 4497 
293 2039 3114 4905 
559 2121 3722 5003 
667 2456 3362 3971 
1172 2457 3100 5004 
245 1454 3289 5005 
1167 2458 3131 3925 
598 2459 3657 5006 
1173 2460 3642 4066 
1174 2441 3300 4171 
963 1428 3105 5007 
830 2135 3723 4447 
1168 2199 3724 4712 
807 1690 3672 4148 
1175 2095 3437 4705 
291 2395 3441 4704 
1047 2461 3688 5008 
828 2454 3313 5009 
1176 1698 3707 4236 
943 2122 3725 3922 
666 1663 3726 4869 
1175 2412 3727 4523 
1078 2168 3023 5010 
600 2462 3493 5011 
561 1801 3728 4441 
1177 2463 2739 4795 
1178 1412 2973 5012 
457 2165 2721 4661 
681 2464 2896 4129 
127 2295 3729 4402 
892 1407 3311 5013 
1179 2421 2676 5014 
1180 2399 3710 4120 
109 2111 3209 5015 
1018 2396 3730 4727 
596 2456 3731 4995 
1181 1446 3732 4902 
1182 2248 2883 5016 
10 2361 3733 4485 
664 2408 3084 5017 
1183 1919 3734 5018 
1063 2458 2664 5011 
1184 2218 3247 4540 
1069 2465 3189 4737 
790 2241 3014 5019 
1158 2299 2749 4936 
329 2219 3383 4997 
931 1513 3735 4868 
388 2466 3736 3944 
269 2467 3737 4481 
628 2468 3502 4824 
444 2064 3372 4907 
488 1686 3738 4979 
20 2469 3570 4408 
1185 2359 3739 5020 
1088 2081 3409 4974 
1028 2170 3740 4030 
769 1916 3741 3968 
1186 2181 3742 4607 
131 1865 3743 4279 
734 1285 3744 5021 
1120 2470 2728 4958 
1187 2471 3357 4358 
1188 1732 3745 3928 
934 2472 3590 4343 
812 2473 2567 4585 
1189 2474 3612 5022 
433 2332 3587 4587 
29 2270 3665 4871 
1190 1730 3648 5023 
1191 1710 3203 4221 
555 1954 3746 4472 
18 2471 3690 4989 
1055 1816 3459 4297 
1192 2142 3652 4790 
354 2201 3547 5024 
1013 1751 2708 4746 
1193 2475 3466 3874 
1194 2345 3451 5025 
166 1317 3338 4827 
1006 1350 3039 4899 
691 2476 3088 4866 
971 1981 2876 4460 
640 2001 2572 5026 
1195 2477 2944 3996 
1196 2440 3280 4274 
521 2216 3747 4570 
424 1781 3748 5027 
820 2147 2712 5028 
1146 1989 3147 4244 
1156 1756 3396 4757 
1029 2478 3533 5029 
1197 2451 3521 3886 
659 1449 3673 5019 
1186 2469 3267 4610 
833 2093 3397 5030 
1068 1562 2829 5031 
1198 1957 2890 4963 
1144 2272 3685 4440 
231 2479 3456 4430 
787 2175 3749 4073 
1199 1563 2702 4870 
349 1311 3498 4864 
91 1310 3750 4725 
379 2480 3488 4457 
236 1722 3378 4815 
1200 2098 3350 4019 
581 1668 2870 5032 
1201 2481 3638 4486 
1202 1456 3597 4197 
1203 1907 3751 4953 
1148 1592 2842 4674 
729 1970 3015 4261 
777 2323 3725 4980 
1204 2482 3752 5033 
859 1922 2927 5034 
641 2321 3700 4589 
564 2422 3110 4875 
34 1860 3711 5035 
1205 1692 3739 3951 
648 2483 3748 4418 
1206 2009 3753 4370 
1019 1969 2836 5036 
265 2349 3436 4009 
593 1429 3754 4878 
173 2030 3465 5037 
1136 2138 3755 4797 
1207 2484 3520 4054 
1208 2191 3074 4424 
387 2123 3514 4794 
1178 1857 3749 4890 
1209 2326 3756 5038 
511 2419 3757 4257 
1210 1967 3220 3976 
796 1783 3758 4346 
1211 1851 3007 4471 
170 2485 3524 5039 
1118 2325 2797 5040 
924 2486 3145 5036 
28 2487 3759 5020 
1002 2488 3760 4942 
539 1765 3761 4845 
1049 1587 2661 4745 
1072 2484 2735 4912 
1199 1675 3762 4130 
854 2489 3111 4031 
660 2411 3705 5041 
1212 1509 3057 4579 
1198 1621 3763 4392 
985 2355 3764 5042 
629 1966 3765 4787 
314 2155 3505 4566 
1213 1396 3314 5043 
836 2490 3766 4160 
469 1739 3767 4268 
1163 2211 3768 4839 
1048 2198 3769 4592 
1003 2105 2568 5044 
1214 1351 3475 4865 
178 1322 3528 4937 
1117 2261 3349 5014 
341 2353 3770 4625 
902 2162 3771 5045 
1215 1767 3166 4809 
1065 2488 2723 4635 
697 2491 3772 4282 
1216 2492 2888 4490 
983 1661 3682 4749 
1217 2021 3773 4181 
1218 2377 3701 5046 
1218 2426 3774 4242 
1089 2493 3503 4423 
429 1347 3316 5047 
70 2494 3762 4922 
1219 2495 3615 4716 
226 1884 3643 4388 
1042 2390 3290 5048 
1220 1691 3775 5049 
1131 1569 3304 3937 
1221 2455 2893 4685 
352 2496 3776 3980 
1176 1723 3777 5050 
214 1282 3461 4595 
1183 2158 3515 4172 
516 1962 3732 4848 
995 2497 2911 5051 
1207 2498 3234 4344 
419 2210 3778 4123 
707 2499 3321 4314 
682 2358 3779 4203 
563 1705 2969 4856 
312 2500 3712 5052 
1222 1425 3780 4396 
806 2255 3781 4516 
1223 2501 3568 4404 
1224 2502 3444 3593 
9 1898 3782 5053 
401 1999 3541 4955 
1070 1553 3747 4992 
942 1906 2869 5054 
1225 2188 2931 4201 
207 2503 2592 5055 
1226 1924 3783 4599 
1226 1789 2781 4718 
940 1606 2585 4474 
576 1438 3385 5056 
1193 2298 3625 5022 
1076 1609 2991 4943 
348 1305 3549 3931 
6 2386 3411 4022 
533 1998 3696 3792 
1039 1832 2636 5057 
225 1925 2604 4798 
2 2322 3784 5058 
680 2233 3009 4115 
1227 2274 2646 5048 
1215 1349 3623 4949 
577 2249 3785 4668 
353 1955 3198 5059 
708 2504 3139 4432 
643 2505 2988 5060 
322 2506 3645 4116 
1212 2507 3786 5061 
923 2143 3027 4859 
186 1901 3787 4491 
1124 2461 3288 4119 
939 1532 3535 4775 
1224 1740 2580 5044 
244 1824 3788 5062 
1121 2508 3391 4470 
1228 2508 3571 4730 
504 2509 3108 5028 
182 1283 3720 5060 
1229 2510 3789 5063 
1230 2238 3608 4861 
760 2511 3787 5064 
40 2104 3709 5046 
765 2448 3161 5001 
277 2512 3790 5065 
473 1708 3791 4367 
1231 1945 3373 4254 
1232 2437 3295 5066 
926 2365 3253 5025 
1206 1869 3216 5067 
35 2513 3792 4406 
224 2514 2566 3851 
524 2515 3627 4703 
654 2174 3793 4583 
1033 1437 3677 4983 
464 1530 3680 4991 
1233 2516 3319 5000 
551 1685 3387 4915 
370 1836 3794 5068 
1119 1750 3795 4970 
1038 2283 3382 4763 
789 2470 3796 5032 
952 2490 2783 4466 
1234 1479 3252 5012 
308 2224 3354 3963 
845 2152 3631 4669 
583 1889 3689 3879 
685 2400 3797 4000 
1235 2134 3125 5069 
835 2517 2949 3906 
822 1508 3630 4884 
505 2253 2697 5070 
1236 1948 2887 4018 
1237 2465 3678 4013 
1219 2504 3798 3966 
1154 2139 3264 5058 
1139 1920 3778 5071 
961 2433 3433 4382 
1238 2384 3633 4609 
1084 1918 3644 4808 
487 2164 3618 4207 
258 2457 3799 4931 
1195 2189 3800 5072 
1015 1570 3801 5073 
1239 1728 3555 4929 
21 2077 3802 5062 
1240 2047 3803 5074 
248 2518 3423 5075 
837 2222 3804 4366 
556 2480 3687 4394 
1177 2519 3805 4360 
161 1460 3806 4967 
425 2520 3656 5076 
722 1933 3646 4007 
309 1650 3269 4672 
1191 1326 3770 5077 
417 2391 2882 5049 
1041 2161 3805 4379 
1241 2521 3256 4183 
903 1961 3641 4332 
726 1911 3669 5008 
463 2206 2873 4052 
282 1539 3736 5078 
1242 2090 3786 4306 
408 1761 2758 3738 
55 2474 3099 4487 
1243 2351 2898 3936 
1244 2277 3704 4434 
856 2522 3580 5077 
1129 2523 3759 4764 
857 2180 3717 4874 
453 2231 3452 5079 
455 2425 3031 4834 
1101 2263 3154 5063 
108 1943 3807 5080 
636 1535 3808 5081 
956 2066 3795 4021 
492 1400 3248 3819 
475 2524 2899 5023 
532 2423 3151 4793 
1127 1312 3746 4455 
294 2341 3661 4758 
704 2153 3809 4898 
191 1973 3621 5082 
647 1383 3650 4934 
1245 2022 3531 4751 
994 1665 3484 4946 
1036 2524 2946 4966 
1200 1862 2856 4413 
1233 2506 3594 4387 
1246 2318 3233 4945 
1009 2278 3582 5083 
1247 1743 2965 5084 
1190 2330 2724 3871 
673 1564 2889 4998 
1225 2053 3810 5038 
916 2452 3722 4020 
1016 1770 3421 4765 
692 2082 2704 5085 
1248 2407 3692 4818 
218 2483 3655 4986 
1232 2103 3811 5086 
649 2352 3042 5013 
968 1784 3723 4982 
567 1662 3812 5087 
3 2525 3554 4886 
947 2389 3276 5066 
1249 2525 3148 4683 
899 2247 3381 3864 
1061 2005 3780 4978 
1216 2071 3721 5088 
514 2366 3344 3896 
1087 1369 3667 4779 
980 1927 3812 4416 
764 2526 3706 5035 
1250 1677 2790 4844 
74 1939 3671 5089 
679 2494 3591 4534 
1114 2073 3813 4547 
1074 1837 3654 4673 
234 1540 3303 3945 
1145 2038 2652 4281 
1251 2499 3814 4551 
1181 1618 3509 3983 
1243 1795 3741 4935 
264 1488 3815 4356 
132 1846 3794 3878 
936 1612 3728 4973 
1252 1946 3575 4586 
1253 1838 3816 4713 
1110 1987 2649 4278 
1254 2418 3207 4414 
941 2234 2798 4398 
434 2415 3034 5055 
106 1527 2779 4926 
990 1914 3815 5085 
783 2519 3507 4887 
253 2527 3434 4938 
1005 1503 3229 5090 
497 2402 3817 5056 
1162 2127 3818 4731 
525 2336 3819 4699 
54 2528 3440 4374 
471 1941 3658 4681 
815 2057 3222 3916 
767 2507 3512 4754 
1045 2523 3474 5091 
1221 1309 3089 4528 
1010 1699 3820 4629 
262 1737 3616 4904 
1210 2072 3821 5092 
723 2380 3715 4588 
553 2083 3822 4273 
831 2120 3649 4739 
1255 2016 3727 4354 
998 1626 3490 4879 
210 1808 3763 5093 
589 1551 3592 5084 
929 2529 3823 5090 
728 2131 3168 4833 
552 2431 3626 4389 
1253 2087 3206 4990 
22 2530 2660 4933 
1256 1893 3335 4238 
391 2467 3822 5094 
1257 2531 3740 4882 
536 2532 3369 5053 
1258 2290 3824 5079 
1025 2477 3702 4467 
1174 2356 2747 4977 
976 2194 3081 4361 
1259 2196 3825 4224 
1143 2159 3632 4453 
663 1992 3231 4182 
719 2154 3826 5039 
862 2340 3827 5095 
1260 1931 3309 4988 
1261 2084 2995 5096 
879 2533 3828 4894 
1245 2438 3250 5016 
1099 2534 3572 4985 
885 2535 3694 4450 
610 2509 3829 4168 
1262 2536 3586 3949 
1237 1577 3730 5080 
588 2527 3268 3907 
1263 1875 3600 4239 
889 2537 2981 4852 
1159 1342 2906 4304 
446 2204 3785 4223 
515 1702 2937 3841 
770 1353 3607 4400 
1189 2182 3215 5097 
785 1994 3663 5098 
153 2217 2589 5099 
1264 2514 3553 4947 
1250 1936 3830 5045 
817 1744 3355 3884 
301 2051 2600 4838 
627 2538 2846 4707 
687 2118 3492 4143 
1265 1483 3769 5069 
112 2517 3731 4443 
1169 1929 3808 4766 
351 1965 3831 5021 
528 2132 3779 4331 
400 1478 3811 4843 
949 1632 3832 4371 
911 2430 3550 5095 
1266 2225 2977 4976 
217 2539 3703 4930 
52 2528 3756 4325 
743 2540 2625 4687 
1265 1394 3480 3975 
954 1866 3833 4492 
1035 2541 2959 5007 
355 2370 3834 4968 
1222 1766 3540 3913 
846 1555 2602 4724 
1126 2536 3467 4738 
12 2510 3758 4642 
474 1669 3693 4576 
1008 2495 3463 4131 
1204 2445 2695 4638 
460 1716 2868 3927 
79 2324 3835 4614 
331 1381 3750 5010 
888 2037 2939 4810 
1135 1421 3136 4378 
1241 1406 3525 5100 
137 1944 3737 4762 
1267 2542 3271 3924 
816 2052 3134 3923 
1085 2518 3160 4064 
359 2459 3287 3977 
1236 1605 3836 4786 
638 2046 3824 4518 
1268 2466 2833 4124 
793 1706 3837 4941 
661 2543 3783 4240 
223 1538 3660 4010 
962 1557 3186 4564 
894 2544 2670 4959 
1205 1996 3367 4760 
1142 2291 3032 5065 
1092 2543 3699 5083 
321 2511 3388 5093 
1133 1426 3781 4901 
1161 1634 2897 4774 
861 2018 3394 4688 
1128 2239 3838 4993 
932 2114 3839 5040 
1269 2463 3708 4075 
748 2485 3628 4636 
1093 2368 3838 4670 
139 1778 3776 5081 
397 1507 3793 4825 
445 2097 3735 4375 
1147 2530 3596 5004 
1263 1601 2606 4525 
1269 2532 2964 5101 
292 1876 3054 3952 
639 2275 3803 5102 
1179 2387 3840 3897 
775 1619 3841 5103 
1086 2542 2921 5047 
713 2545 3842 4442 
1194 2546 2761 5052 
1134 2397 3611 4784 
757 2108 3417 4948 
1254 2288 3843 5104 
382 2197 3816 4837 
813 2107 3719 5105 
959 2287 2565 4932 
918 2547 3279 5106 
740 2000 2726 4840 
992 2548 3065 4415 
1051 2403 2689 4781 
1157 2317 3486 4256 
232 2541 3804 5107 
1270 1335 3165 4034 
1079 1500 3751 4411 
1248 2319 3284 4157 
517 1487 3716 5002 
23 1909 3670 5106 
375 2364 3844 4305 
623 2449 3379 5050 
1271 2388 3104 4428 
376 2436 3619 5108 
669 2310 3777 4140 
1138 1390 3845 4359 
1123 2540 3846 4169 
1180 1574 3809 5015 
62 2406 3754 5029 
1130 2367 3579 4965 
484 2493 3622 5109 
438 1689 3760 4957 
518 2099 3239 5067 
211 2171 3847 5091 
1125 2354 3588 4591 
975 2531 2691 4209 
717 1803 3800 4035 
1105 2546 3183 4454 
988 1774 3847 4561 
928 2405 3226 4245 
754 1374 3848 4972 
1155 2350 3849 3872 
360 1899 3850 4789 
759 2478 3138 3946 
456 2513 2584 5076 
135 2447 3675 5005 
1097 2076 3565 4700 
545 2307 3851 4618 
306 2544 3640 4478 
1227 1625 3743 4309 
570 2526 3412 4100 
1026 2549 3146 4602 
1272 2085 2945 4831 
1043 1729 3852 4783 
965 2089 2827 4501 
1152 2371 3299 4014 
996 1375 3853 4909 
149 1693 3849 4923 
690 1611 3844 3953 
779 2550 3790 5110 
1273 2551 3078 4880 
1112 2213 3339 4860 
494 1772 3538 5006 
1261 2549 3556 3991 
1201 2479 2867 5110 
25 1805 3854 4675 
752 2424 3639 4773 
1077 1476 3713 5111 
1046 1411 3695 5112 
811 2552 3172 4984 
1170 1307 3718 4814 
1172 2284 3404 4694 
683 2468 3149 3956 
910 2427 3368 4571 
730 2538 3167 4078 
1165 2491 3455 4891 
1274 1764 3603 4807 
386 1398 3563 5086 
228 2553 3564 4885 
274 2534 3177 4850 
176 2112 3500 3765 
710 1575 2685 5092 
1229 1576 3219 4061 
724 2554 3834 3997 
67 2498 3848 4828 
126 1828 3450 5064 
522 1759 3761 4508 
1007 1343 3855 5051 
608 2177 2926 4590 
802 1620 3830 5099 
1150 2520 3508 4338 
591 2555 3122 5027 
1185 2091 3832 5108 
842 2342 3831 4900 
1275 2130 3495 5057 
1027 1515 2885 4924 
1197 2374 3262 5087 
1234 1990 2765 4451 
1044 2446 3240 4187 
1192 2473 3255 5071 
320 2256 3837 5101 
1209 2533 2806 3199 
449 2145 3856 5104 
500 2486 3845 5017 
1023 1385 3476 5031 
134 2460 3857 4954 
1173 2551 3004 4889 
1276 1788 3797 4916 
922 2496 2594 4433 
33 2556 3788 3873 
999 2413 2796 3979 
345 2557 3858 4996 
451 2003 3061 5113 
1268 2487 3331 4768 
1064 1835 3843 5114 
1277 1894 3558 4461 
1057 1972 3158 4857 
672 1363 3813 5094 
1184 2410 2963 4386 
1075 2125 3127 4246 
1266 2553 3659 4715 
1235 2328 3191 4156 
1271 2347 3791 5112 
1080 1512 2777 4908 
693 1923 3075 4770 
575 2116 3744 5030 
1111 1676 3559 4251 
333 1852 3536 4830 
852 2404 3086 4637 
1264 1849 3859 4842 
782 2497 3714 4519 
1203 1443 3664 5009 
725 2187 3860 4421 
620 2382 3518 5115 
1278 2489 3820 5109 
1276 2558 2900 5054 
1244 2069 3861 4550 
1249 2202 3807 4410 
1238 2453 3008 4385 
256 1704 3485 5078 
180 2559 3855 4617 
146 1915 3573 3920 
839 2434 2688 4050 
102 1982 3862 5114 
295 1810 3052 4956 
1247 1461 3285 4484 
365 2035 3180 4964 
1109 2472 2811 4678 
901 1678 2746 3982 
781 2522 2823 5042 
1115 2056 2748 4836 
1004 2492 3854 5113 
907 1510 3836 5059 
732 1579 3647 5074 
169 2414 3724 5116 
1251 2442 3312 4987 
300 2230 3863 3887 
403 1588 3864 5111 
613 1486 3806 3912 
799 1951 3842 5082 
1116 2313 3286 4067 
489 2266 3821 5018 
749 2501 3865 5117 
152 1997 3861 3908 
630 2515 3840 4464 
1141 2439 3499 4581 
898 2521 3796 5102 
1257 2481 3325 4826 
774 2432 3291 4771 
1022 2252 3047 4520 
1279 2316 3636 4952 
1223 1616 3418 4951 
878 2547 3767 4709 
1211 2004 3629 3810 
346 1542 3542 3985 
880 2516 3686 4438 
1153 2282 3753 4799 
1262 2535 3274 5118 
1071 2008 3866 5075 
165 2529 3238 3764 
1208 1861 3584 5088 
1246 2556 3278 4510 
1011 2512 3595 4498 
986 2537 2741 4529 
414 1300 3599 5100 
520 1534 3827 4569 
1258 2092 3348 4543 
1187 2476 3227 4319 
1231 1519 3489 4568 
1056 2193 3814 4855 
1054 1885 3545 4109 
866 1615 3000 5117 
1273 2006 3653 4276 
1272 1660 3775 4159 
1252 2557 3327 4792 
372 2376 3798 4777 
1278 2560 3729 4692 
946 2558 3817 4527 
1220 2435 3407 4593 
1267 1636 3829 4906 
1275 2428 2630 5098 
993 2539 3506 4071 
143 2500 2993 4677 
805 1956 3867 4216 
61 1858 3853 4835 
868 2045 3835 4144 
871 2163 3254 5034 
1277 2379 3532 5097 
1196 2554 3237 4893 
1091 1323 3483 5026 
1280 2074 3850 5103 
1239 2140 2743 4536 
1140 1794 2750 5119 
1053 2334 3174 5119 
1103 1405 3307 5116 
1213 2548 3801 4377 
609 2375 3610 5061 
428 1881 2690 4910 
14 2545 3195 4999 
367 1499 3419 5120 
1160 2292 2618 4975 
73 1930 3766 4892 
1228 2559 2591 4368 
762 1581 3585 4563 
1274 1714 2997 5115 
1280 1364 3244 4702 
1255 2429 2687 5096 
855 1809 3293 5072 
1073 1878 3342 4505 
1240 2502 3384 5068 
1164 2293 3697 4308 
1260 2281 3681 4659 
510 1768 3733 4769 
1149 2385 3236 4722 
1094 1649 3846 4753 
699 2444 3482 4407 
1182 2482 3361 4867 
512 1749 3865 4294 
1137 2505 3866 4215 
1214 2129 2978 5073 
1242 2228 3033 5118 
209 2128 2871 5033 
991 1536 3224 4089 
1030 2409 3468 4601 
1256 1958 3784 4940 
1217 2357 3200 5043 
1279 1776 2940 5089 
409 1639 3676 5120 
540 2394 2912 5024 
263 2327 3583 4747 
251 2015 3501 4925 
1096 2475 3152 4494 
1259 2462 2627 4615 
416 1903 3557 4821 
48 1926 3634 4373 
1020 2126 3839 5070 
527 2464 3683 5003 
1270 2337 3589 4994 
945 2555 3868 5105 
1230 2363 2863 3859 
1188 1517 3232 3904 
219 1877 3651 5037 
1202 2289 2650 4928 
1166 2503 3366 5107 
694 2420 3852 3964 
874 1968 3828 3973 
844 2250 3869 4969 
1171 2124 3071 4741 
738 2560 2577 3947 
1106 1980 3773 5041 
1151 2550 3734 4142 
891 2443 3567 4686 
334 2552 3691 4326 
529 1873 3059 4785 
