512
256
0
0
0 1 86 1 172 1 259 1 344 1 431 1 512 512
1 1 87 1 173 1 260 1 345 1 432 1 512 512
2 1 88 1 174 1 261 1 346 1 433 1 512 512
3 1 88 1 175 1 262 1 347 1 434 1 512 512
4 1 89 1 176 1 263 1 348 1 435 1 512 512
5 1 90 1 177 1 264 1 349 1 436 1 512 512
6 1 91 1 178 1 265 1 350 1 437 1 512 512
7 1 86 1 179 1 266 1 351 1 438 1 512 512
8 1 92 1 180 1 267 1 352 1 439 1 512 512
9 1 93 1 181 1 268 1 353 1 440 1 512 512
1 1 94 1 182 1 269 1 354 1 441 1 512 512
10 1 91 1 183 1 264 1 355 1 442 1 512 512
11 1 95 1 184 1 267 1 356 1 443 1 512 512
12 1 96 1 185 1 270 1 357 1 444 1 512 512
13 1 96 1 186 1 271 1 358 1 445 1 512 512
12 1 97 1 187 1 272 1 359 1 446 1 512 512
14 1 98 1 188 1 273 1 343 1 434 1 512 512
15 1 99 1 189 1 258 1 360 1 444 1 512 512
16 1 100 1 190 1 274 1 349 1 399 1 512 512
9 1 101 1 191 1 275 1 360 1 431 1 512 512
17 1 102 1 181 1 276 1 361 1 447 1 512 512
18 1 103 1 192 1 277 1 362 1 448 1 512 512
19 1 104 1 193 1 278 1 363 1 449 1 512 512
20 1 105 1 194 1 279 1 364 1 450 1 512 512
18 1 106 1 172 1 280 1 365 1 451 1 512 512
21 1 107 1 195 1 281 1 366 1 452 1 512 512
22 1 108 1 188 1 279 1 367 1 453 1 512 512
23 1 109 1 182 1 282 1 368 1 388 1 512 512
24 1 110 1 196 1 283 1 369 1 454 1 512 512
25 1 111 1 171 1 284 1 352 1 455 1 512 512
26 1 112 1 197 1 285 1 370 1 456 1 512 512
27 1 113 1 183 1 286 1 371 1 457 1 512 512
28 1 114 1 185 1 287 1 372 1 458 1 512 512
29 1 115 1 198 1 284 1 370 1 459 1 512 512
30 1 116 1 199 1 288 1 373 1 452 1 512 512
31 1 117 1 200 1 289 1 374 1 460 1 512 512
28 1 110 1 201 1 290 1 375 1 461 1 512 512
32 1 118 1 196 1 291 1 376 1 462 1 512 512
32 1 119 1 202 1 292 1 377 1 463 1 512 512
27 1 99 1 203 1 293 1 378 1 436 1 512 512
33 1 120 1 204 1 294 1 379 1 464 1 512 512
32 1 121 1 195 1 295 1 380 1 465 1 512 512
34 1 94 1 205 1 296 1 366 1 433 1 512 512
35 1 122 1 189 1 297 1 381 1 465 1 512 512
36 1 123 1 182 1 285 1 382 1 447 1 512 512
37 1 95 1 176 1 278 1 383 1 466 1 512 512
38 1 124 1 192 1 298 1 384 1 467 1 512 512
39 1 125 1 206 1 299 1 375 1 468 1 512 512
20 1 93 1 175 1 300 1 371 1 469 1 512 512
40 1 91 1 207 1 301 1 373 1 470 1 512 512
41 1 126 1 208 1 302 1 385 1 471 1 512 512
11 1 102 1 209 1 298 1 358 1 472 1 512 512
42 1 93 1 210 1 303 1 386 1 473 1 512 512
19 1 127 1 211 1 304 1 387 1 446 1 512 512
17 1 128 1 212 1 301 1 388 1 474 1 512 512
43 1 129 1 213 1 305 1 363 1 407 1 512 512
21 1 130 1 214 1 306 1 389 1 451 1 512 512
42 1 97 1 215 1 298 1 390 1 475 1 512 512
44 1 94 1 216 1 304 1 391 1 472 1 512 512
45 1 131 1 217 1 307 1 392 1 462 1 512 512
20 1 132 1 218 1 308 1 363 1 444 1 512 512
46 1 117 1 187 1 251 1 355 1 434 1 512 512
38 1 101 1 219 1 309 1 364 1 476 1 512 512
47 1 133 1 220 1 310 1 393 1 477 1 512 512
31 1 90 1 216 1 273 1 348 1 478 1 512 512
46 1 132 1 221 1 311 1 394 1 479 1 512 512
41 1 134 1 222 1 299 1 356 1 480 1 512 512
48 1 101 1 197 1 312 1 395 1 473 1 512 512
49 1 135 1 223 1 308 1 365 1 473 1 512 512
50 1 136 1 224 1 313 1 366 1 481 1 512 512
0 1 137 1 225 1 270 1 386 1 482 1 512 512
15 1 133 1 226 1 305 1 374 1 427 1 512 512
51 1 109 1 227 1 287 1 396 1 483 1 512 512
52 1 113 1 228 1 263 1 384 1 470 1 512 512
21 1 129 1 192 1 207 1 323 1 483 1 512 512
53 1 128 1 202 1 314 1 397 1 484 1 512 512
54 1 138 1 218 1 281 1 299 1 475 1 512 512
55 1 139 1 212 1 300 1 344 1 485 1 512 512
56 1 124 1 211 1 288 1 342 1 443 1 512 512
57 1 98 1 228 1 315 1 398 1 474 1 512 512
39 1 119 1 229 1 316 1 399 1 454 1 512 512
58 1 140 1 230 1 280 1 346 1 486 1 512 512
59 1 132 1 231 1 261 1 354 1 487 1 512 512
60 1 131 1 232 1 309 1 378 1 470 1 512 512
61 1 141 1 180 1 317 1 388 1 437 1 512 512
46 1 142 1 214 1 291 1 382 1 430 1 512 512
62 1 98 1 220 1 318 1 368 1 460 1 512 512
2 1 143 1 220 1 293 1 387 1 488 1 512 512
55 1 144 1 191 1 319 1 400 1 489 1 512 512
5 1 145 1 195 1 284 1 401 1 469 1 512 512
63 1 103 1 193 1 272 1 402 1 445 1 512 512
50 1 146 1 233 1 262 1 403 1 479 1 512 512
31 1 147 1 203 1 271 1 404 1 490 1 512 512
61 1 148 1 234 1 279 1 405 1 478 1 512 512
24 1 149 1 189 1 285 1 406 1 491 1 512 512
64 1 150 1 170 1 320 1 407 1 463 1 512 512
65 1 144 1 174 1 321 1 359 1 429 1 512 512
40 1 140 1 204 1 322 1 357 1 492 1 512 512
37 1 105 1 235 1 323 1 385 1 493 1 512 512
66 1 151 1 236 1 290 1 408 1 429 1 512 512
7 1 152 1 234 1 290 1 377 1 448 1 512 512
23 1 135 1 217 1 324 1 409 1 438 1 512 512
67 1 127 1 237 1 316 1 409 1 414 1 512 512
24 1 153 1 179 1 281 1 410 1 435 1 512 512
18 1 154 1 203 1 296 1 347 1 484 1 512 512
68 1 120 1 199 1 318 1 411 1 494 1 512 512
69 1 155 1 238 1 325 1 397 1 487 1 512 512
22 1 131 1 174 1 260 1 361 1 495 1 512 512
70 1 146 1 178 1 326 1 367 1 435 1 512 512
49 1 125 1 219 1 297 1 412 1 458 1 512 512
71 1 141 1 239 1 296 1 370 1 465 1 512 512
52 1 156 1 214 1 304 1 375 1 496 1 512 512
8 1 156 1 240 1 327 1 413 1 497 1 512 512
72 1 157 1 241 1 268 1 413 1 498 1 512 512
33 1 85 1 210 1 257 1 414 1 459 1 512 512
41 1 116 1 175 1 328 1 377 1 499 1 512 512
22 1 158 1 242 1 270 1 415 1 481 1 512 512
57 1 154 1 218 1 329 1 349 1 500 1 512 512
73 1 134 1 200 1 232 1 402 1 501 1 512 512
74 1 154 1 201 1 275 1 352 1 502 1 512 512
7 1 123 1 242 1 264 1 416 1 503 1 512 512
58 1 158 1 237 1 300 1 395 1 463 1 512 512
68 1 130 1 232 1 330 1 369 1 504 1 512 512
75 1 151 1 229 1 286 1 383 1 439 1 512 512
71 1 102 1 221 1 331 1 417 1 462 1 512 512
51 1 89 1 187 1 332 1 380 1 502 1 512 512
35 1 100 1 225 1 330 1 396 1 430 1 512 512
76 1 148 1 243 1 263 1 401 1 504 1 512 512
62 1 155 1 205 1 283 1 353 1 432 1 512 512
45 1 110 1 233 1 294 1 418 1 460 1 512 512
26 1 150 1 216 1 333 1 400 1 483 1 512 512
56 1 138 1 240 1 276 1 419 1 428 1 512 512
61 1 107 1 244 1 268 1 420 1 484 1 512 512
43 1 97 1 245 1 315 1 378 1 464 1 512 512
35 1 148 1 211 1 312 1 417 1 493 1 512 512
57 1 87 1 246 1 292 1 418 1 505 1 512 512
76 1 118 1 200 1 325 1 351 1 456 1 512 512
37 1 150 1 201 1 276 1 421 1 482 1 512 512
77 1 159 1 226 1 262 1 422 1 447 1 512 512
44 1 114 1 243 1 301 1 406 1 471 1 512 512
69 1 99 1 247 1 334 1 373 1 441 1 512 512
78 1 160 1 229 1 308 1 389 1 506 1 512 512
79 1 153 1 248 1 324 1 374 1 457 1 512 512
70 1 106 1 210 1 317 1 416 1 505 1 512 512
15 1 142 1 249 1 335 1 423 1 501 1 512 512
80 1 120 1 177 1 302 1 384 1 432 1 512 512
6 1 161 1 239 1 246 1 420 1 443 1 512 512
3 1 162 1 247 1 331 1 424 1 500 1 512 512
43 1 158 1 184 1 325 1 391 1 479 1 512 512
79 1 96 1 241 1 328 1 394 1 451 1 512 512
29 1 163 1 179 1 260 1 407 1 496 1 512 512
14 1 164 1 181 1 336 1 410 1 486 1 512 512
67 1 165 1 191 1 315 1 417 1 468 1 512 512
73 1 124 1 250 1 269 1 399 1 488 1 512 512
56 1 146 1 198 1 335 1 368 1 458 1 512 512
28 1 141 1 199 1 255 1 346 1 507 1 512 512
77 1 121 1 190 1 282 1 357 1 498 1 512 512
59 1 166 1 196 1 337 1 404 1 507 1 512 512
53 1 122 1 251 1 307 1 372 1 450 1 512 512
25 1 165 1 244 1 338 1 402 1 508 1 512 512
64 1 126 1 252 1 336 1 381 1 428 1 512 512
13 1 139 1 234 1 318 1 425 1 491 1 512 512
48 1 145 1 222 1 317 1 408 1 491 1 512 512
29 1 135 1 253 1 293 1 422 1 467 1 512 512
44 1 167 1 194 1 294 1 380 1 509 1 512 512
81 1 167 1 183 1 275 1 426 1 477 1 512 512
82 1 168 1 221 1 322 1 396 1 508 1 512 512
40 1 92 1 253 1 273 1 382 1 449 1 512 512
64 1 130 1 254 1 329 1 359 1 503 1 512 512
58 1 100 1 205 1 324 1 421 1 446 1 512 512
34 1 85 1 193 1 266 1 426 1 510 1 512 512
38 1 153 1 246 1 322 1 391 1 501 1 512 512
47 1 118 1 219 1 278 1 347 1 497 1 512 512
48 1 168 1 233 1 310 1 390 1 510 1 512 512
49 1 167 1 249 1 314 1 358 1 489 1 512 512
3 1 107 1 223 1 256 1 404 1 455 1 512 512
60 1 161 1 206 1 277 1 354 1 503 1 512 512
78 1 114 1 226 1 338 1 342 1 449 1 512 512
42 1 119 1 217 1 258 1 348 1 492 1 512 512
70 1 165 1 251 1 283 1 383 1 471 1 512 512
81 1 127 1 227 1 334 1 376 1 480 1 512 512
83 1 149 1 250 1 280 1 350 1 453 1 512 512
4 1 160 1 239 1 320 1 387 1 475 1 512 512
72 1 122 1 207 1 261 1 351 1 511 1 512 512
9 1 160 1 242 1 339 1 411 1 485 1 512 512
14 1 137 1 250 1 305 1 341 1 461 1 512 512
8 1 86 1 194 1 274 1 427 1 441 1 512 512
54 1 123 1 252 1 331 1 393 1 490 1 512 512
47 1 152 1 230 1 333 1 386 1 452 1 512 512
63 1 115 1 236 1 291 1 427 1 437 1 512 512
16 1 117 1 255 1 303 1 406 1 510 1 512 512
51 1 88 1 248 1 259 1 428 1 461 1 512 512
13 1 169 1 253 1 295 1 419 1 442 1 512 512
60 1 112 1 209 1 327 1 405 1 507 1 512 512
84 1 162 1 235 1 292 1 411 1 495 1 512 512
79 1 170 1 188 1 340 1 390 1 485 1 512 512
77 1 156 1 245 1 339 1 350 1 487 1 512 512
66 1 92 1 173 1 303 1 403 1 489 1 512 512
4 1 169 1 172 1 313 1 423 1 493 1 512 512
2 1 90 1 240 1 314 1 369 1 481 1 512 512
0 1 112 1 244 1 334 1 418 1 466 1 512 512
59 1 106 1 254 1 288 1 392 1 466 1 512 512
34 1 162 1 212 1 332 1 367 1 413 1 512 512
45 1 103 1 252 1 267 1 371 1 494 1 512 512
54 1 144 1 204 1 341 1 376 1 455 1 512 512
17 1 111 1 248 1 316 1 362 1 499 1 512 512
19 1 145 1 186 1 336 1 412 1 500 1 512 512
81 1 126 1 245 1 289 1 429 1 506 1 512 512
75 1 149 1 256 1 319 1 422 1 476 1 512 512
10 1 95 1 231 1 341 1 409 1 495 1 512 512
74 1 121 1 209 1 321 1 414 1 457 1 512 512
73 1 159 1 241 1 333 1 408 1 492 1 512 512
83 1 171 1 206 1 310 1 415 1 509 1 512 512
1 1 157 1 168 1 286 1 425 1 459 1 512 512
27 1 108 1 257 1 342 1 400 1 454 1 512 512
63 1 116 1 228 1 297 1 361 1 488 1 512 512
80 1 128 1 231 1 272 1 312 1 505 1 512 512
78 1 140 1 222 1 327 1 423 1 502 1 512 512
36 1 129 1 257 1 328 1 421 1 506 1 512 512
65 1 104 1 224 1 339 1 372 1 480 1 512 512
10 1 143 1 215 1 287 1 420 1 497 1 512 512
26 1 136 1 215 1 311 1 345 1 474 1 512 512
85 1 142 1 161 1 340 1 385 1 494 1 512 512
53 1 169 1 208 1 269 1 398 1 440 1 512 512
84 1 138 1 185 1 343 1 426 1 511 1 512 512
82 1 108 1 202 1 289 1 424 1 431 1 512 512
5 1 137 1 238 1 309 1 311 1 490 1 512 512
25 1 147 1 224 1 340 1 419 1 476 1 512 512
52 1 111 1 230 1 307 1 424 1 445 1 512 512
39 1 155 1 180 1 271 1 379 1 508 1 512 512
80 1 151 1 213 1 295 1 410 1 456 1 512 512
76 1 164 1 178 1 321 1 394 1 468 1 512 512
11 1 152 1 227 1 265 1 398 1 504 1 512 512
83 1 105 1 186 1 330 1 345 1 498 1 512 512
30 1 157 1 249 1 343 1 401 1 448 1 512 512
55 1 115 1 190 1 323 1 392 1 509 1 512 512
12 1 87 1 256 1 326 1 356 1 440 1 512 512
65 1 166 1 225 1 335 1 362 1 442 1 512 512
84 1 113 1 197 1 274 1 416 1 433 1 512 512
68 1 163 1 237 1 313 1 355 1 439 1 512 512
33 1 159 1 176 1 337 1 381 1 415 1 512 512
16 1 170 1 223 1 265 1 360 1 469 1 512 512
69 1 89 1 198 1 306 1 393 1 486 1 512 512
67 1 133 1 173 1 332 1 365 1 450 1 512 512
74 1 143 1 208 1 306 1 412 1 438 1 512 512
62 1 134 1 213 1 259 1 430 1 472 1 512 512
50 1 125 1 177 1 319 1 405 1 477 1 512 512
72 1 136 1 236 1 329 1 379 1 453 1 512 512
66 1 166 1 247 1 320 1 364 1 511 1 512 512
30 1 147 1 184 1 282 1 389 1 482 1 512 512
6 1 139 1 238 1 337 1 403 1 499 1 512 512
36 1 171 1 255 1 326 1 397 1 467 1 512 512
75 1 109 1 254 1 266 1 395 1 478 1 512 512
71 1 104 1 258 1 302 1 344 1 496 1 512 512
23 1 164 1 235 1 338 1 425 1 436 1 512 512
82 1 163 1 243 1 277 1 353 1 464 1 512 512
