5120
2560
6
6 6 6 6 6 6 6 6 6 6 6 6 6 6 6 6 6 6 6 6 6 6 6 6 6 6 6 6 6 6 6 6 6 6 6 6 6 6 6 6 6 6 6 6 6 6 6 6 6 6 6 6 6 6 6 6 6 6 6 6 6 6 6 6 6 6 6 6 6 6 6 6 6 6 6 6 6 6 6 6 6 6 6 6 6 6 6 6 6 6 6 6 6 6 6 6 6 6 6 6 6 6 6 6 6 6 6 6 6 6 6 6 6 6 6 6 6 6 6 6 6 6 6 6 6 6 6 6 6 6 6 6 6 6 6 6 6 6 6 6 6 6 6 6 6 6 6 6 6 6 6 6 6 6 6 6 6 6 6 6 6 6 6 6 6 6 6 6 6 6 6 6 6 6 6 6 6 6 6 6 6 6 6 6 6 6 6 6 6 6 6 6 6 6 6 6 6 6 6 6 6 6 6 6 6 6 6 6 6 6 6 6 6 6 6 6 6 6 6 6 6 6 6 6 6 6 6 6 6 6 6 6 6 6 6 6 6 6 6 6 6 6 6 6 6 6 6 6 6 6 6 6 6 6 6 6 6 6 6 6 6 6 6 6 6 6 6 6 6 6 6 6 6 6 6 6 6 6 6 6 6 6 6 6 6 6 6 6 6 6 6 6 6 6 6 6 6 6 6 6 6 6 6 6 6 6 6 6 6 6 6 6 6 6 6 6 6 6 6 6 6 6 6 6 6 6 6 6 6 6 6 6 6 6 6 6 6 6 6 6 6 6 6 6 6 6 6 6 6 6 6 6 6 6 6 6 6 6 6 6 6 6 6 6 6 6 6 6 6 6 6 6 6 6 6 6 6 6 6 6 6 6 6 6 6 6 6 6 6 6 6 6 6 6 6 6 6 6 6 6 6 6 6 6 6 6 6 6 6 6 6 6 6 6 6 6 6 6 6 6 6 6 6 6 6 6 6 6 6 6 6 6 6 6 6 6 6 6 6 6 6 6 6 6 6 6 6 6 6 6 6 6 6 6 6 6 6 6 6 6 6 6 6 6 6 6 6 6 6 6 6 6 6 6 6 6 6 6 6 6 6 6 6 6 6 6 6 6 6 6 6 6 6 6 6 6 6 6 6 6 6 6 6 6 6 6 6 6 6 6 6 6 6 6 6 6 6 6 6 6 6 6 6 6 6 6 6 6 6 6 6 6 6 6 6 6 6 6 6 6 6 6 6 6 6 6 6 6 6 6 6 6 6 6 6 6 6 6 6 6 6 6 6 6 6 6 6 6 6 6 6 6 6 6 6 6 6 6 6 6 6 6 6 6 6 6 6 6 6 6 6 6 6 6 6 6 6 6 6 6 6 6 6 6 6 6 6 6 6 6 6 6 6 6 6 6 6 6 6 6 6 6 6 6 6 6 6 6 6 6 6 6 6 6 6 6 6 6 6 6 6 6 6 6 6 6 6 6 6 6 6 6 6 6 6 6 6 6 6 6 6 6 6 6 6 6 6 6 6 6 6 6 6 6 6 6 6 6 6 6 6 6 6 6 6 6 6 6 6 6 6 6 6 6 6 6 6 6 6 6 6 6 6 6 6 6 6 6 6 6 6 6 6 6 6 6 6 6 6 6 6 6 6 6 6 6 6 6 6 6 6 6 6 6 6 6 6 6 6 6 6 6 6 6 6 6 6 6 6 6 6 6 6 6 6 6 6 6 6 6 6 6 6 6 6 6 6 6 6 6 6 6 6 6 6 6 6 6 6 6 6 6 6 6 6 6 6 6 6 6 6 6 6 6 6 6 6 6 6 6 6 6 6 6 6 6 6 6 6 6 6 6 6 6 6 6 6 6 6 6 6 6 6 6 6 6 6 6 6 6 6 6 6 6 6 6 6 6 6 6 6 6 6 6 6 6 6 6 6 6 6 6 6 6 6 6 6 6 6 6 6 6 6 6 6 6 6 6 6 6 6 6 6 6 6 6 6 6 6 6 6 6 6 6 6 6 6 6 6 6 6 6 6 6 6 6 6 6 6 6 6 6 6 6 6 6 6 6 6 6 6 6 6 6 6 6 6 6 6 6 6 6 6 6 6 6 6 6 6 6 6 6 6 6 6 6 6 6 6 6 6 6 6 6 6 6 6 6 6 6 6 6 6 6 6 6 6 6 6 6 6 6 6 6 6 6 6 6 6 6 6 6 6 6 6 6 6 6 6 6 6 6 6 6 6 6 6 6 6 6 6 6 6 6 6 6 6 6 6 6 6 6 6 6 6 6 6 6 6 6 6 6 6 6 6 6 6 6 6 6 6 6 6 6 6 6 6 6 6 6 6 6 6 6 6 6 6 6 6 6 6 6 6 6 6 6 6 6 6 6 6 6 6 6 6 6 6 6 6 6 6 6 6 6 6 6 6 6 6 6 6 6 6 6 6 6 6 6 6 6 6 6 6 6 6 6 6 6 6 6 6 6 6 6 6 6 6 6 6 6 6 6 6 6 6 6 6 6 6 6 6 6 6 6 6 6 6 6 6 6 6 6 6 6 6 6 6 6 6 6 6 6 6 6 6 6 6 6 6 6 6 6 6 6 6 6 6 6 6 6 6 6 6 6 6 6 6 6 6 6 6 6 6 6 6 6 6 6 6 6 6 6 6 6 6 6 6 6 6 6 6 6 6 6 6 6 6 6 6 6 6 6 6 6 6 6 6 6 6 6 6 6 6 6 6 6 6 6 6 6 6 6 6 6 6 6 6 6 6 6 6 6 6 6 6 6 6 6 6 6 6 6 6 6 6 6 6 6 6 6 6 6 6 6 6 6 6 6 6 6 6 6 6 6 6 6 6 6 6 6 6 6 6 6 6 6 6 6 6 6 6 6 6 6 6 6 6 6 6 6 6 6 6 6 6 6 6 6 6 6 6 6 6 6 6 6 6 6 6 6 6 6 6 6 6 6 6 6 6 6 6 6 6 6 6 6 6 6 6 6 6 6 6 6 6 6 6 6 6 6 6 6 6 6 6 6 6 6 6 6 6 6 6 6 6 6 6 6 6 6 6 6 6 6 6 6 6 6 6 6 6 6 6 6 6 6 6 6 6 6 6 6 6 6 6 6 6 6 6 6 6 6 6 6 6 6 6 6 6 6 6 6 6 6 6 6 6 6 6 6 6 6 6 6 6 6 6 6 6 6 6 6 6 6 6 6 6 6 6 6 6 6 6 6 6 6 6 6 6 6 6 6 6 6 6 6 6 6 6 6 6 6 6 6 6 6 6 6 6 6 6 6 6 6 6 6 6 6 6 6 6 6 6 6 6 6 6 6 6 6 6 6 6 6 6 6 6 6 6 6 6 6 6 6 6 6 6 6 6 6 6 6 6 6 6 6 6 6 6 6 6 6 6 6 6 6 6 6 6 6 6 6 6 6 6 6 6 6 6 6 6 6 6 6 6 6 6 6 6 6 6 6 6 6 6 6 6 6 6 6 6 6 6 6 6 6 6 6 6 6 6 6 6 6 6 6 6 6 6 6 6 6 6 6 6 6 6 6 6 6 6 6 6 6 6 6 6 6 6 6 6 6 6 6 6 6 6 6 6 6 6 6 6 6 6 6 6 6 6 6 6 6 6 6 6 6 6 6 6 6 6 6 6 6 6 6 6 6 6 6 6 6 6 6 6 6 6 6 6 6 6 6 6 6 6 6 6 6 6 6 6 6 6 6 6 6 6 6 6 6 6 6 6 6 6 6 6 6 6 6 6 6 6 6 6 6 6 6 6 6 6 6 6 6 6 6 6 6 6 6 6 6 6 6 6 6 6 6 6 6 6 6 6 6 6 6 6 6 6 6 6 6 6 6 6 6 6 6 6 6 6 6 6 6 6 6 6 6 6 6 6 6 6 6 6 6 6 6 6 6 6 6 6 6 6 6 6 6 6 6 6 6 6 6 6 6 6 6 6 6 6 6 6 6 6 6 6 6 6 6 6 6 6 6 6 6 6 6 6 6 6 6 6 6 6 6 6 6 6 6 6 6 6 6 6 6 6 6 6 6 6 6 6 6 6 6 6 6 6 6 6 6 6 6 6 6 6 6 6 6 6 6 6 6 6 6 6 6 6 6 6 6 6 6 6 6 6 6 6 6 6 6 6 6 6 6 6 6 6 6 6 6 6 6 6 6 6 6 6 6 6 6 6 6 6 6 6 6 6 6 6 6 6 6 6 6 6 6 6 6 6 6 6 6 6 6 6 6 6 6 6 6 6 6 6 6 6 6 6 6 6 6 6 6 6 6 6 6 6 6 6 6 6 6 6 6 6 6 6 6 6 6 6 6 6 6 6 6 6 6 6 6 6 6 6 6 6 6 6 6 6 6 6 6 6 6 6 6 6 6 6 6 6 6 6 6 6 6 6 6 6 6 6 6 6 6 6 6 6 6 6 6 6 6 6 6 6 6 6 6 6 6 6 6 6 6 6 6 6 6 6 6 6 6 6 6 6 6 6 6 6 6 6 6 6 6 6 6 6 6 6 6 6 6 6 6 6 6 6 6 6 6 6 6 6 6 6 6 6 6 6 6 6 6 6 6 6 6 6 6 6 6 6 6 6 6 6 6 6 6 6 6 6 6 6 6 6 6 6 6 6 6 6 6 6 6 6 6 6 6 6 6 6 6 6 6 6 6 6 6 6 6 6 6 6 6 6 6 6 6 6 6 6 6 6 6 6 6 6 6 6 6 6 6 6 6 6 6 6 6 6 6 6 6 6 6 6 6 6 6 6 6 6 6 6 6 6 6 6 6 6 6 6 6 6 6 6 6 6 6 6 6 6 6 6 6 6 6 6 6 6 6 6 6 6 6 6 6 6 6 6 6 6 6 6 6 6 6 6 6 6 6 6 6 6 6 6 6 6 6 6 6 6 6 6 6 6 6 6 6 6 6 6 6 6 6 6 6 6 6 6 6 6 6 6 6 6 6 6 6 6 6 6 6 6 6 6 6 6 6 6 6 6 6 6 6 6 6 6 6 6 6 6 6 6 6 6 6 6 6 6 6 6 6 6 6 6 6 6 6 6 6 6 6 6 6 6 6 6 6 6 6 6 6 6 6 6 6 6 6 6 6 6 6 6 6 6 6 6 6 6 6 6 6 6 6 6 6 6 6 6 6 6 6 6 6 6 6 6 6 6 6 6 6 6 6 6 6 6 6 6 6 6 6 6 6 6 6 6 6 6 6 6 6 6 6 6 6 6 6 6 6 6 6 6 6 6 6 6 6 6 6 6 6 6 6 6 6 6 6 6 6 6 6 6 6 6 6 6 6 6 6 6 6 6 6 6 6 6 6 6 6 6 6 6 6 6 6 6 6 6 6 6 6 6 6 6 6 6 6 6 6 6 6 6 6 6 6 6 6 6 6 6 6 6 6 6 6 6 6 6 6 6 6 6 6 6 6 6 6 6 6 6 6 6 6 6 6 6 6 6 6 6 6 6 6 6 6 6 6 6 6 6 6 6 6 6 6 6 6 6 6 6 6 6 6 6 6 6 6 6 6 6 6 6 6 6 6 6 6 6 6 6 6 6 6 6 6 6 6 6 6 6 6 6 6 6 6 6 6 6 6 6 6 6 6 6 6 6 6 6 6 6 6 6 6 6 6 6 6 6 6 6 6 6 6 6 6 6 6 6 6 6 6 6 6 6 6 6 6 6 6 6 6 6 6 6 6 6 6 6 6 6 6 6 6 6 6 6 6 6 6 6 6 6 6 6 6 6 6 6 6 6 6 6 6 6 6 6 6 
1 855 1714 2574 3438 4274 
2 856 1715 2575 3439 4275 
3 857 1716 2576 3440 4276 
4 858 1717 2577 3441 4277 
5 859 1718 2578 3442 4278 
6 860 1719 2579 3443 4279 
7 861 1720 2580 3442 4280 
8 862 1721 2581 3444 4281 
9 863 1722 2582 3445 4282 
10 864 1723 2583 3293 4283 
11 865 1724 2584 3446 4284 
12 866 1725 2585 3447 4285 
13 867 1726 2586 3448 4286 
14 868 1727 2587 3449 4287 
15 869 1728 2588 3450 4288 
16 870 1729 2589 3451 4289 
17 871 1730 2590 3452 4290 
18 872 1731 2591 3453 4291 
19 873 1730 2592 3454 4292 
20 874 1732 2593 3455 4293 
21 875 1733 2594 3456 4294 
22 876 1734 2595 3457 4295 
23 877 1735 2596 3458 4274 
24 878 1736 2597 3459 4296 
25 879 1737 2598 3460 4297 
26 880 1738 2599 3461 4298 
27 881 1739 2600 3462 4292 
13 882 1740 2601 3463 4299 
28 883 1741 2602 3464 4300 
29 884 1742 2603 3465 4301 
30 885 1743 2604 3466 4302 
31 886 1744 2605 3448 4303 
32 887 1745 2606 3467 4304 
33 888 1726 2607 3468 4305 
34 889 1746 2608 3469 4306 
33 890 1747 2609 3470 4307 
35 891 1732 2610 3471 4308 
36 892 1748 2611 3472 4309 
37 893 1749 2612 3473 4310 
38 894 1750 2613 3474 4311 
39 895 1751 2614 3475 4312 
40 896 1752 2615 3476 4313 
41 877 1753 2616 3477 4314 
42 897 1754 2617 3478 4315 
43 898 1755 2618 3479 4316 
44 899 1756 2619 3480 4317 
45 900 1757 2620 3481 4318 
46 901 1758 2613 3482 4319 
47 902 1759 2621 3483 4320 
19 903 1760 2622 3484 4321 
48 904 1761 2623 3485 4322 
49 905 1762 2624 3486 4323 
50 906 1763 2625 3487 4324 
51 907 1764 2626 3488 4308 
52 908 1765 2627 3489 4325 
53 909 1766 2628 3490 4326 
54 910 1767 2629 3491 4327 
55 911 1768 2630 3492 4328 
56 912 1769 2631 3493 4329 
57 913 1770 2632 3494 4330 
58 914 1771 2633 3495 4331 
59 915 1770 2594 3496 4301 
60 916 1772 2634 3497 4332 
61 917 1773 2635 3498 4333 
62 918 1774 2636 3499 4334 
63 919 1775 2637 3500 4335 
64 920 1776 2638 3294 4336 
65 921 1777 2639 3501 4337 
66 922 1778 2640 3474 4338 
67 923 1779 2641 3502 4339 
68 924 1780 2642 3503 4340 
69 925 1781 2643 3504 4341 
70 926 1782 2644 3505 4342 
71 927 1783 2645 3506 4343 
72 928 1784 2646 3507 4344 
73 929 1785 2647 3508 4345 
74 930 1786 2648 3509 4346 
33 931 1787 2649 3428 4347 
75 932 1788 2555 3510 4348 
29 933 1789 2650 3511 4349 
76 934 1790 2651 3512 4350 
43 935 1791 2652 3513 4351 
77 936 1792 2653 3514 4352 
47 937 1793 2654 3515 4353 
78 938 1794 2655 3516 4279 
79 939 1780 2656 3517 4354 
80 940 1795 2657 3518 4355 
81 941 1796 2658 3519 4356 
82 942 1797 2659 3520 4357 
2 866 1798 2660 3521 4304 
83 943 1799 2661 3522 4358 
84 944 1800 2662 3523 4359 
85 945 1720 2663 3524 4360 
86 946 1768 2664 3525 4291 
87 947 1801 2665 3526 4361 
88 948 1802 2666 3527 4362 
89 949 1803 2667 3528 4338 
90 950 1804 2668 3529 4363 
91 951 1805 2669 3530 4364 
92 952 1806 2670 3531 4365 
93 893 1807 2671 3532 4366 
94 953 1808 2672 3533 4367 
95 954 1809 2673 3534 4368 
96 955 1707 2674 3535 4369 
97 956 1810 2675 3536 4370 
98 957 1811 2676 3536 4371 
89 958 1798 2677 3537 4283 
99 959 1812 2678 3538 4372 
97 960 1813 2679 3539 4373 
100 961 1728 2680 3540 4307 
10 962 1814 2681 3541 4374 
101 943 1815 2682 3542 4375 
102 963 1816 2683 3543 4376 
103 964 1817 2684 3181 4377 
104 965 1799 2685 3544 4378 
105 966 1818 2686 3545 4283 
106 967 1819 2687 3546 4372 
107 968 1820 2688 3547 4379 
108 969 1821 2689 3548 4380 
109 970 1822 2690 3549 4381 
110 971 1823 2691 3550 4382 
111 972 1824 2692 3551 4383 
112 973 1825 2693 3552 4303 
113 974 1826 2694 3553 4384 
114 975 1819 2695 3554 4385 
115 973 1827 2696 3555 4386 
116 976 1783 2697 3556 4387 
117 977 1781 2698 3557 4388 
118 978 1828 2699 3451 4389 
119 979 1829 2700 3558 4390 
120 980 1830 2701 3559 4391 
121 981 1831 2702 3560 4382 
122 982 1832 2703 3547 4392 
123 983 1833 2704 3561 4343 
124 984 1834 2705 3562 4393 
125 985 1835 2706 3563 4394 
126 986 1836 2707 3564 4395 
77 987 1837 2708 3565 4396 
127 988 1838 2644 3566 4397 
128 989 1839 2709 3567 4398 
28 990 1840 2710 3568 4399 
129 991 1841 2711 3569 4400 
130 992 1792 2712 3570 4401 
92 993 1842 2713 3455 4402 
131 994 1843 2625 3571 4403 
132 995 1844 2714 3187 4404 
133 996 1845 2715 3572 4405 
134 997 1846 2574 3573 4406 
135 998 1847 2716 3452 4407 
136 999 1848 2717 3574 4408 
137 1000 1849 2718 3575 4409 
138 1001 1850 2719 3569 4410 
139 1002 1851 2605 3576 4411 
140 1003 1852 2650 3577 4412 
141 1004 1853 2720 3578 4413 
142 886 1854 2721 3579 4414 
143 1005 1855 2722 3580 4415 
144 1006 1833 2723 3581 4416 
145 1007 1856 2724 3565 4417 
146 1008 1857 2725 3582 4418 
147 1009 1858 2726 3583 4287 
62 974 1859 2727 3584 4419 
87 1010 1860 2616 3585 4420 
148 1011 1861 2704 3586 4360 
149 1012 1862 2728 3587 4421 
150 1013 1863 2729 3457 4422 
151 1014 1864 2730 3588 4423 
152 1015 1805 2660 3589 4424 
140 876 1865 2721 3590 4425 
153 993 1866 2731 3591 4371 
154 905 1867 2732 3215 4331 
155 1016 1868 2733 3592 4426 
156 1017 1869 2734 3593 4427 
157 1018 1870 2675 3594 4428 
158 1019 1871 2642 3595 4429 
159 1020 1872 2735 3596 4430 
160 1021 1873 2736 3597 4431 
161 1022 1874 2737 3598 4432 
162 1023 1875 2738 3599 4433 
163 860 1876 2739 3600 4434 
164 1024 1877 2740 3601 4435 
165 1025 1878 2741 3602 4436 
166 1026 1879 2742 2943 4437 
167 1027 1880 2743 3603 4438 
168 1028 1881 2744 3604 4439 
169 1029 1882 2745 3605 4440 
170 1030 1735 2746 3606 4377 
171 1031 1883 2747 3607 4316 
172 1032 1884 2748 3608 4441 
173 1021 1885 2749 3580 4442 
174 981 1886 2750 3609 4443 
175 1033 1887 2751 3610 4444 
144 1034 1888 2744 3611 4445 
176 1035 1855 2752 3612 4295 
177 928 1889 2753 3613 4446 
178 1036 1890 2754 3614 4447 
179 896 1891 2755 3461 4332 
180 1037 1892 2756 3615 4448 
181 1038 1893 2757 3572 4449 
182 1039 1894 2758 3616 4450 
183 1040 1895 2759 3617 4451 
184 1041 1896 2760 3618 4452 
185 1042 1897 2669 3619 4453 
186 1043 1774 2761 3620 4454 
187 867 1898 2762 3621 4421 
188 1044 1899 2763 3622 4455 
189 1045 1900 2764 3623 4456 
190 1046 1901 2765 3624 4457 
190 1047 1902 2766 3625 4458 
174 1048 1903 2713 3626 4459 
191 1049 1904 2767 3627 4460 
39 1005 1905 2768 3506 4461 
192 1050 1906 2769 3628 4462 
193 925 1765 2770 3629 4463 
194 1051 1907 2771 3630 4464 
42 1052 1908 2772 3631 4465 
195 880 1887 2773 3632 4466 
196 944 1909 2774 3633 4467 
197 1053 1910 2775 3634 4468 
198 1054 1648 2776 3635 4469 
199 1055 1911 2777 3636 4470 
200 1010 1912 2778 3637 4471 
201 1012 1913 2779 3638 4472 
202 1056 1914 2780 3639 4451 
203 1057 1772 2781 3640 4307 
204 1058 1915 2782 3641 4473 
111 1059 1916 2783 3642 4474 
205 1060 1917 2602 3643 4475 
206 1061 1918 2784 3644 4476 
207 1062 1824 2785 3423 4477 
157 1063 1919 2786 3645 4478 
208 1064 1920 2787 3646 4479 
209 1065 1921 2788 3647 4480 
210 1066 1922 2789 3648 4481 
211 1067 1923 2790 3649 4482 
212 1068 1924 2791 3539 4412 
213 1069 1925 2792 3650 4483 
214 1070 1926 2793 3651 4316 
215 1071 1927 2794 3652 4318 
216 1072 1928 2795 3653 4484 
217 1073 1929 2796 3654 4463 
196 1074 1930 2797 3655 4485 
218 1075 1931 2798 3545 4486 
219 1076 1902 2799 3454 4487 
220 1077 1789 2800 3656 4488 
178 970 1932 2801 3417 4489 
221 1078 1933 2802 3657 4458 
222 1079 1934 2641 3658 4490 
223 1080 1935 2803 3653 4491 
224 1057 1936 2804 3447 4492 
225 1081 1937 2805 3659 4493 
226 1082 1938 2694 3639 4494 
227 1083 1939 2806 3660 4495 
228 1084 1940 2807 3661 4496 
229 1085 1749 2808 3662 4497 
230 1086 1941 2809 3663 4498 
231 1005 1942 2742 3503 4499 
232 1087 1943 2810 3664 4500 
233 1088 1882 2811 3517 4367 
234 1089 1944 2812 3665 4501 
235 910 1945 2813 3170 4502 
236 988 1946 2814 3666 4503 
237 943 1947 2815 3667 4301 
238 1090 1948 2816 3668 4389 
239 1091 1949 2817 3669 4504 
240 1092 1950 2818 3552 4505 
80 1093 1951 2819 3670 4506 
241 1094 1952 2820 3671 4507 
242 1095 1953 2735 3672 4321 
243 1096 1863 2667 3673 4508 
244 1097 1954 2821 3674 4509 
245 1098 1955 2822 3675 4482 
246 1099 1956 2823 3616 4442 
56 1100 1950 2815 3676 4510 
247 1101 1874 2537 3677 4511 
248 1102 1917 2824 3521 4512 
249 1103 1957 2825 3678 4513 
250 1104 1958 2786 3679 4514 
251 1084 1959 2668 3680 4515 
252 1105 1960 2826 3681 4516 
253 1106 1961 2827 3544 4517 
254 1107 1891 2828 3682 4518 
255 1108 1962 2829 3683 4519 
256 1109 1963 2830 3684 4520 
257 1110 1964 2831 3685 4498 
216 1111 1965 2759 3465 4521 
258 1112 1966 2748 3686 4522 
259 991 1736 2832 3687 4523 
260 1113 1967 2580 3646 4524 
261 881 1968 2833 3688 4525 
262 1114 1969 2834 3689 4287 
263 1115 1970 2835 3690 4526 
264 1116 1971 2836 3691 4331 
265 976 1972 2837 3692 4527 
266 1117 1973 2838 3693 4528 
267 1118 1974 2839 3694 4529 
268 1119 1975 2840 3657 4530 
269 1120 1976 2841 3695 4531 
270 1121 1977 2842 3696 4532 
271 1122 1978 2843 3697 4533 
272 1123 1979 2829 3698 4510 
273 1124 1980 2844 3699 4534 
233 1125 1981 2845 3584 4535 
274 1126 1982 2846 3684 4536 
275 1127 1954 2847 3623 4537 
276 1128 1983 2848 3700 4538 
277 1058 1984 2849 3701 4539 
248 1129 1985 2742 3702 4540 
278 1130 1907 2850 3703 4383 
279 955 1986 2851 3704 4541 
280 1131 1937 2852 3705 4542 
281 1132 1987 2853 3706 4543 
282 889 1988 2854 3707 4394 
283 1133 1989 2846 3708 4544 
193 1134 1990 2855 3435 4545 
284 1135 1991 2856 3676 4546 
285 945 1916 2857 3709 4536 
286 1136 1992 2858 3710 4547 
287 868 1923 2859 3651 4548 
288 1137 1993 2853 3711 4349 
289 862 1994 2860 3712 4549 
290 857 1995 2861 3713 4550 
291 1138 1714 2862 3360 4551 
292 1139 1996 2863 3570 4552 
293 987 1997 2864 3714 4553 
294 1104 1998 2865 3715 4554 
262 1140 1889 2614 3716 4555 
295 1141 1999 2866 3717 4556 
296 1142 1747 2867 3718 4379 
297 1143 2000 2868 3719 4557 
298 1121 2001 2869 3720 4530 
21 1068 2002 2870 3721 4558 
299 1144 2003 2871 3722 4558 
300 855 2004 2635 3723 4559 
301 1145 2005 2537 3472 4560 
302 1146 1756 2872 3616 4561 
303 1147 1752 2649 3724 4562 
304 1148 2006 2873 3725 4563 
305 1149 1898 2874 3588 4564 
306 1150 2007 2875 3726 4565 
307 1151 2008 2816 3727 4522 
308 1152 2009 2876 3728 4566 
309 1022 2010 2877 3729 4567 
310 1153 2011 2878 3730 4568 
311 1154 1935 2879 3726 4569 
312 1155 2012 2786 3731 4570 
313 1156 2013 2790 3732 4571 
139 899 2014 2880 3733 4572 
314 1025 1810 2881 3734 4573 
315 1157 1841 2877 3642 4574 
118 1158 2015 2678 3735 4575 
245 1030 2016 2882 3736 4576 
316 1159 2017 2818 3737 4545 
317 1160 2018 2883 3738 4577 
100 1161 1957 2884 3739 4578 
317 992 2019 2885 3499 4579 
318 1162 2020 2772 3483 4491 
319 1163 2021 2886 3740 4580 
32 1164 2022 2844 3741 4581 
249 1165 2023 2887 3742 4582 
320 1166 2024 2888 3743 4583 
72 1167 2025 2889 3744 4474 
321 1168 1760 2890 3556 4584 
322 923 2026 2891 3745 4585 
248 872 2027 2892 3691 4586 
323 1117 1879 2893 3746 4473 
324 1053 2028 2894 3504 4587 
325 1169 2029 2895 3747 4588 
326 1170 2030 2896 3748 4589 
327 1171 1830 2897 3749 4590 
328 1116 1871 2898 3649 4591 
238 1050 2031 2763 3513 4420 
329 1172 2032 2899 3535 4592 
330 1173 2033 2804 3750 4593 
22 1174 2034 2900 3751 4589 
149 1175 1869 2901 3752 4490 
331 1176 2035 2878 3753 4267 
332 1050 2036 2902 3754 4594 
333 1177 1784 2903 3755 4595 
334 1178 2037 2836 3756 4596 
335 1179 1976 2904 3528 4502 
285 935 2038 2905 3757 4305 
336 1180 2039 2890 3758 4597 
337 877 2040 2906 3759 4598 
338 1181 2041 2593 3572 4599 
339 1182 1973 2907 3760 4566 
340 1183 2042 2908 3761 4600 
341 1184 2043 2909 3762 4601 
160 1185 2044 2910 3763 4413 
20 885 1731 2911 3764 4385 
342 1186 2045 2912 3553 4602 
343 1187 2001 2913 3765 4434 
344 1188 2046 2914 3766 4603 
345 1189 2047 2738 3767 4604 
346 1190 1973 2575 3768 4590 
347 1191 2048 2915 3769 4405 
348 1192 2049 2916 3770 4605 
349 1193 2050 2917 3602 4606 
350 1194 1809 2918 3771 4523 
219 1195 1753 2919 3444 4607 
192 1196 1836 2808 3772 4608 
351 1197 2051 2920 3773 4609 
352 1198 2052 2921 3740 4610 
353 1199 2053 2922 3774 4611 
354 1200 1750 2923 3775 4612 
69 1127 2054 2678 3776 4613 
355 948 2055 2924 3403 4598 
47 1201 2056 2925 3777 4614 
356 1202 2057 2926 3778 4350 
51 1203 2058 2672 3779 4615 
357 1204 2059 2927 3511 4616 
329 971 1723 2928 3780 4617 
103 1205 2060 2929 3781 4286 
358 1206 2061 2930 3782 4618 
95 1207 2062 2931 3783 4619 
359 1208 2063 2932 3784 4620 
360 1209 2064 2566 3785 4621 
159 1210 2065 2933 3786 4622 
361 1211 2066 2556 3787 4623 
362 1212 2067 2819 3362 4624 
323 1173 2068 2934 3788 4625 
363 1213 2069 2935 3719 4626 
364 1139 1820 2936 3789 4493 
365 1214 2070 2937 3790 4627 
366 1215 2071 2938 3763 4623 
367 1216 2072 2939 3791 4628 
368 1014 2073 2940 3792 4629 
40 1217 2074 2639 3793 4630 
18 1218 2075 2941 3794 4543 
369 1219 2076 2564 3795 4631 
370 1220 1793 2942 3796 4632 
371 1221 2077 2674 3797 4633 
372 1222 2078 2604 3798 4634 
373 1223 2079 2943 3630 4365 
374 1224 1864 2944 3799 4635 
145 914 2080 2945 3800 4443 
375 1225 2081 2848 3801 4636 
12 912 2082 2946 3802 4637 
376 1226 1839 2844 3803 4638 
377 1227 2083 2947 3482 4639 
371 1096 2084 2948 3675 4640 
82 1228 2085 2634 3804 4641 
21 1229 1931 2949 3441 4642 
304 1230 2086 2584 3805 4329 
378 1231 2087 2672 3600 4643 
379 1232 2088 2568 3806 4644 
380 1233 2089 2950 3807 4521 
277 1234 1786 2666 3808 4567 
381 1235 1730 2951 3809 4645 
382 1236 2090 2952 3810 4646 
383 1135 1851 2953 3711 4647 
384 1237 2091 2954 3811 4648 
385 1238 1965 2796 3812 4649 
283 1165 2092 2955 3520 4650 
381 1239 2093 2956 3813 4651 
386 1240 2094 2846 3806 4652 
226 941 2095 2957 3814 4653 
387 1241 2096 2958 3666 4654 
388 1167 2097 2959 3815 4655 
389 1242 1856 2683 3816 4656 
272 1243 1842 2585 3817 4657 
390 1244 2098 2960 3818 4359 
391 1031 1834 2684 3692 4658 
392 1245 2099 2707 3750 4659 
393 1246 2100 2961 3819 4614 
394 891 2101 2962 3820 4400 
211 1247 2102 2805 3542 4419 
395 1248 1733 2648 3821 4660 
396 1249 1754 2963 3713 4661 
96 1140 2057 2863 3822 4662 
179 1250 2103 2874 3768 4587 
397 1208 2104 2964 3823 4663 
398 1251 2105 2965 3699 4664 
399 1009 2106 2966 3824 4665 
400 1164 2107 2607 3758 4666 
401 1133 1753 2687 3825 4667 
239 1252 1851 2967 3436 4668 
402 1253 1940 2968 3693 4274 
403 1083 1881 2969 3826 4669 
169 1254 1880 2970 3827 4518 
404 1255 1877 2971 3828 4430 
405 1256 2094 2849 3829 4445 
406 1257 1914 2972 3830 4670 
407 1235 1843 2230 3541 4671 
408 1157 2108 2973 3635 4449 
168 1051 2109 2974 3831 4672 
409 1258 1829 2975 3756 4673 
410 922 2110 2976 3832 4417 
411 1259 2111 2696 3833 4674 
412 1225 2112 2977 3571 4393 
234 1260 2113 2978 3834 4675 
413 947 2114 2979 3785 4501 
374 1261 2115 2980 3710 4676 
94 1016 2116 2463 3717 4677 
414 1200 2117 2760 3636 4678 
125 1262 2118 2981 3835 4619 
415 1107 2119 2982 3836 4679 
384 1154 2063 2983 3628 4421 
416 1263 1971 2984 3718 4680 
417 1244 1878 2985 3837 4681 
418 1264 2120 2986 3697 4682 
84 1265 2121 2955 3838 4683 
419 1229 2122 2987 3839 4684 
420 1266 2042 2970 3748 4685 
421 1267 2107 2922 3840 4686 
422 1254 2123 2928 3659 4597 
313 1024 1829 2988 3841 4687 
154 1268 2124 2989 3842 4604 
423 1128 1926 2990 3843 4525 
424 1003 2125 2885 3833 4688 
425 860 2126 2991 3844 4591 
426 896 2127 2992 3845 4689 
427 1227 1880 2993 3846 4690 
428 1269 2060 2994 3847 4428 
94 1270 2128 2995 3848 4519 
429 1271 2129 2996 3849 4691 
102 1272 1779 2997 3850 4692 
430 1273 2130 2998 3817 4693 
331 1274 2131 2999 3851 4317 
431 1275 2132 2745 3523 4694 
114 1276 2089 3000 3715 4431 
432 1277 2059 2670 3852 4500 
159 1018 2133 3001 3853 4284 
120 1278 2134 3002 3854 4695 
265 1279 1863 3003 3855 4696 
433 1181 2135 3004 3856 4624 
142 1280 1816 2772 3857 4456 
98 1281 2136 3005 3858 4692 
92 1136 2137 3006 3697 4628 
343 1282 2138 3007 3859 4697 
434 924 2139 3008 3860 4698 
435 1228 2140 3009 3861 4563 
436 1283 2141 2725 3862 4699 
437 1118 1715 3010 3808 4700 
438 1039 2142 3011 3456 4701 
439 1242 1975 3012 3286 4702 
78 1284 2143 3013 3721 4703 
440 1285 2144 2919 3863 4704 
441 1286 1919 3014 3864 4705 
326 1287 2077 3015 3865 4335 
442 1288 2038 3016 3866 4706 
443 873 2145 3017 3855 4707 
361 1289 2146 2486 3591 4708 
444 1290 2147 3018 3690 4709 
409 1291 2096 3019 3867 4547 
58 979 2148 2691 3868 4710 
445 1190 2070 3020 3611 4362 
224 1292 2149 2337 3869 4455 
446 1293 1817 3021 3870 4711 
447 1294 2101 3022 3871 4712 
448 1295 1920 2986 3851 4713 
268 1110 2150 3023 3872 4623 
449 1296 1979 3024 3767 4603 
405 1297 2151 2647 3873 4714 
386 1298 2152 2619 3864 4420 
95 1299 2153 2792 3874 4709 
198 1262 2087 3025 3725 4715 
319 1300 1934 2615 3875 4716 
450 1301 2154 3026 3638 4717 
252 1208 2155 3027 3876 4539 
451 1302 1890 3028 3877 4659 
452 1303 2156 2621 3878 4718 
429 1304 2157 2793 3488 4719 
453 1059 2040 3029 3879 4720 
102 1305 1782 3030 3880 4556 
454 1107 2158 3031 3881 4721 
22 1306 2159 3032 3766 4416 
455 1307 1961 2599 3882 4722 
110 1308 2160 3033 3883 4569 
456 1234 2044 2792 3756 4723 
134 1309 1733 3034 3643 4724 
457 1310 2161 2967 3884 4725 
458 1311 2099 3035 3885 4327 
459 1102 2110 3036 3886 4726 
413 1312 1742 2756 3887 4727 
283 1313 2162 3037 3888 4728 
460 1027 2163 3038 3889 4729 
296 1314 2164 2622 3650 4730 
378 1315 2165 3039 3890 4731 
300 1262 2019 3040 3891 4343 
461 1283 1874 2869 3892 4657 
413 1282 1720 3041 3643 4435 
462 989 2166 2680 3599 4587 
162 1316 2034 3042 3893 4282 
463 992 2167 2739 3894 4732 
349 1317 2149 3043 3895 4512 
464 1318 2168 3044 3265 4733 
191 1297 2169 2832 3896 4467 
302 985 1797 2618 3620 4734 
53 1319 2170 2843 3897 4735 
454 1320 1944 3045 3441 4285 
465 1220 2171 2730 3700 4736 
59 1321 2172 2623 3898 4425 
221 941 2173 3046 3899 4737 
466 1271 2174 3047 3804 4271 
447 920 2175 2669 3900 4738 
165 1322 2176 3048 3901 4739 
467 1323 1939 2854 3902 4740 
468 1324 2174 2579 3903 4741 
469 1040 2177 3049 3460 4638 
297 1325 1758 3050 3416 4742 
422 1326 1767 3051 3498 4467 
392 927 2151 3052 3696 4743 
470 1327 1966 3028 3581 4744 
70 1134 2178 3053 3904 4554 
338 1328 2063 2679 3905 4745 
220 1286 2053 3054 3906 4746 
457 1329 2179 3055 3907 4747 
471 1330 2173 3056 3775 4748 
472 1114 2180 2610 3908 4749 
254 1331 2181 2726 3909 4556 
169 996 2161 3057 3910 4750 
214 887 2182 3058 3771 4605 
473 1196 2183 3059 3911 4404 
316 1332 2047 2978 3637 4751 
474 1333 1905 2800 3912 4752 
216 899 2184 2777 3893 4469 
475 1334 2185 3060 3498 4753 
476 902 2186 3061 3835 4754 
477 1335 2187 3062 3869 4755 
478 859 2188 3063 3913 4756 
50 1336 1927 3064 3914 4640 
479 1291 2181 3065 3806 4344 
480 1337 2189 2801 3665 4757 
481 1338 2190 3066 3915 4542 
482 1339 2191 3067 3317 4330 
483 1340 2192 2762 3916 4531 
16 1138 2152 2920 3792 4758 
484 1043 1861 2838 3739 4662 
485 1341 1855 3068 3845 4759 
486 1342 2193 3069 3614 4690 
487 1196 2194 2830 3515 4595 
488 1343 2110 3070 3917 4760 
489 1169 1806 3071 3559 4761 
490 1344 2195 2897 3918 4762 
421 968 2041 3049 3759 4460 
441 1083 2196 2747 3919 4290 
399 1304 1726 3072 3920 4687 
491 1345 2197 3073 3921 4591 
492 1346 2167 2631 3922 4763 
493 1347 2198 3074 3923 4764 
313 1348 2199 3075 3475 4765 
494 1186 1778 2825 3924 4766 
333 1348 2114 2604 3925 4767 
425 1111 2200 2956 3793 4540 
495 863 2188 2588 3926 4748 
378 1122 1771 3076 3802 4768 
41 1199 2201 3002 3563 4358 
496 1336 2202 3077 3927 4769 
204 1095 1852 3078 3928 4770 
388 1349 2163 2936 3554 4335 
368 1350 2203 2964 3723 4771 
63 1313 1994 2998 3929 4658 
497 1012 2204 3079 3930 4772 
498 1351 2205 3080 3679 4773 
499 1352 2004 3081 3801 4774 
500 1353 1801 3015 3811 4682 
137 1354 2158 3082 3931 4348 
501 1355 2206 3005 3932 4775 
323 1356 2207 2930 3540 4747 
502 1191 2208 3083 3452 4776 
503 1357 2209 3084 3840 4777 
480 1358 2210 3085 3933 4778 
432 870 2211 3016 3934 4779 
504 1359 2021 2954 3808 4780 
505 1360 2212 3086 3660 4781 
506 1361 2213 2779 3935 4691 
507 1325 2188 2997 3789 4313 
344 1131 1960 3087 3936 4782 
508 1362 2214 3088 3661 4555 
509 1032 1872 3089 3937 4419 
510 1363 2208 3090 3598 4783 
511 1364 1969 3091 3821 4784 
512 1332 2215 2854 3938 4642 
513 1365 2059 3092 3862 4785 
514 1180 1832 3058 3939 4786 
515 1366 1889 3093 3520 4746 
121 895 2216 3094 3940 4787 
308 1367 2217 2759 3917 4682 
516 1368 2216 3095 3941 4788 
311 1369 2218 2605 3453 4776 
485 1370 2219 3096 3942 4626 
91 1080 2086 3097 3277 4789 
517 1371 2220 3081 3943 4390 
138 980 1773 3098 3924 4740 
518 1372 2221 3099 3931 4539 
247 1373 2084 3100 3550 4790 
519 1374 2146 2800 3521 4482 
136 1110 2222 2656 3724 4791 
520 1151 1925 2595 3256 4792 
521 1375 1988 2929 3777 4451 
522 933 2223 3101 3877 4407 
523 1142 2224 2912 3944 4280 
524 1271 1771 3097 3598 4572 
525 1376 2225 3102 3595 4673 
420 913 1928 3062 3619 4395 
79 1297 1872 2968 3945 4793 
71 1377 2003 3103 3606 4716 
468 1186 2226 3104 3805 4794 
213 1378 2227 2739 3745 4713 
269 1330 1814 2636 3946 4492 
1 1353 2228 3105 3947 4330 
526 1379 2229 2859 3496 4261 
62 1380 1734 3106 3531 4795 
38 1381 2228 2980 3948 4796 
424 1153 2230 2688 3949 4711 
184 1174 2231 3107 3950 4797 
527 1315 2232 2577 3704 4722 
528 1382 2233 3108 3951 4798 
32 1383 1701 3109 3858 4572 
529 1318 1844 3110 3801 4380 
530 1384 1878 2907 3952 4318 
348 1385 2234 2847 3953 4479 
531 1261 1755 3111 3745 4799 
532 1386 1959 2561 3583 4800 
74 1074 2235 3112 3954 4516 
533 1268 1813 3062 3955 4801 
534 1024 1804 3028 3956 4802 
185 950 2236 3113 3685 4803 
236 1387 2237 3114 3957 4804 
535 1388 2217 2839 3958 4805 
536 1389 2028 2626 3959 4806 
533 1390 2238 2746 3327 4561 
303 1039 1800 3115 3960 4807 
298 1391 2239 3116 3961 4619 
537 929 2240 2896 3908 4246 
538 1292 2241 2648 3962 4551 
99 1392 2242 3117 3632 4808 
539 1393 2151 2710 3730 4809 
540 1259 1963 2817 3349 4810 
530 1086 2243 2784 3963 4775 
541 1001 2244 3118 3883 4708 
542 1273 1915 3119 3934 4462 
138 1394 2245 3120 3964 4486 
350 1395 2246 3121 3965 4811 
543 1396 2172 3122 3886 4262 
544 1252 2247 2763 3683 4812 
220 1397 2248 3123 3644 4464 
198 1398 2249 2870 3630 4813 
545 1399 1768 2839 3458 4806 
405 1078 2250 2653 3966 4814 
434 1400 2178 3071 3884 4520 
519 1225 1940 3124 3967 4772 
546 1351 2057 3026 3968 4404 
547 1401 2160 3036 3969 4815 
548 1210 1729 2598 3970 4816 
311 1402 2070 3125 3897 4817 
549 888 2251 3126 3918 4818 
367 1403 1760 3127 3971 4819 
126 1404 1949 2750 3948 4820 
550 1405 1909 3128 3972 4372 
545 1274 2252 2980 3973 4574 
551 1033 2253 3129 3855 4544 
197 1406 2254 2906 3974 4534 
170 1407 2255 3130 3975 4821 
399 1408 2049 3026 3875 4822 
552 1171 2051 3131 3976 4823 
396 1409 2256 3005 3977 4824 
280 1132 2201 2834 3839 4825 
426 1388 2257 2585 3978 4594 
553 1359 2258 3107 3979 4276 
554 1283 2259 2858 3980 4497 
555 1122 2260 2830 3981 4273 
556 1410 2261 3132 3634 4429 
200 1411 2262 3133 3982 4826 
387 1380 1892 2848 3569 4827 
557 1412 1786 3060 3983 4828 
558 1272 2113 2985 3778 4829 
559 921 2165 3134 3554 4830 
104 1413 2263 3135 3546 4383 
560 1414 2229 3136 3984 4426 
561 966 2054 3137 3985 4831 
364 1312 2264 3138 3854 4668 
562 1415 2265 3051 3986 4832 
455 1416 2134 3093 3891 4833 
563 1417 2064 3139 3530 4711 
564 956 2266 2661 3510 4834 
189 1418 2267 2954 3818 4559 
565 1419 2054 3083 3600 4835 
25 1150 2268 3024 3986 4700 
566 1263 1725 3140 3780 4378 
412 1420 1727 3141 3788 4836 
172 1421 1763 3142 3220 4781 
375 1422 2269 3143 3742 4276 
292 1423 2270 3144 3668 4615 
567 1424 1870 3145 3489 4716 
568 1425 2271 3146 3741 4744 
569 1006 2117 3010 3485 4560 
570 1291 1967 2677 3816 4534 
571 1264 2145 2987 3511 4816 
572 1134 2272 2638 3783 4837 
512 1220 2273 2615 3930 4731 
235 1292 2075 3147 3900 4838 
573 1189 1986 3148 3987 4839 
574 1270 1931 2911 3479 4504 
575 1169 2274 3149 3903 4350 
275 1426 2275 3150 3590 4840 
576 1427 2276 2832 3988 4841 
501 1428 2277 2994 3989 4785 
577 1206 1961 3151 3990 4597 
578 1383 2278 2591 3991 4842 
541 1089 2187 2918 3992 4843 
579 1152 1769 3152 3601 4844 
580 1068 2279 3153 3993 4845 
99 1366 2207 3154 3994 4846 
581 1429 2280 3155 3995 4293 
582 1430 1759 2986 3996 4644 
42 1431 2097 2659 3837 4290 
442 1432 2185 2845 3857 4847 
583 920 2281 2913 3997 4848 
584 1017 2282 3156 3478 4704 
475 1072 2283 3157 3959 4665 
585 871 2284 2845 3998 4849 
427 1307 2285 3158 3999 4762 
586 1155 1816 3021 4000 4850 
390 1433 2286 3037 4001 4843 
489 1150 2287 2957 4002 4851 
587 1434 2140 3159 4003 4596 
588 1400 1788 2646 3948 4852 
589 1284 1722 3160 3592 4853 
590 1340 1920 2707 3850 4438 
591 1037 2288 3088 4004 4854 
531 1323 2254 3115 3531 4626 
592 1358 2008 2658 3548 4652 
57 1346 2289 3161 3907 4855 
419 1350 1980 3162 4005 4856 
588 1199 2290 3163 3712 4857 
225 1074 2291 3164 3790 4746 
487 1412 2292 3165 4006 4576 
593 1245 2293 2567 4007 4858 
554 1435 1948 2718 3495 4571 
594 1436 1989 3166 3537 4600 
566 1360 2294 3167 4008 4588 
484 1078 2083 2695 4009 4859 
595 898 2239 3084 3905 4738 
192 1184 2122 2887 3737 4860 
52 1021 2295 2587 4010 4861 
596 1425 2296 3167 4011 4862 
597 1275 1879 3077 4012 4756 
598 1066 2297 3168 4013 4848 
58 1437 2289 3124 4014 4863 
599 1294 2298 3169 3965 4824 
476 1331 1756 3170 3958 4864 
600 1318 2010 2702 3842 4865 
601 952 2299 3171 4015 4866 
3 1438 2300 3024 3749 4501 
584 1439 2232 3118 3556 4867 
251 1337 1787 3147 3880 4360 
507 1047 2301 3172 3923 4860 
517 1092 1837 3113 3797 4868 
271 1113 1945 3173 4016 4869 
602 1440 1876 3174 4017 4758 
255 1441 1803 2727 3862 4870 
603 1103 2302 3175 3735 4577 
604 1198 2303 3176 3473 4871 
181 1442 2098 3177 4018 4289 
534 1443 2304 3178 4019 4872 
491 1270 2305 3179 3633 4873 
605 1370 2250 2612 3339 4874 
606 1422 1773 3094 4020 4875 
511 1197 2197 2652 4021 4493 
156 1086 2029 3180 3500 4724 
584 1444 1867 2677 3641 4876 
6 1445 2256 2753 3594 4859 
359 1446 2024 2974 3761 4877 
369 1253 2306 3073 3625 4402 
24 1447 2225 2932 3797 4411 
148 1151 2307 2809 4022 4440 
552 1204 1933 3181 4023 4717 
607 1332 2126 3017 3370 4878 
548 1448 2001 2915 3719 4879 
469 1329 2119 3182 3527 4880 
608 1152 2308 2820 3831 4803 
25 1449 1885 3183 4024 4601 
609 1450 2020 3131 3484 4745 
610 1148 2094 3184 4025 4604 
474 1451 2076 3013 3927 4881 
134 1452 2303 3185 4026 4882 
561 1453 2309 2658 3437 4408 
557 858 2144 3038 4027 4400 
611 909 1737 3186 4028 4566 
133 890 2310 3187 4029 4487 
612 910 2255 3188 4030 4883 
263 1454 2311 2914 3830 4822 
233 1455 1759 2570 3901 4757 
377 1456 2312 2741 3836 4683 
303 1423 2313 3020 3649 4738 
34 1456 2314 3189 4031 4722 
613 1253 2315 3136 3532 4884 
230 1457 2316 2789 3889 4885 
614 1227 1776 3190 4032 4886 
463 1310 2317 3036 4033 4341 
360 1458 2318 3191 4034 4705 
609 906 2319 3072 4035 4792 
448 1459 2320 3192 3942 4615 
615 1460 2068 2976 3749 4270 
616 1300 2321 2937 3834 4887 
617 1461 2322 2931 3525 4888 
618 1462 1755 2945 4036 4515 
619 915 2323 2816 3601 4889 
613 1463 2022 2958 3635 4797 
620 1129 2324 3193 4037 4890 
621 1464 2325 2655 3590 4441 
622 1465 1732 2611 3867 4325 
623 1266 1922 2810 3912 4296 
624 927 2092 3171 4038 4427 
625 911 2326 3146 4039 4891 
626 1101 1990 3091 4040 4354 
627 1466 2265 3194 3919 4537 
628 1438 2067 2776 4041 4750 
629 1467 2079 3031 3840 4590 
630 856 2150 2941 3560 4892 
631 1468 1800 3195 3767 4803 
398 960 1764 3196 3751 4773 
489 1469 1930 3197 3502 4754 
477 1470 2327 2823 3859 4407 
632 1280 2328 2927 3476 4893 
242 1211 2318 3195 4013 4798 
633 863 2019 3198 3896 4894 
396 1471 1936 2870 3947 4895 
250 1157 2329 3199 3935 4896 
433 1472 1898 2671 4042 4488 
106 952 2189 2597 3999 4439 
425 1473 1828 3171 4043 4897 
634 1474 1712 3200 3878 4885 
339 1475 2330 2749 3604 4508 
206 1476 1718 3201 4044 4713 
130 1477 2331 3202 3809 4686 
205 1357 1910 3168 3866 4898 
23 1478 2026 3203 4045 4899 
635 1474 2073 3129 4046 4900 
635 1479 1737 2833 3263 4901 
636 1029 2332 2557 3747 4902 
637 1480 1770 2985 4047 4903 
485 879 2064 2807 4048 4904 
499 1481 2003 3204 4049 4695 
164 1482 2333 3165 4005 4834 
638 1088 2334 2948 3841 4905 
593 1483 1911 2891 3998 4689 
639 1484 2017 3205 3825 4906 
612 1209 2089 2879 4050 4299 
465 1485 2179 2847 3887 4907 
379 1460 2014 3206 4051 4389 
197 1321 1785 3207 3582 4774 
525 1113 2269 2949 4052 4908 
640 916 2335 3208 3442 4800 
641 931 2253 3209 3994 4909 
309 964 2336 3210 3994 4910 
642 1323 2337 3100 3915 4911 
643 1075 2338 3211 3711 4912 
644 937 2339 3212 3705 4865 
645 1486 2161 3213 4053 4294 
453 1487 2143 2573 4054 4913 
646 1172 1964 3188 4055 4297 
82 1030 2340 2902 3466 4733 
647 1314 2150 3214 3825 4416 
483 1230 2341 3215 4056 4392 
648 935 2342 3085 3972 4620 
500 1488 2343 2872 4057 4826 
19 1073 2296 3216 3516 3530 
649 1316 2344 2628 3924 4529 
650 1469 2345 3217 4058 4570 
651 1489 1778 2951 4059 4914 
371 1490 1894 3218 4060 4489 
302 1491 2346 3219 3357 4644 
353 1492 2253 2782 3561 4915 
652 1326 2347 2814 3618 4375 
653 1390 1918 3220 4061 4689 
654 1463 2348 3045 4062 4916 
633 1493 2349 3221 3449 4917 
8 1365 2231 2758 4063 4918 
655 1452 2350 2600 3730 4892 
373 1494 1821 3222 4064 4919 
600 1249 2351 3223 4041 4552 
656 1461 2296 3224 3527 4391 
643 867 2352 3207 4019 4864 
657 1495 2113 3225 3674 4470 
627 1091 2144 2701 4065 4920 
356 1496 2353 2645 3338 4745 
275 1394 2354 2575 3695 4396 
658 1378 2028 2723 3879 4414 
231 1070 1877 3226 4066 4921 
203 1497 2223 3065 4067 4922 
307 1344 2355 3124 4034 4718 
659 1498 2288 3227 4068 4275 
342 1132 2356 2819 3853 4581 
660 1213 1826 3228 4069 4631 
661 1499 1774 2591 3461 4923 
46 903 2357 3229 3941 4915 
662 1265 1822 3221 4070 4340 
170 1500 2358 2734 4071 4780 
663 901 2359 2788 3426 4653 
664 1501 2360 3230 4072 4904 
335 1502 2361 3231 4044 4691 
368 1013 2362 3232 4073 4734 
599 1180 1859 3191 3642 4326 
646 1503 2363 3075 3354 4924 
665 1075 1955 3233 4074 4925 
301 1504 2294 2972 3818 4926 
579 1505 2364 2689 4075 4927 
666 1506 2317 2983 4020 4557 
667 1507 2365 3208 3960 4754 
287 1508 2366 3116 3446 4928 
668 1235 2203 3234 4076 4557 
664 1397 2199 2667 3479 4347 
68 954 2348 2919 3843 4929 
651 1400 2336 3235 3863 4905 
669 1509 2297 3236 4077 4666 
670 913 2367 3120 4078 4930 
671 1247 2032 3237 3829 4322 
234 1510 1838 2732 3594 4583 
490 1334 1977 3238 3871 4931 
672 1511 2046 2663 3983 4932 
412 1276 2368 3239 3752 4533 
267 975 1969 3240 4079 4885 
604 1508 2132 3021 3848 4933 
243 1205 2045 3241 4080 4540 
417 895 2369 2616 3874 4934 
495 1512 2282 3242 3989 4935 
486 1106 1803 2647 3488 4506 
479 1160 1766 2440 4081 4485 
218 1513 2370 3161 4082 4919 
673 1426 2200 3243 3561 4936 
23 1014 2032 2582 3892 4347 
491 1514 2371 3106 4083 4932 
432 1454 1708 3224 4084 4937 
355 1013 2372 3014 3621 4938 
674 1154 2299 2787 3470 4243 
117 878 2373 3244 3793 4939 
675 1515 2374 3245 3545 4535 
271 1516 2375 2730 3935 4417 
36 1517 2376 2934 4085 4940 
130 951 2338 2617 3999 4593 
129 1240 2377 2876 3938 4941 
472 1518 2378 3246 4039 4942 
410 1519 2366 2865 4021 4943 
676 1520 2026 3247 3754 4706 
664 989 1802 2624 4086 4944 
142 1521 2175 3248 3847 4945 
44 906 1749 3249 3623 4898 
677 1258 1999 2712 3762 4875 
608 1303 2379 2973 4070 4795 
678 898 2276 3250 3275 4303 
287 1241 2279 3083 4087 4678 
679 1403 2314 2963 3311 4596 
449 911 2042 3155 4088 4766 
337 917 2380 3225 4089 4946 
210 995 2247 3251 3812 4653 
195 1335 2141 3119 4090 4947 
487 1522 2381 3252 4091 4948 
680 1523 1944 3253 4092 4817 
182 1524 2107 3148 4093 4497 
681 1011 2090 3254 3613 4949 
554 1179 2382 3253 4094 4950 
682 1525 2293 3073 4041 4363 
683 1129 1980 3255 3549 4502 
684 1478 2383 2932 3605 4392 
550 1156 2384 3256 3636 4814 
551 1458 2373 3257 3881 4553 
685 1526 1736 2785 4095 4791 
279 1016 2385 2905 4064 4951 
336 1527 2148 2964 4096 4807 
686 1254 2386 3244 3526 4640 
461 1166 1727 2900 3815 4858 
506 1528 1957 2589 4097 4703 
687 1444 2123 2987 3686 4924 
121 940 2233 3258 3471 4379 
688 1529 2128 3259 3795 4952 
208 1286 2387 3069 4098 4548 
689 1530 2387 3260 3612 4953 
203 1352 2388 2851 4003 4739 
329 1531 2136 2976 3694 4954 
393 1505 1850 3261 3980 4585 
382 1143 2389 3262 3450 4606 
124 1532 2346 2773 4099 4876 
325 1333 2281 2826 4100 4955 
442 1147 2166 3263 4058 4801 
394 1533 2390 3264 4101 4673 
316 1534 1830 2882 4102 4536 
690 1535 2227 3176 3770 4956 
622 1311 2232 3234 3972 4957 
65 1419 1958 3022 4103 4958 
691 1237 1852 3265 3677 4492 
479 1536 2391 3266 4104 4364 
692 1429 1779 3267 3395 4719 
653 1537 2392 3268 3743 4846 
243 1538 2235 2654 4064 4934 
168 1539 1797 3264 4105 4854 
541 934 2393 3211 4081 4959 
357 1540 2227 2706 3952 4960 
589 1121 2394 2719 4106 4613 
606 1541 2395 3269 3640 4961 
693 988 2251 2789 3627 4886 
183 1444 2170 2886 3809 4962 
9 1542 2310 3270 3983 4499 
694 1543 2396 3271 3632 4733 
669 1447 2397 3253 3991 4634 
695 1544 2246 2558 3865 4963 
345 1545 2324 3172 4107 4964 
696 1546 2342 2631 4108 4965 
516 1547 2398 2570 3918 4966 
697 1548 2399 2855 3624 4550 
45 1549 2304 3272 3314 4967 
402 1473 1837 2910 4109 4715 
698 1550 2023 3273 4110 4968 
699 1232 2221 3090 3689 4818 
241 908 1741 3063 3512 4969 
80 1551 2400 3274 3319 4433 
464 1257 2040 3275 3493 4970 
578 1552 2401 3133 3529 4971 
617 1553 2129 3276 4111 4595 
640 1554 2018 3277 4112 4900 
309 1555 1794 3278 4113 4972 
291 1551 2402 3149 4104 4973 
542 1556 2306 2559 4114 4341 
318 1553 2403 3279 4115 4815 
700 1382 1818 2588 4116 4974 
701 1544 2404 3049 3794 4927 
452 1172 1939 2887 3546 4352 
702 1557 2405 3280 3708 4630 
526 859 1971 2741 3856 4932 
680 1413 2230 2993 3822 4305 
703 1341 2406 2744 3450 4942 
697 994 2407 2943 4117 4959 
549 1055 2267 2761 3814 4669 
414 1558 2245 3007 4118 4804 
71 1369 1713 3104 4033 4837 
704 1523 2277 3281 3639 4975 
293 1148 1734 3134 4119 4528 
386 1522 1886 3282 3489 4976 
705 1535 2383 3283 3951 4963 
145 1450 2408 3194 3853 4977 
706 1503 1777 3192 3782 4751 
699 1559 2286 3078 3923 4574 
404 1476 2409 3236 3799 4473 
251 1560 1824 3284 3741 4875 
707 1007 2104 3138 3955 4879 
482 1218 2170 3285 4120 4971 
36 1351 2322 2811 4062 4710 
459 967 2410 3286 4121 4266 
151 1431 2411 2713 3617 4978 
692 1372 2412 2758 3768 4889 
708 1364 2360 2720 4017 4916 
443 921 2076 3287 4122 4357 
445 1561 2266 2650 4123 4524 
709 1442 2358 2815 4124 4455 
710 1130 2413 2823 3667 4874 
143 1519 2414 3288 3997 4685 
610 1224 2415 3079 4125 4696 
711 1480 2138 3289 3707 4847 
516 884 2242 3290 3363 4487 
573 1562 2416 2700 3687 4979 
60 1563 2287 3291 4123 4974 
712 1358 2308 3183 3893 4980 
672 1564 1843 3292 4126 4509 
706 1565 2417 3245 3898 4981 
713 1566 2139 3293 4127 4281 
714 1567 2143 3205 3870 4288 
103 1020 2418 3294 4128 4851 
111 1568 2419 2708 4129 4685 
509 1340 2384 3182 4129 4982 
715 1418 2420 3114 3902 4483 
27 1484 2421 3295 3832 4983 
716 1104 2402 3213 3950 4941 
456 1569 2247 3003 4094 4605 
529 1125 1781 2693 4130 4767 
717 1228 2422 3158 3460 4856 
718 1289 2367 3296 4131 4739 
665 1570 1915 2750 4132 4984 
57 1571 2313 3029 3891 4828 
660 1572 1910 2712 4133 4985 
457 1195 2337 2587 4134 4937 
719 1573 2244 3232 3733 4336 
560 1118 2423 2948 3547 4771 
720 1574 2058 3297 4128 4575 
38 1477 2414 2728 3529 4821 
721 1174 2167 3069 3271 4787 
722 1478 2320 3114 3838 4986 
723 1391 2363 2754 4096 4987 
572 1494 2072 3165 3724 4563 
162 945 2424 3223 4038 4783 
73 1519 2103 3169 4089 4825 
616 1544 1805 3298 3466 4366 
647 1575 2340 2795 3510 4645 
685 1406 2355 3116 4135 4602 
458 1576 1882 2706 3965 4703 
65 1577 2425 2867 4136 4362 
724 1188 1798 3260 3914 4675 
8 1569 2426 2818 3740 4440 
295 1008 2365 2627 4137 4988 
667 1408 2427 3089 4024 4989 
150 1578 2190 3254 3662 4815 
358 1465 2428 3175 3934 4990 
670 1501 1983 2813 3608 4378 
725 1149 2418 3299 3728 4390 
574 1579 2044 3291 3922 4991 
86 1093 2429 3300 4138 4459 
435 1355 1777 2906 4139 4268 
726 1580 2341 3301 4124 4315 
592 1166 2430 3302 3754 4992 
397 1336 1956 3123 4140 4471 
727 1581 2431 3303 3576 4459 
728 1582 2017 3204 3455 4993 
286 948 2379 3056 4035 4994 
119 1395 1721 2879 4141 4464 
317 1583 2245 3053 4036 4805 
729 1466 1967 3304 3737 4995 
260 1584 2432 3148 3820 4564 
730 1089 2433 2852 3892 4933 
731 1120 2390 3197 3824 4771 
603 1410 2182 3006 3577 4996 
108 892 2131 3164 4121 4315 
266 873 2430 2817 4003 4975 
101 1436 2178 3220 3954 4997 
597 1422 2434 3190 3920 4998 
732 1585 2112 2922 3932 4808 
401 1451 1846 3261 4096 4902 
732 1472 1900 3068 3962 4571 
733 1147 2435 3109 3848 4999 
658 969 2239 3151 3841 5000 
44 1586 2095 3305 3995 4983 
734 1006 2436 2855 4083 4989 
530 1587 2437 3306 3937 4529 
221 1542 2334 3017 4008 5001 
735 1265 2438 3131 4123 5002 
736 1496 1859 2122 4142 5003 
308 1363 2159 2856 4143 4729 
209 1537 2377 3300 4144 4526 
726 1048 2439 2996 4145 4312 
520 1566 2440 2929 4146 5004 
588 1586 2047 3004 3977 4968 
582 1123 1583 2909 3516 4448 
450 1470 1827 2930 3813 4777 
737 1259 2441 2762 3490 4302 
738 1582 1924 3307 4147 4339 
444 1549 2410 3308 4101 4414 
725 1296 2442 2620 4148 4898 
539 903 1731 3309 3667 4541 
716 1375 2039 3310 3474 4936 
665 1100 2165 2783 3696 4934 
739 936 2443 3311 3497 4935 
740 1515 2444 3210 4102 4324 
613 1352 1793 2955 3486 5005 
155 958 1946 3312 4105 4965 
686 1377 2366 3217 3817 5006 
290 1588 2445 2586 3976 4511 
647 1161 2446 3200 3509 4943 
632 1589 2447 3199 3482 4517 
662 1590 2448 2962 4115 4629 
741 982 2449 2643 4149 4728 
544 1591 2061 3032 3941 4403 
568 1160 2162 3313 3986 4699 
742 1392 2060 2953 4026 5007 
115 1592 2299 3314 3978 4911 
224 1593 2233 2625 3796 4761 
321 1395 2450 3315 3538 4337 
691 1594 2451 2546 3674 5008 
240 1595 2179 3316 4150 4472 
182 1419 2452 3317 3670 4675 
153 1411 1722 3072 4151 4947 
709 1177 2417 3094 3807 4984 
743 1475 1825 2740 4152 5009 
279 1596 1911 2977 4153 4806 
744 1597 2453 3271 3760 4522 
745 1056 2118 2875 4154 4940 
701 1311 1952 2708 3698 5010 
746 1489 2255 2441 4155 4450 
494 1598 2454 3318 4156 4630 
310 909 2455 2873 3800 4899 
747 1440 2238 2821 4107 4588 
674 1599 2152 3267 3672 5011 
748 1600 2009 3319 3606 4408 
749 1524 2456 3103 3303 4911 
348 1601 2204 3218 3541 5012 
750 1602 2393 2938 4157 4638 
54 1401 1742 3156 4158 4925 
729 1603 2309 2743 4159 5013 
751 1092 2410 3125 4010 4635 
299 1559 1912 2623 3451 5014 
638 1176 2135 3289 4092 4906 
122 1604 2265 3214 3947 5015 
752 1605 2079 3296 4160 5016 
284 1290 1785 2950 3933 4608 
535 1606 2020 3109 4161 4476 
372 1216 2457 2968 4162 5002 
61 1607 2048 2700 3555 5017 
152 1587 2210 2646 3781 5018 
753 1097 2458 2856 3859 4454 
524 1396 1996 2583 3826 5019 
370 1608 2361 2619 4004 5020 
733 1547 1893 3320 4148 4513 
334 854 2051 2956 4091 4555 
492 1163 2459 3273 3532 5021 
725 1609 2102 3145 3869 4532 
754 1193 1948 2729 4163 4736 
532 1361 2405 2960 4164 4585 
212 1589 2088 2939 4149 4988 
745 1588 1890 3298 3973 4950 
625 881 2460 3160 3602 4931 
755 1610 2138 2748 3559 5022 
90 976 2461 2982 4056 4600 
623 1565 1820 2751 3481 4753 
756 1029 2082 3210 4165 4401 
438 1611 2462 3321 3597 4986 
441 1583 2463 3286 3475 5001 
757 1605 2303 2704 3826 4810 
758 1035 2424 3133 3773 5023 
759 1482 2464 3014 3984 4334 
760 926 2319 3037 3828 4409 
294 874 2465 3322 4117 5024 
711 865 2466 3135 3611 4821 
59 1543 2467 2593 4166 5025 
732 907 2186 2970 4167 4612 
149 1549 2270 2663 4168 4958 
761 1238 1923 3061 4121 4853 
762 1310 1974 2864 4093 4428 
402 1296 2413 2657 3631 4368 
755 1162 2321 3080 4169 4371 
107 1124 1919 3204 4170 5026 
763 1541 2468 3260 3815 5027 
689 900 1766 2961 4071 4957 
195 1496 2378 3281 4171 4765 
764 1226 2328 3235 4172 4374 
125 1612 2469 2961 3383 4484 
140 1613 2075 3323 3936 4891 
189 1614 2470 3039 4056 4915 
765 1615 1924 2651 3772 5021 
668 1288 2401 2737 3968 4819 
766 1255 2471 2835 4103 4620 
659 1437 1806 2808 3578 4887 
767 1594 1902 2965 4152 4679 
768 1616 2440 2831 3604 4825 
229 1617 1848 3288 3944 4735 
746 1300 2090 2827 3654 4813 
478 1135 2453 2890 4008 4601 
559 922 2472 2837 4173 4616 
281 1618 2473 2612 3726 5028 
769 1598 2474 3147 3607 4836 
272 1619 2475 2988 3735 4609 
100 1553 2382 3029 3714 4698 
770 1031 2035 2641 3612 4698 
376 1488 2215 3324 3877 4832 
98 1620 2476 2728 3764 4621 
771 1430 2477 3325 3514 4676 
424 1518 2071 2837 3996 5029 
678 907 2392 2850 4174 4830 
356 1099 2037 2584 3753 5030 
772 1120 2069 3326 4175 5031 
257 1015 2478 3145 3899 5032 
598 1582 2479 2733 3981 5033 
383 1179 2480 2634 4176 4966 
773 1054 2481 3079 4139 4320 
158 1454 2187 2608 4030 5034 
774 919 2442 3327 4177 4690 
775 1298 1896 2775 4178 4439 
436 1621 2329 2784 3609 4499 
460 1408 2346 3328 4106 4784 
49 1389 2130 2614 4179 4792 
686 1622 2206 3173 3689 5035 
776 1278 2176 3329 4180 4881 
78 1027 2379 3233 4145 4511 
467 1615 2258 3308 3866 4543 
608 1623 2192 3018 4181 4660 
241 1555 2093 2596 3544 4721 
509 1212 1833 2673 3777 5036 
528 1606 1916 3189 3765 5037 
777 1136 2482 2761 4066 4828 
437 1624 2445 3206 3681 5038 
720 1200 2093 3330 4101 4781 
231 1625 2312 2629 3706 4760 
439 1339 1891 3174 4132 5039 
654 1626 2157 3309 3562 4854 
648 1109 2106 2802 3496 4625 
469 1109 1860 3331 4040 4410 
534 856 2263 3332 4117 4852 
352 1233 1757 3153 4182 4611 
764 1044 2163 2891 3961 5010 
676 1211 2181 2863 4183 4996 
306 1420 1954 3075 3937 4306 
559 1627 2149 3333 3894 4677 
186 1494 2483 2778 3645 4386 
778 1247 1991 2690 4184 4702 
779 1327 2015 3334 4185 4839 
448 1182 1772 3119 3927 4945 
88 1604 1986 3335 3746 4950 
123 1359 2484 2611 4021 4914 
514 1511 2154 2866 4186 5040 
780 1628 2193 3336 4187 4867 
566 1629 2426 3001 4188 4840 
30 1538 2317 3337 3967 4831 
453 1342 2339 2810 4189 4727 
600 1616 2367 2915 4176 5041 
752 1084 2391 3338 3688 4521 
781 1348 2444 3339 4040 4794 
407 1522 2300 2606 3682 4846 
782 1020 2264 2716 3654 4515 
460 1630 2153 3332 4190 4858 
783 1301 2360 3166 4191 5042 
784 1452 1695 2811 3469 4769 
127 1060 2415 3219 3732 4910 
301 1329 2316 3226 4184 4519 
770 915 2485 3249 4192 4873 
411 1631 2249 3243 4193 4324 
254 939 2354 3340 3876 4894 
306 1632 2240 3341 3979 4496 
273 1621 2486 3316 3847 4948 
673 1255 1808 2942 3714 4438 
596 1082 2121 2576 3564 4442 
715 1161 2027 2682 4194 5043 
45 1287 2297 2656 3640 5031 
785 1067 2424 3262 3795 5030 
776 1633 1888 2780 3427 4373 
482 1483 2487 2583 3940 5024 
143 1463 1775 3219 4195 4866 
619 1034 1903 3342 3543 4946 
239 1380 2488 3263 3487 5044 
611 1406 2489 3343 3447 5045 
327 1627 2308 2725 4196 5046 
785 1626 1968 2927 4197 4767 
786 1597 2279 3257 3515 4799 
636 1509 2058 3042 3769 4869 
771 1278 2238 3302 3930 4649 
662 1464 2088 3344 4198 4723 
642 1575 2052 3143 4085 4697 
733 1195 2323 3306 4072 5047 
64 1634 2435 3304 3464 4275 
657 1061 2177 2716 4111 4788 
722 1269 2460 3345 3890 4429 
787 1487 1953 2984 4153 4672 
726 1569 1847 2676 3942 5007 
289 1635 2490 2681 3680 4928 
788 1349 2432 3338 3557 4309 
722 1636 1848 2683 4176 4481 
681 1580 1713 2822 3707 5048 
515 1263 2491 2803 3438 4807 
507 1637 1711 3122 3448 4895 
789 1638 2012 2609 4009 5049 
158 1639 2347 3178 4102 4353 
656 1505 2492 2892 3779 5050 
704 1366 2355 2966 3955 4796 
49 1602 2443 2897 3433 4633 
790 1047 2129 2595 4002 4928 
472 1394 2098 2880 3657 5051 
16 1192 2493 3046 4080 4608 
536 1090 2494 2796 4199 4418 
589 1620 2384 3346 3888 4763 
328 1281 1906 2603 3738 5052 
791 1100 2196 2923 4086 4380 
639 1055 1962 3347 4174 4742 
503 1108 2465 2589 3718 4374 
290 987 2345 3239 4077 4914 
627 997 2495 2686 3705 4538 
50 1558 2496 3348 3558 5038 
29 1640 2448 3349 3881 4271 
435 1633 2497 3216 4200 5053 
745 1349 2356 2594 3769 4705 
179 1203 1827 3350 3831 4954 
772 1085 2251 2941 3301 4830 
7 1317 1866 2618 3476 4814 
81 1641 2498 3099 3320 4495 
4 1642 2105 2935 3876 5054 
322 1019 2204 3351 3485 4458 
172 1387 2224 3352 4201 4457 
734 1595 2499 2851 3979 5055 
786 1288 1819 2717 3699 5056 
48 967 1904 3353 4202 4319 
701 1149 2292 3354 4203 4311 
792 1388 1739 3355 3538 5057 
141 1643 2219 3356 4204 4782 
759 1644 2158 2598 4141 4993 
650 1631 1847 3063 3904 5058 
545 1645 2169 3118 3440 4355 
793 1242 2195 3297 4205 4474 
634 1215 2013 3105 4023 4610 
400 1345 1934 3234 4165 4770 
293 1550 2369 2795 3833 4719 
747 1267 2147 3134 3484 4710 
660 1130 2274 3066 4203 4845 
353 1321 2450 3108 4206 4277 
562 1207 2478 2959 3644 4869 
430 1643 1858 2740 3605 4955 
286 1646 1790 3290 4207 4447 
644 1526 2402 3357 3682 4314 
794 1498 2500 3323 3703 5049 
795 1647 2174 3240 3710 4951 
438 1378 2501 3358 4187 4461 
389 1595 2168 2820 3993 5059 
796 956 1887 3076 3687 4320 
595 1648 2502 2828 4085 5043 
215 1320 2261 2601 4104 5051 
621 1194 2312 3359 4018 4384 
206 1294 2503 3360 4208 4603 
525 1649 1888 3361 3458 4865 
97 1489 2120 3312 4209 5060 
61 1471 2504 3041 3647 4342 
577 1650 2349 3205 4210 4336 
561 1209 2215 3228 3916 5040 
373 1651 2382 3179 4211 4701 
181 1365 2505 2850 4212 4729 
274 1652 2269 2858 3750 5061 
797 1650 2157 2697 3713 5047 
533 1362 2484 2655 4213 4776 
15 1385 2135 2691 4186 4678 
466 1514 2011 2764 4091 4751 
486 1653 2506 3183 3946 5005 
798 1175 1721 3362 3567 4646 
163 1654 1866 3078 3906 5021 
207 1087 2354 3363 4032 4774 
768 1071 1836 3364 3731 4560 
26 1655 1674 3123 4094 5062 
218 1450 2507 2688 4167 4996 
510 1501 1963 3365 3844 4684 
76 1402 1942 3111 4067 4617 
605 1656 2128 3198 4119 4775 
799 1657 1868 3262 4214 4888 
649 1508 2171 3362 4215 5034 
416 932 2368 2722 4128 4810 
164 876 2033 2662 4205 5063 
446 1040 2330 3247 4108 5064 
715 1458 1795 2798 4216 4525 
780 1488 1747 3034 3576 4247 
467 1073 2329 3347 3614 4956 
415 862 1710 3227 4196 5065 
746 1201 2496 3154 4131 4546 
719 1032 2480 3199 4192 4589 
712 1095 2496 3067 3991 4460 
524 1609 2508 2979 4027 5066 
800 1527 2385 3196 3915 5067 
798 1481 2364 2726 3381 4526 
30 1648 1982 3329 4217 4907 
41 1658 2338 3352 3651 5068 
801 1659 2381 3232 3625 4370 
702 1545 1900 2962 4050 5069 
802 1137 2286 3259 4218 4958 
358 1616 1974 3196 4168 4743 
694 1317 2509 3137 3909 5048 
570 1266 2207 3046 4045 5070 
789 1219 2510 3296 3618 4489 
199 1660 2272 2637 3810 4779 
803 946 1929 3366 4025 4403 
669 893 2450 2945 4134 5065 
415 1565 2043 3090 4125 4541 
67 1491 2278 3054 3902 4939 
631 1105 1917 2783 3971 4817 
804 1642 1835 2662 3518 4309 
351 1661 2325 2697 4120 4763 
253 1127 2290 2902 3456 5071 
797 1407 2271 3367 3755 4901 
187 1632 2472 3368 3871 5015 
246 1373 2287 2629 3573 4664 
765 1525 2485 3121 3492 4945 
560 1328 2272 2842 3603 4952 
757 1480 2431 3255 3912 4986 
351 1309 2177 2773 3575 4918 
75 1493 2493 2747 3975 4388 
414 1474 2432 3369 4071 5072 
748 1304 2511 2581 3963 4891 
501 1279 2395 3364 3987 4480 
666 1099 2511 3233 4150 4627 
535 1256 1719 3023 3990 4480 
690 1327 2053 2717 3733 4794 
404 869 2268 3370 4219 4884 
737 1418 2065 3284 4051 4761 
777 1446 1840 2807 4078 4476 
678 1577 2002 3371 4076 4564 
240 1141 2400 2797 3966 4788 
222 1046 2213 2254 3681 5073 
799 1069 2284 3125 4093 4895 
39 1662 2503 3218 4113 4485 
538 1479 2512 3107 4151 4720 
521 1592 1792 3372 3970 4921 
187 1571 1987 2698 4185 4351 
805 1412 2397 3373 4167 4530 
711 1663 1794 3011 3824 4838 
618 1049 2183 3283 3943 4785 
778 1602 1956 3272 4220 4937 
269 1579 2285 2722 3736 4382 
806 1306 1992 3374 4221 4913 
666 1170 2015 2755 3828 4381 
502 1518 1835 3071 4222 5074 
807 1061 1901 2692 3645 4905 
339 1374 2252 3308 4026 4789 
74 1124 2513 2972 3429 4423 
366 959 2121 2898 4223 4361 
808 1664 2350 3375 4054 4494 
152 1429 2250 3376 4092 4465 
809 1665 2277 2640 3574 4680 
175 1346 1796 2971 3971 4549 
35 1370 1965 2904 4190 4582 
624 1649 2464 2892 3437 4599 
227 1465 2274 3285 3823 4960 
131 1077 2514 2571 4204 4272 
493 1105 1966 3326 4055 4907 
591 1666 2134 3328 4132 5072 
810 1551 2120 3343 4037 4893 
808 1445 2425 3377 3684 4333 
749 1183 2006 2709 3973 5075 
326 1552 1946 3305 4138 5076 
811 1667 2115 3359 3678 4632 
312 1578 2515 3055 3822 5077 
723 1081 2516 3048 4074 4701 
729 1116 2358 3378 3865 4786 
812 1668 2505 3141 4220 5007 
55 1409 2219 3344 3673 4980 
136 1533 2493 3211 4224 4436 
128 1000 2376 2715 3508 4677 
813 1319 2517 2638 3666 4823 
672 1165 2518 2967 3905 4506 
814 958 2519 2639 3885 4612 
815 1354 2520 3261 4046 4883 
14 1398 2466 2769 4126 5078 
679 977 2069 2596 4225 4808 
816 1229 1809 3009 4226 4790 
338 900 2521 3217 3462 4649 
652 1190 1990 3379 3969 4842 
817 990 2119 3380 4089 5062 
395 1176 2438 3381 3581 4890 
565 1313 2352 3185 3617 4606 
274 1455 2327 3382 3886 4759 
328 1608 2241 2829 4227 5079 
731 994 1764 3383 3844 5080 
688 1233 1982 3120 4113 4975 
492 1119 1744 3169 3746 4568 
737 1547 2062 2894 3494 4749 
334 1669 2522 2774 3832 4997 
801 1441 2523 2893 3916 5045 
43 1644 2336 3384 4228 4727 
406 1670 2285 2939 4131 4835 
792 1246 2147 2770 4209 5081 
564 1094 1936 3365 3879 4993 
818 1576 2479 3385 4229 4880 
799 932 2524 3386 4230 4397 
520 1138 2399 3387 4231 4477 
819 1613 2183 3388 4232 4484 
462 1573 2525 2882 3650 4930 
820 1015 2234 3240 4149 4518 
385 1052 2311 3336 3786 5082 
821 1671 2375 2790 4233 4704 
79 1607 2524 3149 4074 5062 
135 1079 1761 3264 3523 4306 
611 1671 2014 2664 3512 5028 
751 1330 2433 3051 3661 4478 
171 1584 1854 3379 4031 4672 
822 1433 2444 2913 3622 4737 
52 978 2344 3194 4063 4942 
775 1672 2427 3273 3790 4978 
713 1004 1748 3389 4210 4877 
498 1449 2266 3368 4211 4393 
119 1673 2482 3166 3333 4645 
333 1574 1938 3101 4234 4917 
341 1215 1740 3390 4235 4507 
410 1284 1947 3230 4007 4576 
101 1674 2526 3015 4112 4984 
417 1590 2099 3384 3899 4514 
108 1655 2406 3341 3780 5041 
761 1459 1842 3391 3680 4936 
823 985 2459 3192 4233 4737 
542 1312 2261 3322 4236 4969 
299 1438 2519 3203 3473 4466 
824 1231 2092 3392 3988 4992 
430 1222 2435 3390 4139 4355 
367 1159 2066 3102 3445 4700 
805 1624 1899 2685 3610 5074 
825 1639 1975 2917 3823 4979 
773 1414 2012 3292 3909 4802 
280 984 2310 3393 3958 4731 
633 1387 1921 2620 3753 4811 
826 1617 2111 3292 4048 4398 
332 1504 2403 2637 3440 4904 
573 1126 1906 3394 4237 4893 
48 1675 1789 2635 3798 5083 
779 1623 2527 3138 3964 4465 
827 908 2191 2711 3540 4616 
677 1484 2240 3329 3534 4990 
680 953 2065 2865 3641 4614 
796 1512 2115 2910 4098 4961 
581 961 1995 2806 3596 4314 
300 1606 2427 3345 4069 4802 
551 1676 1914 3080 4233 5012 
827 1625 2458 3395 4214 5056 
682 1467 2489 2889 3280 4272 
645 1338 1993 3243 3908 4877 
166 1677 1950 3173 3957 4985 
517 1529 2497 3396 3931 5084 
784 1622 2018 2711 4238 4481 
519 1305 2467 3397 3839 4527 
202 866 2528 3398 3752 4989 
685 983 2116 2978 4228 4881 
394 1441 2168 2931 3864 4546 
60 1362 2154 2925 3872 5085 
451 1239 2474 3246 3857 4418 
298 1678 2056 3113 3837 4856 
93 1486 2124 3300 3890 4667 
163 1379 2322 2687 3960 4486 
281 1453 1804 3399 3652 4422 
693 865 2529 3293 4226 5063 
201 1112 2530 3380 3787 4939 
828 1560 1970 3086 4147 4512 
211 1393 2531 3265 4200 4277 
314 1367 1977 2916 4239 4562 
663 1424 2071 3189 4136 4901 
829 1273 2532 2764 3549 4851 
826 875 2175 3174 3830 5086 
427 1596 2461 3400 3555 4726 
659 855 2451 3043 4240 4668 
830 890 2353 2888 4004 4712 
829 1287 2213 2909 3536 4399 
800 1010 2522 2643 4241 4908 
346 930 2533 3223 3791 5087 
389 1168 2534 3327 4065 4559 
731 983 2330 3242 4061 4845 
793 1679 2055 2875 4215 4450 
587 1421 1834 3195 4114 4903 
637 1347 2535 3281 4242 4870 
705 1111 2536 3313 3928 4886 
471 1071 2078 3130 4199 4712 
695 878 1718 3401 4235 4797 
120 1662 2102 2745 4243 4618 
752 1131 2409 3267 4049 4586 
398 1570 2491 2952 3568 4636 
707 1589 2399 3350 3897 4892 
418 1260 1899 3044 4068 4820 
717 1659 1876 2733 4171 4887 
557 928 2536 3366 4244 4610 
229 1139 2276 3032 3665 5001 
115 1424 2537 3336 3910 5088 
794 1324 2280 2869 4193 4884 
320 1492 1871 2791 4179 4581 
365 1680 2538 3250 3953 4684 
828 1354 2109 2802 3683 5082 
595 1413 1968 3157 4146 4732 
470 1087 2522 2946 3469 4654 
330 1681 2185 2944 3993 4328 
144 1178 2539 3085 3528 5089 
648 1466 2108 2685 4199 5026 
147 925 2439 2577 4245 4437 
753 1636 2145 2804 4032 5090 
84 1646 2446 3098 3802 5091 
602 1630 2000 2921 4083 4433 
86 1350 2396 2608 4114 4278 
791 1625 2533 3268 4246 5069 
829 1682 2148 3056 3944 4852 
521 861 2412 3044 3903 4651 
244 1491 1724 3144 4242 4406 
728 1477 2036 2705 4222 4584 
639 1324 2491 3065 3459 5046 
822 1666 2009 2692 4247 5005 
278 1658 1913 2640 4028 4279 
741 1443 1984 3177 3670 5050 
821 1520 2236 3013 3959 4648 
123 1561 2194 3402 4082 4741 
823 1094 2540 3255 4025 4974 
4 1052 2456 3403 4248 4671 
146 1663 2252 2765 4249 5025 
470 1615 1815 3404 4250 4377 
222 1581 2370 3400 4239 5092 
831 999 2260 2885 4251 4327 
544 1326 2326 3047 4189 4759 
508 981 1743 3381 4238 4648 
670 1115 2483 2926 4244 4569 
462 891 2004 2699 4181 4938 
740 1683 2184 3237 4221 5035 
614 1335 2022 3369 3727 4714 
555 1658 2084 3146 3776 4582 
820 1076 1998 3399 4175 4827 
646 1319 2467 3095 4027 5092 
194 1684 2541 3112 3619 4726 
832 1170 1751 3130 4186 4535 
736 1427 1858 3405 3962 5041 
324 999 2542 2973 3982 4926 
321 1507 2050 2843 4252 4994 
833 1382 2416 3310 4048 5009 
807 942 2524 2990 4148 5018 
261 1103 2543 2617 3709 5093 
217 1540 2544 2654 3863 4552 
774 1502 1999 3082 3318 4899 
165 882 1619 2860 4222 4981 
476 1685 2504 3385 4216 4639 
738 1315 1893 2787 4135 4823 
291 1082 2531 3030 4212 4747 
572 1431 2466 3393 3671 5020 
463 1686 1976 3396 4237 4801 
668 1687 1942 2621 4253 4908 
834 1472 2137 2590 4062 5094 
518 1417 2006 2975 4120 4278 
537 1293 2420 2630 4239 4680 
835 1679 2512 3406 4018 4793 
531 1688 2470 3312 3997 5008 
603 962 2106 2862 4254 4466 
481 1067 1744 3290 4170 4520 
828 1069 2171 2935 4099 4864 
135 1665 2492 3256 4130 4514 
403 1185 2321 3407 3917 4333 
580 949 2477 2901 4223 4387 
297 953 2431 3227 3514 4295 
330 883 2545 3136 3996 4322 
212 869 2515 3251 4142 4659 
64 1562 2490 3311 3889 4662 
282 1435 2288 3203 3690 5095 
740 962 2462 2889 3421 4436 
177 977 2465 2673 4163 4783 
708 1080 2447 3386 4034 4867 
811 1239 1955 3270 4255 4964 
55 1641 1705 2921 4105 5037 
758 1356 1903 3170 3954 4841 
833 1224 2189 2861 3534 5096 
632 1123 1949 3361 4207 5046 
636 1664 2456 2661 3587 4508 
760 1334 2546 2651 4098 4443 
349 1674 2339 2888 3932 4957 
585 1510 2532 3315 4157 4982 
836 1672 2305 2907 4183 4632 
823 1443 2081 2862 3658 5097 
837 1090 1782 3404 4236 4791 
315 1440 2411 2710 4256 5034 
615 1393 2056 2778 4235 4735 
497 1391 1765 3378 3468 4593 
717 1396 2437 3187 3505 4308 
505 1557 1997 2860 4245 4847 
696 1355 2046 2699 3459 4929 
826 1384 2081 3039 3763 4592 
773 1689 2547 3185 3201 5098 
508 1664 2008 3040 4137 4661 
190 1683 2211 3317 3982 4730 
5 1410 1913 3033 4127 5088 
66 1374 2030 3157 3867 4824 
256 950 2512 3000 4240 4992 
761 1579 2455 3091 4022 5073 
617 1245 1757 2969 3821 4639 
838 1554 2155 3408 4211 4381 
270 916 1784 2632 3664 5059 
175 1657 2123 3298 3766 5099 
817 861 2334 2657 4070 4304 
822 1218 2002 2724 4207 5006 
354 1305 2218 3156 4060 5091 
677 1490 1853 3229 4194 4999 
839 1356 2331 3191 4125 4280 
478 972 2052 2767 4097 4855 
10 1038 1709 3409 3900 4921 
83 1145 2085 2940 4052 4924 
818 1117 2356 3221 4202 4773 
840 1661 2436 3337 4257 4923 
341 1576 2368 2849 3757 4873 
748 894 2300 3410 3868 4752 
683 1367 2518 3102 4258 4943 
597 1653 2246 3297 3443 4628 
423 1427 1812 3411 3701 4972 
683 1618 2220 2788 4087 4842 
832 1023 1937 3400 3885 5081 
693 1568 1978 2756 4259 5071 
194 1392 1775 2610 4227 4634 
15 1538 2548 3412 3519 4577 
116 1420 2549 2779 4216 4949 
679 1659 2307 3413 4260 5096 
638 1499 2550 3059 4159 5014 
418 1612 1959 2642 4257 5084 
9 1045 2539 3303 3593 5100 
118 1076 2429 3111 4173 5086 
841 912 2142 2899 4001 4951 
550 1617 2221 2940 3647 4833 
523 1447 1972 3349 3551 5032 
383 1468 2228 3414 3443 4353 
354 1683 1985 3093 3481 5068 
380 1285 1815 2579 3663 4990 
235 1670 1828 2936 3592 5101 
452 1631 2348 3274 4084 4568 
651 934 1984 3040 3470 4812 
340 1303 1801 2731 4038 5016 
411 974 2421 3415 3548 5061 
708 1684 2273 2981 3963 4730 
766 1586 2306 3216 3490 5102 
133 1682 2551 3396 3655 5094 
395 1690 1953 3320 4030 4998 
786 1193 2471 3052 3738 4651 
774 1386 2351 3022 3252 4365 
698 1390 2552 3010 4173 4475 
484 944 2487 3272 3465 4947 
842 1691 2413 3388 3950 4356 
46 1692 2501 2937 3803 4328 
490 1198 1883 2727 4231 4671 
282 1546 2292 3399 4035 4870 
843 960 2309 3098 3773 4369 
590 1609 1821 3387 3870 4472 
841 1563 2180 3307 4146 4949 
258 870 2533 3128 4111 4827 
419 1660 2114 3023 4164 4548 
322 918 2425 3112 3593 5066 
87 1033 2553 3011 3816 4988 
782 1500 2234 3343 4256 5102 
568 1402 2437 2573 4261 4841 
563 959 2262 3269 4196 4346 
772 1662 2447 3132 3968 4964 
157 1693 2289 2714 4088 4469 
215 1439 2068 3416 3553 4456 
288 1345 1831 2812 4262 4800 
704 1267 2538 2883 3849 5100 
802 1638 2540 3168 4155 4919 
171 1506 1912 3180 4129 4972 
474 1162 2436 3236 3567 4838 
428 1184 2554 2757 3813 5103 
85 1399 2555 3354 4169 5039 
17 1572 2217 2768 3827 4302 
581 1485 1927 3038 3414 4461 
503 1580 2096 2664 3888 4354 
804 1041 1895 3367 4219 4376 
429 966 2486 3238 4140 4897 
289 980 2091 3179 3613 4782 
458 854 2416 2952 4160 4565 
750 1051 2039 3301 3507 4772 
747 1578 1811 3397 4172 4811 
210 1694 1951 3018 4170 4843 
267 1678 2198 3324 3708 4570 
495 875 2508 3280 3701 5013 
327 1371 2186 3331 3985 4412 
762 1223 2507 3389 4180 5056 
176 1486 2487 3365 4055 4723 
657 1341 2142 3162 4014 4427 
505 1201 2206 2714 4090 4734 
343 1026 2556 3035 3628 4857 
618 1669 2361 3287 3785 4562 
795 1011 2005 2840 3789 4338 
694 955 2349 3373 4259 4844 
14 1681 1933 2775 4208 4962 
89 1479 2407 2834 3483 4401 
825 1234 2380 3319 3995 4995 
201 1591 2314 2871 4172 5084 
574 1425 1724 2992 4137 4607 
513 1475 1995 2652 3505 4337 
571 1695 2498 3278 4095 4786 
629 1293 1909 3325 4226 4855 
601 1577 2244 3276 3922 4836 
499 1203 2445 3411 3856 4706 
113 1035 2085 3019 4152 4666 
567 1302 2283 2731 4133 4938 
450 986 2035 3417 3721 5076 
156 971 2527 3105 4263 4909 
764 1691 1875 3012 4180 4699 
762 1534 2278 3363 3872 4409 
252 1249 2506 3182 4253 4580 
361 1036 1808 2767 4141 4977 
814 1621 2335 2703 4264 5079 
107 1555 2395 3027 4252 5044 
710 1611 2125 3305 3671 4725 
468 1308 1839 2868 3760 5081 
843 1194 2257 3417 3583 4741 
590 1097 2331 3178 3803 5053 
276 1098 2405 3042 4193 4454 
262 1696 2545 2876 4232 4397 
174 1063 2153 2674 3524 5033 
363 1680 1928 3226 4249 4948 
836 1509 1723 3082 3525 5104 
292 1404 2380 2600 4144 4625 
35 1638 2284 3361 3734 4430 
237 864 2538 3059 4179 4296 
844 1248 2139 2916 3709 4402 
471 1559 2557 3009 3703 4423 
177 1530 1752 3251 3522 4724 
626 1523 2101 2774 3608 4598 
564 1108 2511 3139 3882 4363 
625 1060 2514 3342 3449 4332 
735 1556 1864 3418 4263 4912 
622 1019 2528 3142 4100 4650 
104 1002 2558 3048 4219 5105 
835 1182 2125 2720 3595 5106 
161 1529 2341 2749 4115 4366 
579 1145 2146 3394 4159 4688 
232 1677 2357 2607 3969 5107 
742 1065 2526 3419 3852 5108 
543 1036 2488 2923 3518 4339 
791 880 2225 3228 3668 5051 
113 1694 2248 3408 3504 4874 
605 1112 1813 3077 4010 4376 
835 931 1988 2824 3913 4663 
488 1539 2477 3087 3582 4890 
352 1041 2541 2586 3526 4999 
845 1596 2256 3150 3854 5109 
709 1682 1861 2793 4075 4770 
253 1102 2469 2975 4002 4426 
790 1409 2401 3053 3477 4658 
546 1028 2243 3348 3811 5039 
815 993 1750 2864 3589 4920 
716 1652 2523 3016 4162 5003 
5 1651 1938 3150 4072 4941 
122 1079 2548 3117 4236 5013 
567 1202 2559 3420 3678 4878 
696 1043 2326 3368 3533 5073 
185 1530 2550 2893 4015 5090 
518 1077 2049 2736 3652 4909 
93 969 2433 3278 4234 4462 
139 1541 2197 3412 4066 4558 
278 963 2560 3035 4014 4676 
465 1641 1972 3421 4133 4953 
624 1513 1746 2838 4188 4550 
318 1268 2013 3158 4247 4549 
244 973 2241 3321 4206 4524 
3 1436 2270 3099 3702 4790 
644 1681 1941 3019 3770 4531 
91 1644 1951 2900 4257 4260 
324 1511 1850 3406 3419 4859 
841 1091 2482 3420 3835 5076 
1 1564 1706 3374 3698 4586 
795 1322 2313 3422 3920 4866 
599 1678 2438 2777 4099 5047 
783 1697 2080 2992 4143 4681 
112 1183 2362 3423 4000 4297 
727 871 2506 2884 3914 5078 
382 1667 1748 2606 4140 4448 
337 885 2141 3383 3565 4313 
154 1698 2509 2766 3949 5101 
346 1539 2408 3103 4184 4342 
547 1212 2311 3143 3574 4798 
578 1248 2417 2627 3700 4707 
689 1471 2182 3229 4086 4917 
593 957 1714 3415 4028 4471 
649 892 1740 2592 3323 4334 
569 1461 1983 3391 3500 4351 
736 1137 2501 2746 3739 4636 
213 1008 1746 3393 3550 4364 
20 970 2498 3186 3788 5020 
780 1158 2307 2999 3990 4931 
688 1699 2561 3353 4053 5004 
232 918 2323 3414 4042 4399 
585 1042 1873 3241 3860 4441 
209 923 2325 2933 4012 4736 
266 1686 2375 2665 3977 4926 
504 1279 2421 3097 3539 4394 
798 1243 2203 2632 4119 5109 
325 1499 2200 2675 4197 4930 
18 919 1845 3151 4241 4973 
619 1667 2100 2461 4203 4822 
246 1620 1922 2592 4017 5099 
408 1308 2112 3282 4242 5050 
227 1177 2045 3302 4263 4579 
204 1680 2481 2718 3783 4385 
129 1119 2510 2679 4165 4553 
586 1159 2535 3285 3431 4660 
228 1143 1860 3314 3535 4475 
576 897 2176 2991 4147 4422 
155 1550 2500 3144 4162 4446 
416 1144 2104 2797 3812 4844 
124 1414 2258 3380 3676 5019 
238 1568 2551 3406 3679 4387 
392 1213 2517 2984 3480 4607 
643 1432 1811 3152 3796 5075 
340 1476 2324 2880 3566 4463 
797 1066 1857 2924 4061 5110 
779 1260 2434 2771 3838 5092 
543 1603 2562 2974 3653 4861 
565 1280 2563 2926 4166 5106 
596 1675 2363 3254 4265 4849 
562 1623 1783 3252 3901 5072 
141 1059 2386 3141 3727 4642 
384 1497 2370 3089 3926 4609 
475 996 2452 3074 4266 5111 
284 1660 2544 3031 3734 4311 
81 1507 2160 3250 3585 4657 
631 1585 2086 3401 3722 4405 
440 1236 2499 2883 4267 4834 
431 946 2564 2982 4142 5071 
477 1155 1904 2977 3702 4622 
583 1453 2463 3006 4268 4375 
443 1562 1849 3122 3212 5100 
760 1603 1745 3391 3660 4551 
763 1639 2539 3397 4246 4507 
11 1025 2193 3398 4043 5052 
645 1175 2543 2814 3952 5057 
824 1585 1993 2957 3829 4799 
563 1328 1846 3132 4051 4356 
445 1411 2545 2806 4081 4637 
362 1185 1787 2423 4230 4268 
147 1457 2555 3115 4251 5042 
257 1689 1892 3371 3444 4641 
629 1257 2190 2781 3800 5035 
724 1700 1881 3235 3588 4437 
827 904 2443 3346 3827 4670 
734 965 2024 3184 3736 4367 
364 1656 2333 3413 4232 4743 
815 1699 2222 2836 3929 4516 
783 868 2281 3193 4029 4633 
456 1446 1998 3245 4171 5112 
540 1459 2191 3110 4250 5083 
28 1566 2470 2665 4106 5113 
720 997 2422 3376 4217 4369 
846 1563 2373 2769 3517 4319 
801 1261 1994 2682 3731 4282 
54 1701 2385 3299 3904 4509 
96 1688 2332 3128 4269 4488 
526 1632 2343 2702 3537 4693 
481 1456 2117 2911 3566 5049 
553 1243 2242 3352 3747 4850 
684 1250 2474 2881 4065 4967 
700 1684 2212 2833 3491 5087 
847 1339 1716 3345 4124 5114 
634 1546 2515 2768 3672 5017 
360 1430 2357 3140 4144 4748 
707 1337 2458 2924 3568 4294 
848 1654 2457 3405 3501 4903 
718 1264 1854 3282 3921 4694 
839 1153 1970 3337 4029 5091 
575 1622 2031 3358 3695 4281 
109 982 2419 3424 3861 4960 
263 1371 2554 2644 4269 4879 
249 968 2520 3366 4195 4979 
549 937 1717 3425 3624 4929 
409 1244 2507 3110 3936 4762 
602 1230 2319 2947 3522 4778 
295 1702 2275 3257 4190 4708 
217 1322 1921 2724 3467 5012 
277 1223 1823 3347 4000 4444 
385 1026 2077 3181 4262 4831 
236 1098 2553 2828 3655 4491 
332 1668 1790 3426 3843 4883 
393 964 2500 2578 3778 4510 
444 1018 1818 3356 4016 5115 
742 1513 1802 3197 3622 4352 
592 1670 2565 3054 4076 4679 
721 1057 1838 3339 3819 4863 
276 1703 2566 2753 3609 4860 
117 1698 2030 3376 4212 4694 
556 1023 2080 3202 3925 4833 
132 1415 2033 3427 3976 4880 
423 1548 2472 3202 4090 4664 
642 1258 2328 2812 3911 4317 
587 1277 2372 2896 3720 4978 
735 1363 2116 2609 3589 5106 
496 1246 1845 3304 4208 4683 
2 1567 2273 3315 3607 5015 
819 1381 2364 3215 3633 4835 
268 1643 2567 2578 4158 4976 
714 1457 2291 3184 3858 4969 
37 1634 2347 2785 3906 5087 
447 1048 1712 3394 3502 5036 
466 1700 2505 2668 3784 4667 
703 1636 1997 3377 3586 5057 
127 1669 1823 2628 4218 5032 
66 1298 2508 3126 3503 5033 
706 972 2484 3408 4214 5095 
806 933 2497 2633 4264 4483 
372 1531 2260 2947 3956 4373 
305 1552 2195 3351 3805 4478 
812 872 2568 3375 3487 4868 
658 998 2362 2803 4223 5055 
344 1512 2403 3333 4080 4971 
803 1600 2376 2898 3669 5112 
727 1009 2140 3310 4107 4505 
294 1542 1769 2827 4206 4395 
53 1630 2327 3428 4160 4340 
131 1516 2353 3423 3945 5054 
196 1653 1745 3004 3715 5029 
744 1054 2236 2990 4234 4758 
623 1398 2377 2988 3599 4912 
408 1558 1826 2649 3772 4853 
480 1187 2016 2513 3615 5002 
675 1343 2202 2776 4156 4749 
655 1053 2224 2928 4205 4357 
314 1637 2067 3364 3573 4720 
655 1473 2199 3410 4252 4829 
811 1405 2479 2771 4122 5115 
431 1696 2441 3275 3845 4434 
27 1704 1901 3388 4258 4537 
105 883 2298 2729 3846 5053 
847 1534 2453 3139 3621 5006 
522 1403 2489 2752 3743 4286 
397 1676 1897 3405 3508 4503 
258 1654 2249 3378 3497 4348 
723 1592 1661 2965 4261 4388 
792 1690 2523 2553 3784 4504 
849 1498 1926 2780 3656 4819 
539 1469 2342 2918 4204 5116 
513 1236 2476 3429 3883 4857 
816 1206 2212 3104 4007 4300 
459 1537 1717 2895 3638 5097 
223 1640 1883 3177 3974 4813 
494 1404 2316 3117 3765 4793 
844 1295 2209 3092 4047 5031 
833 1574 2526 2886 3446 4714 
488 1142 2455 3008 3810 4665 
264 1085 2389 3418 4154 4922 
814 1455 2226 2826 3764 4477 
850 1705 2036 3266 4103 4592 
848 858 2268 2912 4240 4961 
11 1528 2315 2770 4270 4498 
626 1600 2387 3208 4059 4755 
820 1502 2394 3377 3895 5116 
724 1171 2551 2696 3492 5080 
756 1521 2365 3230 3575 4820 
331 1536 1907 2989 4265 4410 
523 1289 2038 3088 3658 4345 
319 1706 2333 2715 3776 5117 
714 1000 1945 3430 4248 5113 
661 938 2407 3055 3820 4779 
641 1415 2554 2857 3940 4769 
200 1572 2547 3427 4260 4742 
374 1506 2494 3001 4084 5004 
498 1205 1943 2562 3851 5008 
151 1627 1884 2567 4202 4513 
176 1049 2559 2821 3610 4789 
813 1277 2025 3225 4075 4361 
675 1269 2000 2813 3873 4547 
237 1607 2295 3324 4253 4732 
407 1610 2517 3081 3457 4647 
388 889 2502 3231 3463 5118 
612 1651 2283 3209 3693 4965 
836 1106 2393 2721 4042 4983 
77 1532 2513 3420 4044 4349 
230 1347 1932 3002 3495 4878 
698 1226 2531 3076 3807 4622 
178 1593 2043 3020 4130 5115 
673 1679 2552 3379 3868 4962 
606 1202 1925 2392 3975 4688 
464 1564 2374 3121 4013 4784 
483 1702 1728 3074 4109 4594 
379 1633 1862 3274 4078 4963 
851 1449 2074 3268 3910 4300 
357 1381 1738 2831 3571 5103 
56 1536 2546 3411 3648 5036 
109 1696 1814 3401 3578 5110 
728 1240 1767 3241 3907 4839 
637 954 2262 2464 3551 4717 
842 1383 1729 2901 4244 5063 
852 1217 2263 2908 3577 4976 
166 1483 2214 3410 3509 4816 
652 1707 2301 2694 3744 4444 
320 1274 2023 3424 3491 4391 
821 1256 2196 3321 3662 4997 
370 1038 2248 2613 4037 4910 
180 1645 1894 2781 3961 5078 
840 1191 1725 2825 3939 5077 
641 1533 1947 2766 4049 5119 
26 1386 2159 3307 3742 4431 
851 1044 2521 2782 4231 5044 
853 1042 2332 2801 4250 4995 
504 1708 1905 2580 4224 4528 
781 1652 1885 2734 3949 4946 
522 1560 2156 3163 4126 5064 
514 1462 2568 2868 4011 4755 
674 1173 1735 3419 4264 5117 
604 1676 2211 3033 3729 4447 
712 1614 1862 3276 3659 5080 
781 1164 2547 3350 4245 4966 
6 1439 2529 3061 3898 4453 
40 1527 2016 2601 3356 4669 
69 1708 2521 3431 3732 4661 
223 1435 1780 2572 3852 4970 
616 1128 2372 2791 3998 4889 
161 1368 1703 3045 4019 4670 
837 1307 2223 2877 3673 5023 
112 1699 2201 3238 3834 4449 
796 1709 2473 3432 3957 4584 
532 949 1870 3249 3759 4643 
199 1376 1825 2951 3722 4656 
556 1369 2565 2899 4267 4871 
335 1360 2055 2805 4174 5045 
754 1635 2408 3213 3656 4470 
538 1207 1762 3288 4266 4631 
719 1088 1985 3247 4227 4635 
359 901 1978 2680 3570 4916 
312 1295 2473 3330 3669 4913 
377 1221 1791 2590 3938 4871 
512 1434 1865 3070 4118 5112 
380 1428 2396 2942 3631 5017 
850 1056 2449 2884 3480 4523 
529 1464 2109 3429 4116 4310 
146 887 2457 3200 3884 4918 
793 1417 2282 3057 3716 4900 
455 1219 1943 2576 3919 5025 
840 1517 2066 3299 3980 4494 
191 1567 2495 2894 4143 5028 
70 1557 1743 3176 4225 4768 
540 1342 2503 2705 4052 4646 
259 1448 2369 3270 3382 5086 
810 1710 1908 3237 4168 5026 
854 1423 2156 3430 3887 4291 
390 1428 1840 3214 4265 4503 
776 1353 2550 3095 4116 5116 
718 1704 2529 2998 3945 4927 
500 1272 2564 3291 3439 5068 
663 1526 2557 2996 3964 4599 
784 1216 1987 3172 4153 5040 
259 1700 2218 3413 3677 4862 
853 1626 2031 3070 4097 4323 
406 1065 2198 2581 3287 4959 
188 1045 2302 2925 4077 4952 
242 1397 1754 2743 4270 5074 
831 1711 2426 3186 3842 5120 
188 1072 1761 3375 3712 4954 
571 1468 2295 2835 4022 4384 
116 1693 2423 3106 3779 4344 
345 864 2118 3426 3967 5011 
219 1561 2556 2873 3519 5055 
848 886 2294 2732 4178 4805 
376 1405 2259 2794 4001 4424 
656 902 1875 2736 3804 5003 
285 1673 2041 3415 3799 5060 
766 1301 2502 2676 3791 4425 
273 1460 1853 2989 4225 4707 
847 1156 2561 2934 4067 5111 
850 1451 2133 3433 3499 4567 
421 1686 1762 3050 4243 4413 
765 1250 2302 2689 3506 4621 
558 1290 1981 3371 3691 4894 
228 1591 2452 2684 4145 4326 
401 1510 2475 2871 3744 4345 
12 1407 2471 3092 3620 4753 
700 1238 2381 3269 3939 4396 
555 1434 2569 3434 3542 5085 
180 1343 2535 2671 3929 4935 
106 995 2462 3435 3794 5070 
365 882 2542 2903 3987 4415 
691 1314 2570 3155 4050 4756 
739 914 1895 2983 4187 5024 
31 1590 2202 3372 4006 5104 
342 1655 2184 3309 4255 4613 
558 1570 2344 3409 3981 4728 
461 1581 1716 3330 3563 4809 
362 1646 2534 3135 4191 4809 
355 1624 1996 2622 4095 4681 
577 1316 2374 2670 3486 4573 
153 1490 2404 3432 3584 5109 
594 1093 2389 3127 3335 4740 
247 1062 2540 2903 4156 4944 
803 1338 2478 2597 4020 5095 
754 879 2516 3142 3717 5059 
730 1647 2318 3331 3675 4490 
804 1492 2525 3318 3629 5108 
68 1628 2082 3407 3850 5027 
834 1710 2335 3432 4178 4987 
684 1364 1796 2659 3467 5085 
769 1306 2136 3357 3558 5083 
843 1101 2406 3025 4110 4647 
654 1058 2422 2630 3637 5113 
785 1158 2280 3152 4054 4982 
610 1571 2468 3340 3591 5117 
304 1001 2544 3360 3928 4863 
830 1525 2029 2653 3953 5067 
767 1531 1817 3108 4053 5107 
75 1635 2192 2994 3453 5067 
845 1133 2359 3064 3646 5082 
825 1361 2126 2993 3438 4933 
296 986 2231 3340 3478 4542 
261 1677 1788 2840 4154 4406 
782 1707 1960 2999 3494 4686 
770 894 2105 3201 4181 4697 
744 1299 2005 3313 4161 4533 
193 1575 2173 3385 4069 5027 
837 1690 2404 2895 4122 4787 
763 947 1941 2933 3782 5104 
502 1649 2301 3353 4150 4398 
846 1416 1763 2881 3985 4368 
751 1712 2127 2709 4255 4500 
13 917 2409 3277 4259 4650 
845 1115 1930 2944 3956 4298 
137 1693 2124 3398 3774 5009 
426 1605 2549 3064 3685 4468 
114 1034 2454 3279 3921 4358 
671 1309 2534 3047 3911 4554 
676 1524 2419 3341 3992 5119 
809 961 2459 3409 4164 4862 
511 1141 2571 3382 3729 5065 
88 1448 2485 3295 4046 4655 
620 1497 2454 3060 3771 4882 
813 1628 1832 3198 4271 4298 
536 1482 2226 3067 3895 4968 
250 1642 2460 3412 3728 5089 
336 926 2530 3374 3462 5108 
63 1697 2488 2920 3694 4627 
775 1217 2010 3386 4012 5119 
225 924 1841 3137 3579 4998 
34 1709 2291 2842 4057 4323 
806 1495 2235 2698 4127 5105 
697 1126 2320 3034 4215 4432 
391 1545 2271 3041 4135 4725 
347 1017 2298 2995 3332 4652 
160 1543 1918 3334 3873 5094 
832 1520 2446 2757 4272 4888 
451 1601 2164 2859 4033 4641 
420 1375 2565 3421 4273 4944 
226 1389 2351 2798 3552 4882 
831 1028 1795 3346 4134 4850 
690 991 2442 3159 3439 4453 
703 957 2397 3404 3557 4579 
363 1188 2315 3222 3434 4896 
173 1598 1758 2852 4023 5022 
454 1618 2569 2723 3507 4897 
788 1548 1719 2752 3384 5103 
628 1698 2091 3012 4087 4925 
67 1673 2194 3259 4238 4991 
288 1503 1962 3367 4079 4709 
614 1614 2222 3289 4079 4325 
598 1325 2428 3129 3560 4284 
710 1445 2021 2754 3688 4848 
741 1379 2073 3087 4213 4415 
391 905 2400 3422 4112 4896 
310 1521 2492 2853 3978 5107 
17 1442 2516 3425 3926 5088 
449 1597 2025 3027 3418 5097 
607 1251 1897 3030 4039 4780 
739 1487 2428 2960 4201 5016 
506 975 2562 3335 4200 4435 
400 1705 2394 2633 3716 5054 
528 998 2510 3416 4185 4994 
167 1556 2572 3355 3966 4956 
842 1214 2371 3246 3706 4953 
527 1462 2434 3279 3751 4386 
366 1704 2210 2874 4189 4505 
713 1333 2340 3207 4009 4495 
493 1281 2011 2760 3875 4766 
439 1650 2483 2603 3580 4768 
375 1629 2103 3326 3849 4980 
816 1594 2563 3428 4157 4940 
777 1588 2130 3342 4228 4517 
440 1599 1776 3086 3445 4970 
387 1189 2257 3209 3543 4580 
769 1275 2162 2905 4109 4611 
667 1252 1751 3283 4166 4370 
307 1515 1715 2991 3596 4251 
183 1694 2229 2701 4210 4985 
128 1002 2391 3392 4175 5099 
148 1685 2414 3389 3501 5029 
838 1096 2451 2738 3663 4977 
778 1426 1886 3084 3775 5037 
90 1675 2480 3431 4043 4920 
315 1481 2420 2938 4015 5058 
73 1385 2430 3359 4161 4826 
849 1637 2290 3096 3894 4654 
640 1046 2527 2693 3882 4565 
51 1004 2548 3159 3188 4818 
695 1433 2133 3008 3704 5090 
753 1167 1869 2626 4237 4310 
202 1656 2108 2799 4136 5114 
245 1665 1979 3212 3860 5118 
570 1495 1884 3066 3239 5000 
150 1331 2359 2765 3913 4452 
546 1608 2345 2686 3836 4744 
802 930 2100 3407 3585 4602 
580 1706 2078 3068 4031 4906 
85 1535 2259 2799 4213 4876 
687 1687 2569 2997 4182 4837 
620 1657 2111 3322 4198 4804 
817 1672 1812 2841 3468 4656 
800 1003 1807 3392 3786 4457 
743 1640 2543 2872 3190 4617 
687 1187 2275 2574 4248 4687 
653 1222 1935 3160 3524 4452 
433 942 2061 2719 4016 5052 
473 1384 2155 3351 3970 4288 
76 1689 2237 2966 3533 4573 
552 1554 2390 2566 4256 4715 
497 1504 1868 2878 3943 5064 
750 1285 2514 2751 4188 4760 
809 1081 2214 3127 3180 5110 
628 1146 2350 2737 3861 4299 
173 1377 2560 3258 4151 5102 
705 1668 2048 3164 4201 4757 
527 1214 1991 3096 3454 4923 
852 1421 2520 3387 4063 4991 
699 1432 2528 3295 4057 4702 
260 1022 2532 3436 3925 5043 
671 1685 2166 3101 4110 4479 
834 978 2293 2824 3992 4312 
207 1070 2411 2794 4082 4618 
83 1701 2475 3358 3471 4292 
787 1037 1873 3206 3586 4637 
630 929 1908 3348 3629 4812 
434 1613 2549 2582 4195 4987 
436 1192 1807 2963 3880 5120 
403 1634 2034 3316 3951 4289 
812 1584 2205 2822 3648 4796 
738 1146 2264 2841 3874 5038 
692 1140 2087 3425 4011 5058 
582 1373 2468 2681 4108 4359 
621 1344 1989 2602 3723 5105 
853 1376 2542 3043 3626 4643 
805 1241 2530 3050 4177 4674 
186 1711 2388 3355 4254 4721 
537 1599 2208 2636 3564 5060 
591 1302 2499 2953 4229 4674 
575 897 2127 2979 3774 4872 
681 1372 2137 2950 3477 4532 
607 1663 2398 3373 4059 4693 
788 1237 1929 2866 3464 4778 
757 940 1992 2959 3579 4329 
787 1204 2518 2995 4088 4981 
810 1178 2386 2481 4229 4840 
849 1197 2062 3007 3946 5077 
72 965 2352 2735 4060 5061 
547 1697 1952 3370 3974 4902 
569 1593 2572 3266 4158 5120 
844 1692 1867 3025 3878 4663 
31 1500 2220 3175 3562 4849 
721 1232 2418 2645 3626 5098 
381 939 2243 2624 3615 4293 
756 857 2237 3222 4073 4445 
305 1114 1849 3058 3757 4561 
428 904 2343 3344 3725 5000 
846 1163 2573 3231 4198 4527 
838 1401 2378 2861 4177 4424 
630 1692 2448 3161 4100 4624 
214 1532 1981 2917 4217 5022 
184 1587 2072 2571 4197 4718 
635 1231 2476 3334 3846 4545 
609 1688 2007 3003 4241 4695 
730 884 2007 2969 4005 4777 
794 1064 1822 3057 4036 4696 
7 1467 2180 3403 4258 5030 
755 1064 2541 3437 4138 4285 
650 1251 2305 2867 4068 4629 
37 1299 2560 2755 3692 5048 
743 874 2495 3434 3762 4752 
771 1604 1896 3402 4220 4750 
496 1514 2097 3140 3627 5096 
515 1691 2415 2949 4006 5114 
255 1687 2131 3328 3748 4468 
350 1611 2205 2904 3792 4832 
789 979 2398 3052 4045 4655 
839 1645 1810 2666 4182 4575 
767 1276 2209 2703 4118 5098 
548 1168 2469 3422 4169 4872 
661 1320 2050 2857 4192 5075 
256 1493 1831 3325 3603 4973 
759 888 2383 3100 4224 4692 
808 1181 1738 3126 4073 5093 
702 1007 2169 3402 3984 5093 
830 1703 2132 2971 4273 5023 
682 1063 1865 3436 3787 5101 
105 1144 1964 3193 3664 4432 
807 1610 2494 2695 3493 5042 
510 963 2449 2809 3798 4868 
851 951 2388 3162 4191 4446 
749 1416 1741 3000 3814 4321 
270 1516 2304 3167 4194 4764 
205 1517 2216 3248 3597 4795 
790 1470 2558 2946 4183 5066 
818 1437 1799 3395 3634 4967 
132 1601 1739 3242 3720 4578 
126 1210 2509 3435 4218 4955 
473 1671 1857 3258 3988 4829 
208 1629 1791 2908 3896 4346 
768 1221 2525 3248 4163 5069 
264 1540 2074 3284 4249 4765 
24 938 2504 2563 3781 5079 
824 1282 2164 2599 3819 4764 
594 1573 2371 3244 4047 4269 
583 1399 2037 3154 3463 4538 
819 1125 2552 3294 4254 5010 
615 984 2490 3153 3761 5018 
110 1666 2439 3372 3933 4578 
601 1485 2172 3424 3989 5089 
347 1062 2429 3433 4221 5019 
422 1528 2412 3163 3472 4411 
437 1368 1958 2690 4209 4922 
586 990 2536 2981 3513 5070 
369 1647 1844 3390 3686 5011 
553 1612 2083 3430 4024 4544 
576 1702 2519 3224 3758 5118 
758 1695 2267 2660 4058 5014 
852 1713 1932 2914 3755 4496 
446 1619 2095 3369 4230 5111 
167 1357 1856 3306 3587 4583 
265 936 2027 2958 4155 4861 
