1024
512
0
0
0 1 171 1 345 1 516 1 689 1 856 1 1024 1024
1 1 172 1 346 1 517 1 690 1 857 1 1024 1024
2 1 173 1 347 1 518 1 691 1 858 1 1024 1024
3 1 174 1 348 1 519 1 692 1 859 1 1024 1024
4 1 175 1 349 1 520 1 693 1 860 1 1024 1024
5 1 176 1 350 1 521 1 694 1 861 1 1024 1024
6 1 177 1 351 1 522 1 695 1 862 1 1024 1024
7 1 173 1 352 1 523 1 696 1 863 1 1024 1024
8 1 178 1 353 1 524 1 697 1 864 1 1024 1024
9 1 179 1 354 1 523 1 698 1 865 1 1024 1024
10 1 180 1 355 1 525 1 699 1 866 1 1024 1024
11 1 181 1 348 1 526 1 700 1 867 1 1024 1024
12 1 182 1 356 1 527 1 701 1 868 1 1024 1024
13 1 183 1 357 1 528 1 702 1 869 1 1024 1024
14 1 184 1 358 1 529 1 703 1 870 1 1024 1024
12 1 185 1 359 1 530 1 704 1 871 1 1024 1024
15 1 186 1 360 1 531 1 705 1 872 1 1024 1024
16 1 187 1 361 1 532 1 672 1 873 1 1024 1024
17 1 188 1 362 1 533 1 706 1 874 1 1024 1024
1 1 178 1 363 1 534 1 707 1 875 1 1024 1024
18 1 189 1 364 1 535 1 708 1 876 1 1024 1024
19 1 190 1 365 1 527 1 709 1 877 1 1024 1024
20 1 190 1 366 1 536 1 710 1 878 1 1024 1024
21 1 191 1 367 1 537 1 711 1 879 1 1024 1024
22 1 192 1 368 1 538 1 712 1 880 1 1024 1024
23 1 193 1 369 1 539 1 713 1 881 1 1024 1024
18 1 194 1 370 1 540 1 664 1 882 1 1024 1024
24 1 195 1 371 1 541 1 636 1 876 1 1024 1024
25 1 196 1 372 1 542 1 714 1 883 1 1024 1024
26 1 197 1 355 1 543 1 715 1 884 1 1024 1024
9 1 198 1 373 1 544 1 716 1 885 1 1024 1024
27 1 199 1 374 1 545 1 717 1 886 1 1024 1024
28 1 200 1 375 1 546 1 718 1 887 1 1024 1024
29 1 196 1 358 1 547 1 719 1 888 1 1024 1024
30 1 201 1 376 1 548 1 720 1 889 1 1024 1024
31 1 202 1 377 1 549 1 691 1 878 1 1024 1024
32 1 203 1 378 1 550 1 719 1 890 1 1024 1024
32 1 204 1 379 1 551 1 721 1 891 1 1024 1024
33 1 205 1 380 1 552 1 722 1 892 1 1024 1024
34 1 206 1 381 1 534 1 723 1 865 1 1024 1024
35 1 207 1 382 1 553 1 719 1 893 1 1024 1024
28 1 208 1 370 1 554 1 698 1 894 1 1024 1024
36 1 209 1 383 1 553 1 724 1 895 1 1024 1024
37 1 210 1 384 1 555 1 725 1 896 1 1024 1024
38 1 211 1 353 1 556 1 726 1 897 1 1024 1024
32 1 192 1 385 1 557 1 727 1 898 1 1024 1024
39 1 212 1 386 1 558 1 722 1 899 1 1024 1024
40 1 213 1 387 1 559 1 697 1 900 1 1024 1024
41 1 214 1 388 1 560 1 728 1 901 1 1024 1024
42 1 215 1 389 1 561 1 729 1 902 1 1024 1024
27 1 216 1 344 1 562 1 703 1 903 1 1024 1024
43 1 217 1 390 1 563 1 730 1 904 1 1024 1024
44 1 218 1 391 1 564 1 713 1 905 1 1024 1024
45 1 219 1 392 1 565 1 731 1 899 1 1024 1024
46 1 220 1 393 1 566 1 732 1 906 1 1024 1024
47 1 221 1 394 1 567 1 733 1 907 1 1024 1024
42 1 222 1 376 1 518 1 734 1 866 1 1024 1024
48 1 216 1 395 1 523 1 735 1 908 1 1024 1024
49 1 223 1 396 1 568 1 736 1 909 1 1024 1024
50 1 224 1 397 1 569 1 737 1 904 1 1024 1024
46 1 225 1 398 1 562 1 738 1 910 1 1024 1024
51 1 226 1 358 1 533 1 708 1 911 1 1024 1024
52 1 227 1 399 1 570 1 696 1 912 1 1024 1024
53 1 192 1 400 1 561 1 739 1 913 1 1024 1024
54 1 228 1 401 1 571 1 740 1 914 1 1024 1024
55 1 229 1 402 1 572 1 721 1 915 1 1024 1024
56 1 230 1 403 1 573 1 741 1 916 1 1024 1024
57 1 231 1 404 1 574 1 698 1 884 1 1024 1024
58 1 232 1 382 1 575 1 711 1 854 1 1024 1024
59 1 179 1 405 1 576 1 704 1 917 1 1024 1024
60 1 233 1 365 1 577 1 742 1 918 1 1024 1024
61 1 234 1 406 1 516 1 724 1 902 1 1024 1024
62 1 235 1 407 1 578 1 743 1 919 1 1024 1024
38 1 236 1 399 1 519 1 744 1 920 1 1024 1024
63 1 237 1 359 1 579 1 745 1 921 1 1024 1024
64 1 238 1 408 1 580 1 746 1 901 1 1024 1024
65 1 239 1 409 1 581 1 747 1 875 1 1024 1024
41 1 240 1 410 1 582 1 707 1 922 1 1024 1024
66 1 232 1 411 1 526 1 723 1 923 1 1024 1024
67 1 241 1 412 1 583 1 733 1 924 1 1024 1024
20 1 242 1 413 1 554 1 748 1 925 1 1024 1024
68 1 243 1 408 1 584 1 737 1 926 1 1024 1024
69 1 218 1 414 1 585 1 715 1 920 1 1024 1024
70 1 244 1 394 1 586 1 749 1 927 1 1024 1024
71 1 245 1 415 1 524 1 750 1 886 1 1024 1024
72 1 246 1 416 1 587 1 751 1 928 1 1024 1024
73 1 247 1 350 1 556 1 648 1 929 1 1024 1024
61 1 210 1 417 1 588 1 705 1 930 1 1024 1024
74 1 248 1 418 1 589 1 697 1 931 1 1024 1024
21 1 249 1 417 1 590 1 752 1 874 1 1024 1024
19 1 250 1 419 1 490 1 753 1 932 1 1024 1024
75 1 251 1 420 1 591 1 754 1 922 1 1024 1024
76 1 252 1 411 1 554 1 755 1 907 1 1024 1024
11 1 253 1 421 1 592 1 754 1 933 1 1024 1024
77 1 254 1 386 1 593 1 756 1 924 1 1024 1024
31 1 255 1 422 1 594 1 735 1 934 1 1024 1024
17 1 256 1 423 1 595 1 757 1 853 1 1024 1024
78 1 245 1 408 1 596 1 758 1 935 1 1024 1024
79 1 190 1 424 1 597 1 759 1 936 1 1024 1024
80 1 198 1 425 1 543 1 746 1 937 1 1024 1024
81 1 248 1 426 1 598 1 722 1 858 1 1024 1024
82 1 257 1 382 1 599 1 760 1 938 1 1024 1024
20 1 258 1 391 1 600 1 731 1 939 1 1024 1024
76 1 259 1 407 1 601 1 761 1 935 1 1024 1024
55 1 260 1 362 1 602 1 762 1 940 1 1024 1024
83 1 261 1 427 1 542 1 763 1 882 1 1024 1024
84 1 262 1 428 1 527 1 667 1 880 1 1024 1024
85 1 226 1 428 1 603 1 764 1 941 1 1024 1024
86 1 263 1 429 1 586 1 759 1 942 1 1024 1024
87 1 238 1 430 1 578 1 762 1 858 1 1024 1024
88 1 264 1 431 1 604 1 765 1 857 1 1024 1024
88 1 223 1 432 1 605 1 766 1 943 1 1024 1024
89 1 234 1 398 1 606 1 767 1 944 1 1024 1024
90 1 265 1 432 1 607 1 768 1 945 1 1024 1024
91 1 247 1 433 1 535 1 769 1 850 1 1024 1024
92 1 249 1 434 1 572 1 770 1 863 1 1024 1024
39 1 266 1 435 1 540 1 771 1 946 1 1024 1024
86 1 184 1 399 1 515 1 772 1 898 1 1024 1024
93 1 215 1 435 1 608 1 773 1 860 1 1024 1024
46 1 213 1 351 1 609 1 747 1 947 1 1024 1024
94 1 184 1 436 1 610 1 774 1 896 1 1024 1024
95 1 203 1 437 1 611 1 775 1 929 1 1024 1024
91 1 267 1 383 1 612 1 736 1 948 1 1024 1024
50 1 268 1 438 1 613 1 710 1 949 1 1024 1024
96 1 219 1 365 1 614 1 776 1 950 1 1024 1024
79 1 220 1 439 1 615 1 688 1 951 1 1024 1024
96 1 256 1 440 1 616 1 777 1 952 1 1024 1024
21 1 269 1 425 1 617 1 701 1 864 1 1024 1024
97 1 171 1 441 1 618 1 778 1 953 1 1024 1024
98 1 270 1 442 1 619 1 779 1 954 1 1024 1024
99 1 267 1 336 1 615 1 695 1 882 1 1024 1024
71 1 271 1 439 1 602 1 729 1 921 1 1024 1024
15 1 272 1 443 1 530 1 780 1 903 1 1024 1024
100 1 197 1 444 1 546 1 781 1 955 1 1024 1024
101 1 238 1 404 1 620 1 782 1 956 1 1024 1024
102 1 273 1 371 1 550 1 710 1 916 1 1024 1024
68 1 188 1 445 1 621 1 783 1 957 1 1024 1024
103 1 266 1 446 1 603 1 784 1 958 1 1024 1024
104 1 197 1 447 1 622 1 717 1 860 1 1024 1024
105 1 274 1 440 1 589 1 785 1 959 1 1024 1024
0 1 275 1 448 1 623 1 748 1 911 1 1024 1024
106 1 213 1 449 1 624 1 704 1 889 1 1024 1024
107 1 276 1 450 1 573 1 758 1 960 1 1024 1024
108 1 268 1 343 1 517 1 786 1 908 1 1024 1024
109 1 271 1 451 1 625 1 730 1 927 1 1024 1024
110 1 199 1 452 1 620 1 771 1 857 1 1024 1024
111 1 277 1 423 1 563 1 732 1 953 1 1024 1024
112 1 251 1 453 1 626 1 743 1 957 1 1024 1024
113 1 180 1 454 1 627 1 787 1 961 1 1024 1024
114 1 278 1 455 1 628 1 788 1 962 1 1024 1024
57 1 279 1 412 1 522 1 721 1 872 1 1024 1024
115 1 280 1 456 1 618 1 734 1 949 1 1024 1024
81 1 281 1 448 1 484 1 789 1 893 1 1024 1024
52 1 282 1 457 1 622 1 751 1 963 1 1024 1024
40 1 191 1 458 1 629 1 790 1 942 1 1024 1024
116 1 263 1 344 1 630 1 791 1 964 1 1024 1024
117 1 283 1 389 1 631 1 792 1 888 1 1024 1024
110 1 220 1 422 1 632 1 793 1 965 1 1024 1024
49 1 284 1 354 1 588 1 794 1 893 1 1024 1024
31 1 285 1 357 1 542 1 795 1 864 1 1024 1024
118 1 261 1 459 1 633 1 665 1 965 1 1024 1024
58 1 286 1 374 1 634 1 767 1 966 1 1024 1024
37 1 246 1 364 1 635 1 743 1 867 1 1024 1024
119 1 258 1 460 1 636 1 796 1 967 1 1024 1024
120 1 279 1 461 1 518 1 797 1 968 1 1024 1024
99 1 253 1 462 1 579 1 798 1 968 1 1024 1024
77 1 236 1 463 1 614 1 695 1 969 1 1024 1024
94 1 287 1 464 1 601 1 768 1 859 1 1024 1024
24 1 288 1 465 1 623 1 795 1 970 1 1024 1024
83 1 289 1 466 1 637 1 769 1 971 1 1024 1024
121 1 290 1 395 1 638 1 782 1 972 1 1024 1024
2 1 291 1 416 1 506 1 799 1 973 1 1024 1024
69 1 262 1 467 1 566 1 800 1 974 1 1024 1024
122 1 196 1 468 1 639 1 756 1 930 1 1024 1024
123 1 225 1 420 1 610 1 733 1 975 1 1024 1024
5 1 273 1 428 1 640 1 801 1 963 1 1024 1024
62 1 292 1 469 1 572 1 790 1 969 1 1024 1024
124 1 293 1 395 1 536 1 707 1 943 1 1024 1024
125 1 205 1 459 1 532 1 802 1 976 1 1024 1024
95 1 206 1 470 1 641 1 803 1 880 1 1024 1024
93 1 276 1 471 1 642 1 794 1 971 1 1024 1024
126 1 294 1 470 1 619 1 644 1 919 1 1024 1024
61 1 295 1 392 1 575 1 804 1 915 1 1024 1024
91 1 296 1 388 1 570 1 764 1 977 1 1024 1024
93 1 297 1 422 1 643 1 805 1 881 1 1024 1024
23 1 298 1 472 1 644 1 806 1 933 1 1024 1024
102 1 233 1 445 1 645 1 804 1 978 1 1024 1024
41 1 203 1 352 1 646 1 807 1 967 1 1024 1024
24 1 229 1 444 1 647 1 744 1 979 1 1024 1024
127 1 299 1 450 1 638 1 808 1 940 1 1024 1024
70 1 292 1 369 1 633 1 739 1 980 1 1024 1024
128 1 182 1 473 1 522 1 725 1 895 1 1024 1024
129 1 235 1 396 1 631 1 742 1 960 1 1024 1024
130 1 300 1 430 1 648 1 805 1 913 1 1024 1024
94 1 283 1 350 1 617 1 809 1 968 1 1024 1024
73 1 260 1 460 1 583 1 810 1 981 1 1024 1024
7 1 194 1 474 1 617 1 776 1 982 1 1024 1024
33 1 301 1 419 1 624 1 702 1 983 1 1024 1024
22 1 302 1 475 1 560 1 799 1 966 1 1024 1024
18 1 293 1 476 1 649 1 811 1 885 1 1024 1024
131 1 183 1 464 1 650 1 808 1 984 1 1024 1024
78 1 257 1 432 1 651 1 812 1 897 1 1024 1024
97 1 303 1 380 1 591 1 813 1 939 1 1024 1024
51 1 294 1 477 1 652 1 690 1 978 1 1024 1024
56 1 284 1 478 1 653 1 811 1 873 1 1024 1024
132 1 218 1 390 1 654 1 714 1 900 1 1024 1024
117 1 210 1 410 1 655 1 814 1 963 1 1024 1024
101 1 304 1 366 1 548 1 815 1 971 1 1024 1024
57 1 207 1 364 1 656 1 816 1 985 1 1024 1024
133 1 305 1 466 1 576 1 726 1 902 1 1024 1024
90 1 202 1 479 1 657 1 807 1 927 1 1024 1024
134 1 306 1 436 1 658 1 817 1 866 1 1024 1024
135 1 307 1 480 1 625 1 818 1 896 1 1024 1024
101 1 287 1 368 1 575 1 806 1 906 1 1024 1024
136 1 231 1 403 1 639 1 709 1 947 1 1024 1024
137 1 233 1 481 1 630 1 787 1 861 1 1024 1024
22 1 275 1 482 1 649 1 819 1 923 1 1024 1024
138 1 290 1 460 1 659 1 720 1 959 1 1024 1024
139 1 241 1 480 1 623 1 668 1 946 1 1024 1024
139 1 300 1 457 1 660 1 820 1 964 1 1024 1024
109 1 250 1 483 1 594 1 821 1 895 1 1024 1024
8 1 308 1 475 1 547 1 700 1 910 1 1024 1024
113 1 309 1 349 1 661 1 822 1 986 1 1024 1024
45 1 272 1 433 1 662 1 823 1 987 1 1024 1024
140 1 277 1 484 1 571 1 802 1 876 1 1024 1024
35 1 299 1 458 1 521 1 824 1 974 1 1024 1024
141 1 310 1 329 1 534 1 678 1 973 1 1024 1024
142 1 311 1 485 1 624 1 825 1 924 1 1024 1024
119 1 307 1 396 1 634 1 718 1 900 1 1024 1024
98 1 312 1 378 1 544 1 776 1 988 1 1024 1024
143 1 313 1 478 1 597 1 728 1 989 1 1024 1024
124 1 181 1 447 1 584 1 774 1 899 1 1024 1024
43 1 274 1 486 1 663 1 700 1 990 1 1024 1024
144 1 269 1 404 1 608 1 821 1 905 1 1024 1024
143 1 265 1 441 1 637 1 750 1 991 1 1024 1024
138 1 243 1 487 1 664 1 703 1 928 1 1024 1024
145 1 249 1 488 1 657 1 738 1 989 1 1024 1024
146 1 314 1 471 1 532 1 800 1 862 1 1024 1024
67 1 209 1 418 1 590 1 826 1 869 1 1024 1024
7 1 315 1 345 1 665 1 827 1 959 1 1024 1024
98 1 242 1 441 1 530 1 741 1 915 1 1024 1024
81 1 270 1 351 1 621 1 828 1 941 1 1024 1024
147 1 241 1 489 1 644 1 769 1 992 1 1024 1024
44 1 288 1 473 1 514 1 738 1 993 1 1024 1024
35 1 221 1 357 1 517 1 785 1 994 1 1024 1024
26 1 211 1 490 1 633 1 798 1 967 1 1024 1024
103 1 295 1 381 1 666 1 681 1 995 1 1024 1024
148 1 289 1 394 1 551 1 829 1 870 1 1024 1024
149 1 316 1 398 1 611 1 750 1 996 1 1024 1024
120 1 317 1 491 1 640 1 830 1 934 1 1024 1024
133 1 189 1 385 1 579 1 784 1 901 1 1024 1024
150 1 271 1 407 1 622 1 786 1 883 1 1024 1024
37 1 318 1 463 1 580 1 831 1 997 1 1024 1024
64 1 195 1 492 1 627 1 832 1 887 1 1024 1024
151 1 312 1 427 1 590 1 737 1 998 1 1024 1024
152 1 319 1 402 1 632 1 772 1 948 1 1024 1024
153 1 320 1 415 1 507 1 817 1 922 1 1024 1024
141 1 224 1 384 1 608 1 760 1 999 1 1024 1024
136 1 260 1 377 1 514 1 812 1 870 1 1024 1024
125 1 318 1 493 1 589 1 723 1 940 1 1024 1024
144 1 185 1 444 1 606 1 828 1 914 1 1024 1024
56 1 321 1 427 1 558 1 833 1 1000 1 1024 1024
59 1 322 1 451 1 642 1 809 1 910 1 1024 1024
135 1 240 1 446 1 609 1 724 1 1001 1 1024 1024
43 1 323 1 443 1 599 1 792 1 856 1 1024 1024
70 1 230 1 448 1 667 1 773 1 869 1 1024 1024
79 1 315 1 494 1 551 1 757 1 930 1 1024 1024
105 1 229 1 495 1 642 1 699 1 943 1 1024 1024
154 1 324 1 393 1 668 1 720 1 991 1 1024 1024
137 1 317 1 397 1 564 1 834 1 977 1 1024 1024
64 1 325 1 401 1 665 1 741 1 1002 1 1024 1024
148 1 251 1 389 1 669 1 799 1 995 1 1024 1024
155 1 178 1 345 1 577 1 797 1 979 1 1024 1024
137 1 278 1 442 1 538 1 835 1 888 1 1024 1024
72 1 303 1 452 1 533 1 753 1 993 1 1024 1024
156 1 172 1 391 1 535 1 836 1 935 1 1024 1024
132 1 281 1 425 1 605 1 787 1 906 1 1024 1024
53 1 298 1 445 1 610 1 833 1 856 1 1024 1024
133 1 263 1 488 1 593 1 837 1 938 1 1024 1024
129 1 270 1 462 1 663 1 795 1 999 1 1024 1024
157 1 326 1 431 1 537 1 832 1 871 1 1024 1024
85 1 327 1 496 1 645 1 816 1 873 1 1024 1024
116 1 240 1 472 1 607 1 773 1 951 1 1024 1024
60 1 257 1 426 1 625 1 775 1 998 1 1024 1024
156 1 181 1 497 1 630 1 838 1 958 1 1024 1024
29 1 328 1 367 1 614 1 820 1 1001 1 1024 1024
58 1 312 1 471 1 529 1 839 1 972 1 1024 1024
158 1 301 1 375 1 588 1 783 1 942 1 1024 1024
15 1 329 1 465 1 521 1 728 1 894 1 1024 1024
159 1 320 1 498 1 620 1 778 1 944 1 1024 1024
48 1 300 1 392 1 615 1 803 1 975 1 1024 1024
6 1 215 1 346 1 565 1 692 1 718 1 1024 1024
153 1 205 1 356 1 656 1 688 1 973 1 1024 1024
3 1 330 1 437 1 573 1 840 1 932 1 1024 1024
120 1 206 1 367 1 612 1 833 1 936 1 1024 1024
128 1 187 1 464 1 581 1 841 1 961 1 1024 1024
123 1 302 1 499 1 647 1 753 1 961 1 1024 1024
102 1 239 1 500 1 638 1 826 1 938 1 1024 1024
129 1 331 1 496 1 629 1 699 1 913 1 1024 1024
28 1 199 1 409 1 670 1 829 1 919 1 1024 1024
44 1 328 1 375 1 671 1 842 1 1002 1 1024 1024
14 1 175 1 479 1 606 1 830 1 950 1 1024 1024
110 1 186 1 501 1 570 1 810 1 945 1 1024 1024
89 1 217 1 490 1 596 1 734 1 861 1 1024 1024
100 1 305 1 343 1 640 1 731 1 1003 1 1024 1024
160 1 316 1 430 1 576 1 673 1 979 1 1024 1024
161 1 254 1 371 1 672 1 803 1 982 1 1024 1024
77 1 332 1 450 1 600 1 749 1 986 1 1024 1024
48 1 321 1 475 1 571 1 713 1 1004 1 1024 1024
25 1 333 1 433 1 621 1 817 1 1005 1 1024 1024
158 1 334 1 361 1 598 1 843 1 1006 1 1024 1024
107 1 320 1 347 1 654 1 716 1 983 1 1024 1024
47 1 323 1 481 1 673 1 740 1 931 1 1024 1024
49 1 332 1 502 1 587 1 727 1 1007 1 1024 1024
29 1 171 1 503 1 578 1 765 1 912 1 1024 1024
162 1 221 1 388 1 516 1 791 1 1008 1 1024 1024
118 1 335 1 412 1 674 1 788 1 937 1 1024 1024
63 1 335 1 434 1 564 1 767 1 957 1 1024 1024
40 1 305 1 498 1 520 1 819 1 985 1 1024 1024
158 1 227 1 378 1 592 1 844 1 1004 1 1024 1024
87 1 286 1 477 1 528 1 781 1 946 1 1024 1024
147 1 274 1 354 1 675 1 845 1 878 1 1024 1024
13 1 314 1 397 1 676 1 766 1 981 1 1024 1024
97 1 299 1 405 1 662 1 755 1 852 1 1024 1024
114 1 201 1 495 1 592 1 824 1 936 1 1024 1024
38 1 295 1 473 1 643 1 802 1 1009 1 1024 1024
159 1 259 1 440 1 550 1 818 1 987 1 1024 1024
34 1 228 1 504 1 664 1 800 1 912 1 1024 1024
60 1 297 1 379 1 559 1 846 1 1008 1 1024 1024
99 1 276 1 456 1 583 1 842 1 892 1 1024 1024
163 1 202 1 387 1 511 1 777 1 948 1 1024 1024
80 1 308 1 446 1 595 1 662 1 1010 1 1024 1024
164 1 216 1 356 1 677 1 781 1 909 1 1024 1024
106 1 336 1 505 1 678 1 712 1 897 1 1024 1024
141 1 282 1 494 1 675 1 770 1 983 1 1024 1024
75 1 211 1 476 1 639 1 830 1 1007 1 1024 1024
155 1 318 1 449 1 605 1 763 1 925 1 1024 1024
66 1 322 1 491 1 596 1 847 1 999 1 1024 1024
42 1 321 1 458 1 679 1 744 1 855 1 1024 1024
121 1 297 1 492 1 641 1 761 1 1001 1 1024 1024
54 1 280 1 506 1 543 1 826 1 1011 1 1024 1024
165 1 334 1 486 1 539 1 848 1 885 1 1024 1024
161 1 302 1 424 1 635 1 651 1 1003 1 1024 1024
74 1 194 1 499 1 513 1 729 1 933 1 1024 1024
124 1 337 1 442 1 650 1 821 1 887 1 1024 1024
96 1 331 1 401 1 668 1 843 1 859 1 1024 1024
142 1 239 1 507 1 569 1 694 1 1002 1 1024 1024
51 1 177 1 451 1 558 1 770 1 952 1 1024 1024
47 1 269 1 348 1 652 1 849 1 987 1 1024 1024
73 1 338 1 484 1 555 1 777 1 1012 1 1024 1024
3 1 264 1 380 1 555 1 735 1 980 1 1024 1024
166 1 245 1 508 1 666 1 780 1 867 1 1024 1024
122 1 222 1 434 1 505 1 822 1 903 1 1024 1024
144 1 339 1 423 1 593 1 850 1 890 1 1024 1024
167 1 212 1 373 1 556 1 808 1 1013 1 1024 1024
150 1 174 1 500 1 612 1 848 1 1014 1 1024 1024
126 1 189 1 454 1 569 1 813 1 868 1 1024 1024
164 1 317 1 436 1 531 1 844 1 1015 1 1024 1024
78 1 328 1 489 1 557 1 732 1 985 1 1024 1024
59 1 193 1 497 1 680 1 782 1 877 1 1024 1024
139 1 306 1 387 1 600 1 849 1 995 1 1024 1024
149 1 253 1 409 1 651 1 839 1 905 1 1024 1024
168 1 304 1 493 1 653 1 774 1 1014 1 1024 1024
154 1 254 1 509 1 526 1 779 1 921 1 1024 1024
4 1 324 1 510 1 670 1 714 1 962 1 1024 1024
148 1 301 1 509 1 674 1 823 1 997 1 1024 1024
142 1 265 1 346 1 629 1 745 1 934 1 1024 1024
140 1 255 1 495 1 587 1 764 1 984 1 1024 1024
9 1 170 1 342 1 661 1 760 1 874 1 1024 1024
152 1 244 1 461 1 582 1 828 1 991 1 1024 1024
14 1 330 1 424 1 681 1 836 1 855 1 1024 1024
92 1 331 1 452 1 613 1 846 1 1010 1 1024 1024
8 1 262 1 456 1 601 1 706 1 1016 1 1024 1024
151 1 176 1 355 1 582 1 836 1 923 1 1024 1024
100 1 209 1 437 1 682 1 687 1 956 1 1024 1024
118 1 214 1 413 1 681 1 751 1 1005 1 1024 1024
54 1 311 1 429 1 510 1 754 1 909 1 1024 1024
85 1 234 1 469 1 544 1 684 1 889 1 1024 1024
83 1 252 1 363 1 627 1 792 1 1012 1 1024 1024
127 1 282 1 359 1 547 1 796 1 1008 1 1024 1024
107 1 200 1 481 1 626 1 768 1 976 1 1024 1024
16 1 174 1 406 1 683 1 831 1 918 1 1024 1024
63 1 176 1 511 1 598 1 829 1 984 1 1024 1024
130 1 252 1 340 1 684 1 752 1 945 1 1024 1024
13 1 340 1 421 1 609 1 715 1 1015 1 1024 1024
135 1 303 1 508 1 567 1 712 1 1000 1 1024 1024
45 1 313 1 347 1 647 1 727 1 881 1 1024 1024
134 1 256 1 414 1 628 1 819 1 976 1 1024 1024
119 1 226 1 400 1 574 1 837 1 1004 1 1024 1024
65 1 185 1 482 1 631 1 785 1 891 1 1024 1024
114 1 307 1 360 1 667 1 851 1 990 1 1024 1024
163 1 308 1 493 1 677 1 840 1 970 1 1024 1024
167 1 335 1 512 1 597 1 765 1 1017 1 1024 1024
168 1 208 1 457 1 591 1 790 1 998 1 1024 1024
34 1 337 1 377 1 684 1 798 1 1017 1 1024 1024
82 1 236 1 482 1 549 1 834 1 1018 1 1024 1024
4 1 231 1 462 1 658 1 804 1 992 1 1024 1024
122 1 232 1 474 1 683 1 739 1 1011 1 1024 1024
157 1 288 1 513 1 682 1 822 1 875 1 1024 1024
2 1 341 1 455 1 545 1 813 1 988 1 1024 1024
0 1 212 1 421 1 641 1 845 1 997 1 1024 1024
161 1 285 1 414 1 661 1 810 1 958 1 1024 1024
157 1 204 1 340 1 539 1 835 1 952 1 1024 1024
151 1 323 1 439 1 581 1 852 1 1007 1 1024 1024
86 1 255 1 411 1 654 1 689 1 929 1 1024 1024
84 1 334 1 341 1 584 1 793 1 992 1 1024 1024
19 1 342 1 511 1 561 1 740 1 1019 1 1024 1024
17 1 227 1 505 1 536 1 725 1 994 1 1024 1024
115 1 309 1 487 1 538 1 853 1 925 1 1024 1024
117 1 280 1 426 1 680 1 850 1 965 1 1024 1024
134 1 246 1 373 1 682 1 745 1 907 1 1024 1024
88 1 237 1 381 1 541 1 706 1 947 1 1024 1024
167 1 311 1 360 1 557 1 838 1 1020 1 1024 1024
169 1 341 1 512 1 636 1 786 1 931 1 1024 1024
132 1 243 1 466 1 552 1 824 1 975 1 1024 1024
10 1 277 1 406 1 660 1 701 1 865 1 1024 1024
112 1 336 1 390 1 603 1 843 1 956 1 1024 1024
168 1 343 1 443 1 643 1 766 1 1006 1 1024 1024
143 1 217 1 368 1 677 1 756 1 917 1 1024 1024
92 1 298 1 353 1 656 1 755 1 1017 1 1024 1024
27 1 327 1 483 1 585 1 763 1 990 1 1024 1024
90 1 333 1 384 1 545 1 827 1 1018 1 1024 1024
106 1 195 1 369 1 529 1 778 1 872 1 1024 1024
112 1 279 1 447 1 657 1 853 1 974 1 1024 1024
146 1 235 1 499 1 685 1 784 1 949 1 1024 1024
1 1 338 1 486 1 686 1 834 1 916 1 1024 1024
80 1 294 1 402 1 520 1 815 1 928 1 1024 1024
103 1 248 1 502 1 637 1 835 1 955 1 1024 1024
53 1 310 1 418 1 585 1 794 1 1009 1 1024 1024
145 1 291 1 403 1 616 1 676 1 1013 1 1024 1024
36 1 275 1 504 1 565 1 746 1 883 1 1024 1024
111 1 223 1 370 1 645 1 762 1 954 1 1024 1024
162 1 304 1 510 1 541 1 823 1 1018 1 1024 1024
163 1 200 1 469 1 604 1 854 1 926 1 1024 1024
121 1 175 1 467 1 567 1 783 1 970 1 1024 1024
26 1 333 1 513 1 548 1 761 1 898 1 1024 1024
162 1 177 1 476 1 687 1 772 1 1021 1 1024 1024
95 1 292 1 501 1 663 1 708 1 871 1 1024 1024
10 1 326 1 468 1 659 1 801 1 1000 1 1024 1024
169 1 179 1 393 1 650 1 844 1 892 1 1024 1024
52 1 230 1 454 1 562 1 711 1 1022 1 1024 1024
128 1 198 1 438 1 679 1 749 1 996 1 1024 1024
65 1 306 1 352 1 552 1 838 1 954 1 1024 1024
123 1 237 1 497 1 553 1 827 1 969 1 1024 1024
108 1 222 1 502 1 648 1 748 1 868 1 1024 1024
138 1 339 1 478 1 528 1 692 1 879 1 1024 1024
116 1 342 1 468 1 580 1 809 1 955 1 1024 1024
156 1 319 1 496 1 618 1 726 1 966 1 1024 1024
76 1 191 1 455 1 680 1 840 1 978 1 1024 1024
5 1 293 1 489 1 669 1 752 1 914 1 1024 1024
25 1 187 1 480 1 646 1 759 1 953 1 1024 1024
155 1 286 1 514 1 525 1 716 1 951 1 1024 1024
131 1 188 1 435 1 560 1 801 1 920 1 1024 1024
39 1 259 1 479 1 671 1 747 1 937 1 1024 1024
55 1 344 1 453 1 649 1 702 1 1023 1 1024 1024
104 1 284 1 379 1 628 1 847 1 1016 1 1024 1024
140 1 329 1 477 1 674 1 846 1 926 1 1024 1024
126 1 219 1 459 1 686 1 791 1 917 1 1024 1024
165 1 180 1 491 1 670 1 796 1 989 1 1024 1024
68 1 332 1 501 1 525 1 818 1 1014 1 1024 1024
130 1 330 1 485 1 563 1 717 1 862 1 1024 1024
108 1 228 1 483 1 646 1 806 1 1015 1 1024 1024
11 1 310 1 498 1 659 1 775 1 977 1 1024 1024
69 1 264 1 376 1 619 1 837 1 1019 1 1024 1024
153 1 258 1 417 1 594 1 788 1 1021 1 1024 1024
30 1 193 1 507 1 595 1 812 1 863 1 1024 1024
111 1 296 1 438 1 492 1 797 1 962 1 1024 1024
154 1 268 1 400 1 537 1 757 1 944 1 1024 1024
146 1 247 1 508 1 546 1 709 1 986 1 1024 1024
160 1 242 1 500 1 669 1 696 1 993 1 1024 1024
115 1 225 1 372 1 686 1 736 1 972 1 1024 1024
12 1 324 1 363 1 635 1 691 1 1022 1 1024 1024
105 1 224 1 413 1 566 1 841 1 1010 1 1024 1024
67 1 172 1 515 1 685 1 831 1 1023 1 1024 1024
74 1 325 1 405 1 549 1 814 1 1020 1 1024 1024
164 1 281 1 494 1 685 1 805 1 1021 1 1024 1024
33 1 273 1 504 1 632 1 855 1 1022 1 1024 1024
150 1 313 1 449 1 574 1 842 1 982 1 1024 1024
87 1 278 1 383 1 586 1 845 1 1020 1 1024 1024
170 1 337 1 415 1 687 1 851 1 1009 1 1024 1024
16 1 325 1 453 1 658 1 771 1 890 1 1024 1024
62 1 182 1 487 1 607 1 847 1 1013 1 1024 1024
169 1 283 1 470 1 676 1 816 1 1005 1 1024 1024
113 1 201 1 503 1 655 1 730 1 1023 1 1024 1024
66 1 272 1 467 1 568 1 820 1 996 1 1024 1024
145 1 296 1 419 1 652 1 814 1 886 1 1024 1024
160 1 285 1 472 1 653 1 832 1 950 1 1024 1024
136 1 322 1 410 1 613 1 825 1 988 1 1024 1024
50 1 173 1 420 1 671 1 780 1 911 1 1024 1024
89 1 314 1 429 1 678 1 848 1 1016 1 1024 1024
72 1 267 1 509 1 577 1 851 1 884 1 1024 1024
84 1 207 1 485 1 602 1 689 1 849 1 1024 1024
152 1 287 1 431 1 675 1 742 1 1003 1 1024 1024
75 1 186 1 339 1 679 1 789 1 1011 1 1024 1024
170 1 289 1 465 1 616 1 683 1 939 1 1024 1024
127 1 250 1 461 1 540 1 854 1 1006 1 1024 1024
82 1 319 1 512 1 660 1 779 1 932 1 1024 1024
165 1 266 1 366 1 673 1 705 1 1012 1 1024 1024
30 1 183 1 463 1 611 1 793 1 894 1 1024 1024
147 1 309 1 374 1 519 1 852 1 941 1 1024 1024
71 1 214 1 349 1 604 1 789 1 891 1 1024 1024
6 1 326 1 416 1 599 1 807 1 877 1 1024 1024
36 1 290 1 361 1 524 1 825 1 964 1 1024 1024
149 1 261 1 362 1 531 1 693 1 918 1 1024 1024
159 1 244 1 372 1 666 1 811 1 981 1 1024 1024
166 1 327 1 386 1 655 1 839 1 1019 1 1024 1024
131 1 315 1 488 1 568 1 815 1 904 1 1024 1024
125 1 204 1 503 1 634 1 694 1 908 1 1024 1024
23 1 208 1 506 1 672 1 758 1 994 1 1024 1024
104 1 316 1 474 1 688 1 690 1 960 1 1024 1024
109 1 338 1 385 1 626 1 693 1 879 1 1024 1024
166 1 291 1 515 1 559 1 841 1 980 1 1024 1024
